scorer,DLC_resnet_50_prj_CATFeb1shuffle1_1030000,DLC_resnet_50_prj_CATFeb1shuffle1_1030000,DLC_resnet_50_prj_CATFeb1shuffle1_1030000,DLC_resnet_50_prj_CATFeb1shuffle1_1030000,DLC_resnet_50_prj_CATFeb1shuffle1_1030000,DLC_resnet_50_prj_CATFeb1shuffle1_1030000,DLC_resnet_50_prj_CATFeb1shuffle1_1030000,DLC_resnet_50_prj_CATFeb1shuffle1_1030000,DLC_resnet_50_prj_CATFeb1shuffle1_1030000,DLC_resnet_50_prj_CATFeb1shuffle1_1030000,DLC_resnet_50_prj_CATFeb1shuffle1_1030000,DLC_resnet_50_prj_CATFeb1shuffle1_1030000,DLC_resnet_50_prj_CATFeb1shuffle1_1030000,DLC_resnet_50_prj_CATFeb1shuffle1_1030000,DLC_resnet_50_prj_CATFeb1shuffle1_1030000,DLC_resnet_50_prj_CATFeb1shuffle1_1030000,DLC_resnet_50_prj_CATFeb1shuffle1_1030000,DLC_resnet_50_prj_CATFeb1shuffle1_1030000,DLC_resnet_50_prj_CATFeb1shuffle1_1030000,DLC_resnet_50_prj_CATFeb1shuffle1_1030000,DLC_resnet_50_prj_CATFeb1shuffle1_1030000,DLC_resnet_50_prj_CATFeb1shuffle1_1030000,DLC_resnet_50_prj_CATFeb1shuffle1_1030000,DLC_resnet_50_prj_CATFeb1shuffle1_1030000,DLC_resnet_50_prj_CATFeb1shuffle1_1030000,DLC_resnet_50_prj_CATFeb1shuffle1_1030000,DLC_resnet_50_prj_CATFeb1shuffle1_1030000,DLC_resnet_50_prj_CATFeb1shuffle1_1030000,DLC_resnet_50_prj_CATFeb1shuffle1_1030000,DLC_resnet_50_prj_CATFeb1shuffle1_1030000,DLC_resnet_50_prj_CATFeb1shuffle1_1030000,DLC_resnet_50_prj_CATFeb1shuffle1_1030000,DLC_resnet_50_prj_CATFeb1shuffle1_1030000,DLC_resnet_50_prj_CATFeb1shuffle1_1030000,DLC_resnet_50_prj_CATFeb1shuffle1_1030000,DLC_resnet_50_prj_CATFeb1shuffle1_1030000,DLC_resnet_50_prj_CATFeb1shuffle1_1030000,DLC_resnet_50_prj_CATFeb1shuffle1_1030000,DLC_resnet_50_prj_CATFeb1shuffle1_1030000,DLC_resnet_50_prj_CATFeb1shuffle1_1030000,DLC_resnet_50_prj_CATFeb1shuffle1_1030000,DLC_resnet_50_prj_CATFeb1shuffle1_1030000,DLC_resnet_50_prj_CATFeb1shuffle1_1030000,DLC_resnet_50_prj_CATFeb1shuffle1_1030000,DLC_resnet_50_prj_CATFeb1shuffle1_1030000
bodyparts,nose,nose,nose,front_head_bone,front_head_bone,front_head_bone,angle_of_mouth,angle_of_mouth,angle_of_mouth,mandible_symphysis_body,mandible_symphysis_body,mandible_symphysis_body,thoracic_vertebrae,thoracic_vertebrae,thoracic_vertebrae,right_point_of_elbow,right_point_of_elbow,right_point_of_elbow,left_point_of_elbow,left_point_of_elbow,left_point_of_elbow,right_carpus,right_carpus,right_carpus,left_carpus,left_carpus,left_carpus,right_patella,right_patella,right_patella,left_patella,left_patella,left_patella,right_calcaneus,right_calcaneus,right_calcaneus,left_calcaneus,left_calcaneus,left_calcaneus,lumbosacral_junction,lumbosacral_junction,lumbosacral_junction,end_tail,end_tail,end_tail
coords,x,y,likelihood,x,y,likelihood,x,y,likelihood,x,y,likelihood,x,y,likelihood,x,y,likelihood,x,y,likelihood,x,y,likelihood,x,y,likelihood,x,y,likelihood,x,y,likelihood,x,y,likelihood,x,y,likelihood,x,y,likelihood,x,y,likelihood
0,463.78759765625,899.1975708007812,0.010001838207244873,431.3680419921875,904.0173950195312,0.01136055588722229,439.3752136230469,920.6207275390625,0.014253467321395874,464.70904541015625,905.4427490234375,0.005572408437728882,462.130615234375,920.0230102539062,0.5490309596061707,445.703857421875,972.4465942382812,0.023703396320343018,445.1232604980469,964.2562866210938,0.7140287160873413,452.759521484375,1040.1282958984375,0.25540274381637573,452.9197692871094,1047.5797119140625,0.6833486557006836,522.0137939453125,1061.025390625,0.4601936638355255,504.4375,1050.978271484375,0.7122384905815125,505.47894287109375,1083.9129638671875,0.609855592250824,541.572021484375,1121.3055419921875,0.6752402782440186,542.0097045898438,952.2660522460938,0.5370622873306274,596.3986206054688,1202.9775390625,0.9918543100357056
1,464.0680847167969,899.7335205078125,0.007342040538787842,431.53472900390625,905.03466796875,0.010051369667053223,439.6898498535156,920.6014404296875,0.014191418886184692,445.99407958984375,919.8228149414062,0.0042857825756073,461.967041015625,919.728515625,0.5412530303001404,443.0086975097656,971.25732421875,0.021445482969284058,444.3002624511719,964.159912109375,0.7043825387954712,453.6826477050781,1040.54443359375,0.2620748281478882,452.892822265625,1047.796142578125,0.7244611382484436,522.2177734375,1061.0404052734375,0.466539591550827,504.4605407714844,1050.8131103515625,0.7392411828041077,505.3503112792969,1084.09619140625,0.5837156176567078,541.4705200195312,1121.1695556640625,0.6618654727935791,542.1239013671875,951.757568359375,0.5081655979156494,596.4577026367188,1203.0498046875,0.9920037984848022
2,443.3505859375,887.0870361328125,0.006467998027801514,430.3123474121094,903.572265625,0.008760631084442139,434.3021240234375,918.5515747070312,0.008411258459091187,446.6393737792969,917.8009033203125,0.004901111125946045,462.079345703125,914.0708618164062,0.46445783972740173,441.4712219238281,972.3975830078125,0.026271820068359375,442.0329284667969,964.3616333007812,0.6600958704948425,453.578857421875,1040.6304931640625,0.252183198928833,455.015625,1054.65869140625,0.6722930073738098,523.2678833007812,1067.247802734375,0.1584295928478241,502.0822448730469,1046.45654296875,0.7527592182159424,540.1021118164062,1123.7606201171875,0.491245299577713,542.3486328125,1129.0667724609375,0.5829401016235352,536.132568359375,952.20947265625,0.3997904062271118,599.3436889648438,1200.90966796875,0.9857251048088074
3,443.2731018066406,887.1742553710938,0.00622105598449707,430.461669921875,903.7290649414062,0.008662968873977661,434.36407470703125,918.380126953125,0.008240491151809692,446.7018737792969,917.839599609375,0.004903703927993774,461.7550964355469,914.124267578125,0.4691641628742218,441.6045227050781,972.1376953125,0.026237159967422485,442.2486877441406,963.9235229492188,0.6746428608894348,453.5146179199219,1040.609375,0.25178763270378113,455.0272216796875,1054.6513671875,0.6676232218742371,523.2506713867188,1067.3065185546875,0.15781354904174805,502.15557861328125,1046.5386962890625,0.7505872249603271,539.9266357421875,1123.8099365234375,0.49014535546302795,542.2114868164062,1129.1669921875,0.591776967048645,532.1443481445312,952.2924194335938,0.3997962772846222,599.2669677734375,1200.9921875,0.9860453605651855
4,440.3487548828125,885.8684692382812,0.008730083703994751,424.7595520019531,926.4111328125,0.007668167352676392,444.22967529296875,902.1614379882812,0.008104383945465088,445.6563720703125,917.8272094726562,0.0022448599338531494,460.5863037109375,910.478515625,0.48619139194488525,445.4824523925781,978.1751098632812,0.02069532871246338,440.9644775390625,965.19091796875,0.6979612708091736,451.0409851074219,1045.421630859375,0.3492389917373657,462.5849304199219,1058.0806884765625,0.8601548075675964,522.8619384765625,1054.1234130859375,0.06864666938781738,510.8910827636719,1056.444091796875,0.7719132304191589,540.0535888671875,1123.1627197265625,0.31846457719802856,541.1315307617188,1130.685791015625,0.5885971188545227,538.5579833984375,948.789306640625,0.3195264935493469,604.4356689453125,1198.0341796875,0.9904369115829468
5,440.4575500488281,885.6337890625,0.008347272872924805,428.1111145019531,903.6234130859375,0.008317917585372925,444.05145263671875,901.892578125,0.008193165063858032,445.6444091796875,917.8676147460938,0.002160876989364624,460.19976806640625,910.5728149414062,0.5170862674713135,442.3708190917969,976.6370849609375,0.020478010177612305,441.2851257324219,965.166015625,0.6755346059799194,451.59808349609375,1046.4005126953125,0.33097296953201294,463.05157470703125,1058.1407470703125,0.8725148439407349,522.6480102539062,1054.3272705078125,0.07257932424545288,510.8867492675781,1055.8580322265625,0.7537556886672974,540.0050048828125,1122.740478515625,0.4032108783721924,540.7291259765625,1130.0955810546875,0.5591863989830017,535.1692504882812,948.3602905273438,0.35072535276412964,604.2671508789062,1198.041748046875,0.9903092384338379
6,456.3443908691406,1056.378662109375,0.007139623165130615,425.4474792480469,927.9039916992188,0.005202800035476685,444.9299011230469,902.7666015625,0.004841357469558716,469.04827880859375,1017.2619018554688,0.0016848444938659668,461.4815979003906,910.7322387695312,0.39724019169807434,442.64129638671875,974.9838256835938,0.04079723358154297,440.8829345703125,965.0499877929688,0.6925746202468872,475.63726806640625,1061.3096923828125,0.31108564138412476,467.762451171875,1058.53515625,0.6822053790092468,528.2443237304688,1064.614013671875,0.15855944156646729,516.0145263671875,1055.986572265625,0.5953179001808167,539.75244140625,1123.9869384765625,0.3948734402656555,539.8431396484375,1125.8878173828125,0.6813151240348816,535.037353515625,952.619873046875,0.4368894100189209,607.7081909179688,1196.3258056640625,0.9914379119873047
7,456.33197021484375,1056.3865966796875,0.007193624973297119,425.43096923828125,927.9091796875,0.005281627178192139,444.9339904785156,902.7667236328125,0.004859209060668945,469.0428161621094,1017.2651977539062,0.00168532133102417,461.46685791015625,910.7322998046875,0.39758437871932983,442.6177978515625,975.0174560546875,0.040902912616729736,440.8746643066406,965.044677734375,0.6923633217811584,475.6402893066406,1061.30908203125,0.31077492237091064,467.76446533203125,1058.5333251953125,0.682469367980957,528.249755859375,1064.6180419921875,0.15860670804977417,516.0194091796875,1055.9854736328125,0.5953267812728882,539.7689819335938,1123.9998779296875,0.3942062258720398,539.8463745117188,1125.8887939453125,0.6804177761077881,535.0369262695312,952.6177978515625,0.43661901354789734,607.69189453125,1196.458251953125,0.9913120269775391
8,447.968505859375,901.228759765625,0.006123095750808716,429.12310791015625,915.1267700195312,0.006794929504394531,442.9657897949219,904.9802856445312,0.009228318929672241,474.7553405761719,1007.8187866210938,0.0023508965969085693,460.48223876953125,909.112548828125,0.628105640411377,441.33819580078125,973.1126708984375,0.0550561249256134,441.3011169433594,964.7525634765625,0.7169530391693115,462.4494323730469,1045.9864501953125,0.146241694688797,461.12835693359375,1045.539794921875,0.6348882913589478,520.5576171875,1059.036865234375,0.040570735931396484,500.27484130859375,1030.8125,0.8069411516189575,511.2076721191406,1092.1170654296875,0.6343791484832764,536.4903564453125,1119.2421875,0.6805782914161682,533.977783203125,954.5767822265625,0.34219467639923096,610.9915771484375,1193.7520751953125,0.9871771335601807
9,447.90924072265625,901.1778564453125,0.0063779354095458984,429.03045654296875,915.1629028320312,0.0071318745613098145,442.9224853515625,905.0659790039062,0.009191393852233887,474.21258544921875,1000.5194091796875,0.00301516056060791,460.3415832519531,909.2884521484375,0.6343017220497131,441.530517578125,973.0352172851562,0.05340293049812317,441.4574279785156,964.63427734375,0.7243898510932922,462.122802734375,1045.3233642578125,0.18873319029808044,460.7713623046875,1045.3651123046875,0.6311566829681396,520.4921264648438,1059.025390625,0.04651126265525818,499.80206298828125,1030.625,0.8524723649024963,514.1766357421875,1094.0771484375,0.6902986764907837,536.59326171875,1119.1417236328125,0.6868484020233154,532.3680419921875,950.7548217773438,0.35465192794799805,610.9197998046875,1193.7698974609375,0.9879457950592041
10,447.5853271484375,900.0346069335938,0.005717664957046509,428.4447326660156,914.48876953125,0.011793851852416992,423.02886962890625,916.3974609375,0.008283615112304688,475.92205810546875,1001.3086547851562,0.0034014880657196045,457.7713928222656,904.5232543945312,0.48692741990089417,441.3353271484375,973.3843994140625,0.033971816301345825,438.634033203125,965.9628295898438,0.7777754664421082,461.3486328125,1054.2767333984375,0.2612878084182739,458.3924255371094,1057.06201171875,0.8444335460662842,519.8582153320312,1066.0693359375,0.03592187166213989,500.6723937988281,1042.7320556640625,0.7696810960769653,510.5619201660156,1094.350341796875,0.8297823667526245,535.2151489257812,1121.19677734375,0.39596080780029297,527.6296997070312,953.5004272460938,0.5656296014785767,614.4663696289062,1191.1317138671875,0.9889837503433228
11,447.53802490234375,900.2051391601562,0.0051462650299072266,428.6573791503906,913.685302734375,0.011227518320083618,422.8227844238281,916.9120483398438,0.009819746017456055,476.4067077636719,1000.9675903320312,0.0035508275032043457,457.88653564453125,904.7090454101562,0.5035422444343567,441.2826232910156,973.4819946289062,0.03710898756980896,438.376220703125,965.4444580078125,0.7704367637634277,461.7663269042969,1056.926025390625,0.22397419810295105,458.7643737792969,1057.1829833984375,0.8773330450057983,519.8931884765625,1066.1551513671875,0.03886723518371582,500.5149841308594,1043.32861328125,0.7869081497192383,510.8602294921875,1094.582763671875,0.8058446645736694,535.2191162109375,1121.1016845703125,0.4119192659854889,527.7260131835938,953.9249267578125,0.5636934638023376,614.4304809570312,1190.9188232421875,0.9869627356529236
12,446.2632141113281,898.9208984375,0.00402185320854187,427.93316650390625,912.8720703125,0.01124832034111023,420.70281982421875,918.8407592773438,0.0058508217334747314,448.44927978515625,904.9636840820312,0.0018021464347839355,455.73193359375,907.227294921875,0.6448867321014404,440.2596130371094,972.6634521484375,0.03849443793296814,437.7724914550781,965.3890991210938,0.7961350679397583,462.6696472167969,1053.425048828125,0.2781537175178528,459.07452392578125,1056.37841796875,0.8784937262535095,501.6286315917969,1063.564208984375,0.05312037467956543,498.02349853515625,1043.0576171875,0.9050060510635376,510.59039306640625,1094.28466796875,0.6888458728790283,512.63427734375,1094.794189453125,0.4987441599369049,521.50439453125,953.390625,0.509832501411438,615.455322265625,1185.729248046875,0.980522871017456
13,446.18536376953125,898.897216796875,0.0038820207118988037,428.14996337890625,913.099609375,0.011902451515197754,420.6953125,918.7030029296875,0.005939275026321411,448.45538330078125,905.0411987304688,0.0016387403011322021,455.7249755859375,907.0075073242188,0.6213206052780151,440.25225830078125,972.75244140625,0.040431469678878784,437.61968994140625,964.8881225585938,0.7753933668136597,462.910888671875,1053.5858154296875,0.30537712574005127,459.4933776855469,1056.302734375,0.8781869411468506,509.4927978515625,1045.236328125,0.052676260471343994,498.316162109375,1043.4320068359375,0.9075501561164856,510.6253967285156,1094.3682861328125,0.7037057280540466,512.8653564453125,1094.90673828125,0.49481499195098877,521.6629638671875,953.3034057617188,0.5233402848243713,615.4520263671875,1185.7689208984375,0.9804897308349609
14,443.4417419433594,887.20654296875,0.0048219263553619385,420.0674743652344,903.77685546875,0.013430923223495483,423.97808837890625,919.225830078125,0.006539732217788696,430.5595703125,919.5686645507812,0.0018033385276794434,455.71966552734375,906.9994506835938,0.6685425043106079,440.3348083496094,970.5103149414062,0.025642961263656616,438.5003356933594,963.2024536132812,0.8143430948257446,464.60546875,1055.529052734375,0.30762845277786255,458.78839111328125,1056.1153564453125,0.7362158894538879,492.0355529785156,1029.609130859375,0.13984227180480957,495.15570068359375,1028.25439453125,0.7020249366760254,517.283203125,1099.654541015625,0.7337172031402588,514.0750732421875,1093.778564453125,0.3167450428009033,522.8134765625,948.6963500976562,0.2406391203403473,613.79638671875,1180.84521484375,0.9644213914871216
15,443.7898254394531,886.8318481445312,0.005019962787628174,419.9346618652344,903.8346557617188,0.013459086418151855,423.9832763671875,919.380615234375,0.0066134631633758545,430.636474609375,919.78857421875,0.001862555742263794,455.79547119140625,906.8228149414062,0.6731119751930237,440.2829284667969,970.59130859375,0.024528294801712036,438.34259033203125,963.1665649414062,0.8148329854011536,464.4595947265625,1055.6019287109375,0.3136565387248993,458.6195068359375,1056.2293701171875,0.745286226272583,495.0932312011719,1048.647216796875,0.14337649941444397,495.1117858886719,1028.468017578125,0.6860078573226929,516.8893432617188,1099.4337158203125,0.7192569971084595,513.9418334960938,1093.8115234375,0.33216696977615356,522.9710083007812,948.5997314453125,0.24197033047676086,613.8062744140625,1180.7457275390625,0.9645442962646484
16,441.5595703125,888.46875,0.006632626056671143,426.2984924316406,911.9161376953125,0.01069629192352295,423.99267578125,918.8189697265625,0.0068086981773376465,447.5519104003906,901.141845703125,0.0014216601848602295,458.6958312988281,907.4542236328125,0.5335062146186829,439.39825439453125,971.3912353515625,0.02910226583480835,438.4710388183594,965.7891235351562,0.8484176993370056,511.8177185058594,1088.089599609375,0.249474436044693,459.8822326660156,1057.3179931640625,0.7920849323272705,510.7591857910156,1048.3638916015625,0.2680467963218689,487.6991271972656,1027.4061279296875,0.5945234894752502,518.9689331054688,1094.5107421875,0.9155335426330566,468.0918273925781,1059.7373046875,0.1794135570526123,525.51708984375,947.1845703125,0.20655030012130737,607.4666137695312,1171.0382080078125,0.9755852222442627
17,441.37152099609375,888.6707153320312,0.00530087947845459,426.6201171875,912.1963500976562,0.008270561695098877,424.0100402832031,918.79296875,0.006109088659286499,460.8639831542969,1015.7509765625,0.001362532377243042,458.5190124511719,907.1597290039062,0.502344012260437,439.6051940917969,970.7796630859375,0.02794310450553894,438.61456298828125,965.3577880859375,0.8638190627098083,511.91400146484375,1088.0521240234375,0.25588905811309814,459.6260070800781,1057.22314453125,0.8000448346138,510.8777160644531,1048.401123046875,0.27485761046409607,487.8849182128906,1027.1492919921875,0.5895133018493652,518.9835815429688,1094.5606689453125,0.920731782913208,468.3597106933594,1059.39599609375,0.1564461886882782,525.3306884765625,946.7835083007812,0.2291640043258667,607.4161376953125,1170.91357421875,0.9696129560470581
18,465.8721618652344,1012.7559204101562,0.003058016300201416,537.0625610351562,418.4691467285156,0.0035938024520874023,424.9444885253906,939.3666381835938,0.006305903196334839,473.5622863769531,1002.3643798828125,0.0026929378509521484,448.0568542480469,919.9263916015625,0.08549249172210693,438.9765319824219,974.6923828125,0.04166129231452942,438.72021484375,967.31396484375,0.8060458302497864,514.921630859375,1102.681884765625,0.3228881061077118,460.94757080078125,1057.1905517578125,0.7770889401435852,504.08258056640625,1050.481689453125,0.10854923725128174,498.616943359375,1042.40234375,0.7098785042762756,514.89697265625,1102.238525390625,0.6968196034431458,512.825927734375,1090.317626953125,0.18411394953727722,521.9739990234375,941.4901123046875,0.38576173782348633,598.4828491210938,1165.214111328125,0.9525258541107178
19,465.8665466308594,1012.78271484375,0.0031245052814483643,537.0823364257812,418.462646484375,0.0035984814167022705,424.9631042480469,939.336181640625,0.006192326545715332,473.5820617675781,1002.3765258789062,0.0027321279048919678,448.17279052734375,919.9816284179688,0.07873386144638062,438.98712158203125,974.6612548828125,0.041534990072250366,438.7409362792969,967.2937622070312,0.8061355352401733,515.7076416015625,1105.689453125,0.3185744881629944,460.9434814453125,1056.8621826171875,0.764056921005249,503.9975280761719,1050.5030517578125,0.1068430244922638,498.71112060546875,1042.56982421875,0.7210993766784668,515.543701171875,1105.70361328125,0.6892611980438232,512.7542724609375,1090.2271728515625,0.1883704662322998,521.94580078125,941.4008178710938,0.3883398473262787,598.5501098632812,1165.4193115234375,0.9532209038734436
20,444.7749328613281,903.4442749023438,0.0018210411071777344,422.16119384765625,935.2281494140625,0.004719763994216919,430.1683044433594,939.7422485351562,0.0029747486114501953,467.2839050292969,1016.5462036132812,0.0019949376583099365,451.94775390625,916.5374145507812,0.25657081604003906,439.1474914550781,976.763427734375,0.05436423420906067,437.7377014160156,968.3634033203125,0.7878819704055786,462.0018005371094,1054.447021484375,0.22244477272033691,461.7113342285156,1055.9783935546875,0.7736020088195801,504.0711975097656,1036.5455322265625,0.08700543642044067,491.0939636230469,1030.3759765625,0.5141450762748718,509.9156799316406,1083.176513671875,0.6676827669143677,503.0126647949219,1069.4617919921875,0.4040147662162781,512.7478637695312,939.3296508789062,0.5911471247673035,585.052734375,1157.0169677734375,0.973246693611145
21,444.78765869140625,903.3361206054688,0.002087801694869995,422.03155517578125,935.1719360351562,0.005136728286743164,430.13140869140625,939.7363891601562,0.0030048787593841553,467.3259582519531,1015.9791259765625,0.0022403597831726074,451.915283203125,916.3649291992188,0.3016234040260315,439.19921875,977.1298217773438,0.053974151611328125,437.91943359375,968.6718139648438,0.7861405611038208,462.0386962890625,1054.6866455078125,0.21348389983177185,461.886962890625,1056.105712890625,0.7775218486785889,503.8902893066406,1031.531982421875,0.08468398451805115,491.2494201660156,1030.271240234375,0.531269371509552,509.89007568359375,1083.208984375,0.6671008467674255,503.083740234375,1069.4774169921875,0.4119490087032318,512.5902709960938,939.2184448242188,0.6244854927062988,584.9846801757812,1157.07568359375,0.9723910093307495
22,458.035888671875,1052.024169921875,0.0030030012130737305,537.0394897460938,418.5177001953125,0.0035665929317474365,459.6964111328125,1051.4693603515625,0.0016830861568450928,462.1387023925781,988.0884399414062,0.0007921457290649414,449.854248046875,916.5453491210938,0.059093475341796875,362.4452209472656,1151.575439453125,0.0250873863697052,437.39605712890625,979.064453125,0.8520060777664185,464.16790771484375,1057.030517578125,0.07088682055473328,457.51995849609375,1059.860107421875,0.6944097280502319,532.9130859375,1044.8203125,0.08544018864631653,480.8224182128906,1026.0811767578125,0.4561043381690979,512.6956176757812,1083.896484375,0.6262563467025757,501.23992919921875,1082.8201904296875,0.4955732822418213,514.8895263671875,937.0616455078125,0.6266862154006958,567.5491333007812,1155.8890380859375,0.9728971719741821
23,457.9359130859375,1051.96337890625,0.0030537843704223633,537.0230712890625,418.5152587890625,0.0035597383975982666,459.99212646484375,1051.0780029296875,0.0018142461776733398,464.18853759765625,1016.5780639648438,0.0007984936237335205,449.7373962402344,916.3208618164062,0.05913335084915161,439.15338134765625,984.5604858398438,0.021073460578918457,437.3680725097656,978.9820556640625,0.8495156168937683,464.01617431640625,1056.6552734375,0.06505051255226135,457.34130859375,1059.74169921875,0.6909900903701782,532.93603515625,1044.8734130859375,0.08156946301460266,480.9253234863281,1026.0523681640625,0.45562008023262024,512.540283203125,1083.9188232421875,0.6125745177268982,501.3794250488281,1082.765869140625,0.49013179540634155,514.9125366210938,937.1298217773438,0.6244351863861084,567.3897094726562,1155.8056640625,0.9738919734954834
24,458.19024658203125,1050.3292236328125,0.002839386463165283,537.0285034179688,418.53857421875,0.00355646014213562,460.2903747558594,1051.4791259765625,0.0018191635608673096,461.9649353027344,1054.512451171875,0.000988095998764038,442.45489501953125,919.4131469726562,0.19831639528274536,438.5102844238281,979.33544921875,0.021952182054519653,436.6246337890625,968.744873046875,0.7673702836036682,464.7859191894531,1057.765380859375,0.05105191469192505,466.9879455566406,1072.609375,0.2795654535293579,515.9692993164062,1063.156982421875,0.03476309776306152,467.4817810058594,1013.0176391601562,0.5689788460731506,511.1199035644531,1080.8951416015625,0.789652407169342,478.7610168457031,1071.2747802734375,0.7181074619293213,512.681640625,936.263916015625,0.5650936961174011,552.2866821289062,1155.9429931640625,0.9562414884567261
25,458.1086730957031,1050.35400390625,0.0029098987579345703,537.0199584960938,418.5593566894531,0.0035514533519744873,460.36187744140625,1051.4871826171875,0.0018553733825683594,461.94183349609375,1054.576904296875,0.000984877347946167,442.5222473144531,919.1854248046875,0.18462014198303223,438.56646728515625,979.4303588867188,0.02193450927734375,436.7974548339844,968.72119140625,0.7663414478302002,464.84100341796875,1057.7930908203125,0.05294027924537659,467.0307922363281,1072.5928955078125,0.2813769280910492,515.97802734375,1063.1483154296875,0.034057557582855225,467.4171447753906,1013.0087890625,0.5612335801124573,511.083740234375,1080.9046630859375,0.786670446395874,478.7518615722656,1071.2432861328125,0.7178420424461365,512.6226806640625,936.1732788085938,0.6073905825614929,552.2103271484375,1155.931640625,0.9559417963027954
26,451.3471984863281,1047.55322265625,0.00163954496383667,536.9989624023438,418.5297546386719,0.0035574734210968018,424.5372619628906,921.8836059570312,0.0010474622249603271,442.835693359375,953.54296875,0.0008506476879119873,449.3016052246094,908.220703125,0.5176440477371216,548.8396606445312,464.130126953125,0.012856006622314453,435.9896545410156,968.046630859375,0.7341969013214111,517.5005493164062,1079.0516357421875,0.16474395990371704,461.6748352050781,1053.4608154296875,0.3773711919784546,482.1861572265625,1019.5018310546875,0.026891499757766724,463.3084716796875,1009.4795532226562,0.48788896203041077,513.9634399414062,1074.01318359375,0.6419570446014404,468.6242370605469,1055.700439453125,0.5692524909973145,509.1268615722656,930.1693115234375,0.6185265779495239,533.5934448242188,1153.660400390625,0.9712401628494263
27,451.53826904296875,1047.95263671875,0.0018018782138824463,537.012451171875,418.528564453125,0.003563225269317627,424.0602722167969,921.631103515625,0.000979602336883545,442.9071044921875,953.6157836914062,0.0012219250202178955,448.9399719238281,909.016357421875,0.5196252465248108,724.1779174804688,1637.072265625,0.012865036725997925,435.9205627441406,968.2255249023438,0.7664515376091003,517.4005737304688,1079.09375,0.19016173481941223,462.8371887207031,1059.14697265625,0.39922693371772766,481.6934814453125,1019.384033203125,0.03412678837776184,463.8780822753906,1009.0625610351562,0.5456119775772095,514.0974731445312,1074.1873779296875,0.6466559767723083,468.8145751953125,1056.06640625,0.5522404909133911,508.7840270996094,930.1321411132812,0.6560845971107483,533.6224365234375,1153.6517333984375,0.970914900302887
28,446.08233642578125,1042.3712158203125,0.005425691604614258,537.0111694335938,418.5125732421875,0.0035677552223205566,426.13189697265625,902.3428955078125,0.00187760591506958,427.99798583984375,999.3012084960938,0.0016182363033294678,447.56475830078125,907.14892578125,0.2894602417945862,436.20367431640625,960.0979614257812,0.01319587230682373,433.2444152832031,959.7106323242188,0.8528016805648804,514.1492309570312,1081.094482421875,0.25263428688049316,436.1878356933594,1014.9264526367188,0.5966599583625793,459.4083251953125,1001.2186889648438,0.029847949743270874,465.7549133300781,996.2312622070312,0.6665233373641968,510.81048583984375,1072.6864013671875,0.28614091873168945,473.0692138671875,1052.8868408203125,0.14660054445266724,509.0264892578125,931.3516845703125,0.7686030864715576,511.321044921875,1151.3746337890625,0.9292595982551575
29,446.03265380859375,1042.3944091796875,0.00559234619140625,536.9889526367188,418.55126953125,0.003551006317138672,426.03912353515625,903.0055541992188,0.0019885003566741943,428.0620422363281,999.4898681640625,0.0016657114028930664,446.67047119140625,906.7218017578125,0.33581066131591797,436.1471862792969,960.4312744140625,0.012793630361557007,432.9642639160156,960.0364990234375,0.8494320511817932,513.945556640625,1081.1507568359375,0.2598803639411926,436.2066955566406,1014.9868774414062,0.597135066986084,459.3606872558594,1001.5240478515625,0.03072565793991089,465.6814880371094,996.5042114257812,0.6493569612503052,510.69573974609375,1072.658935546875,0.32957613468170166,472.9370422363281,1052.8924560546875,0.15706583857536316,509.9005126953125,936.4923095703125,0.7383991479873657,511.0848388671875,1150.4970703125,0.9274836778640747
30,455.2764587402344,1013.317138671875,0.008369654417037964,536.9694213867188,418.5531005859375,0.0035415291786193848,508.7821960449219,1084.409912109375,0.004335552453994751,460.76898193359375,1003.3372802734375,0.006295442581176758,443.6536865234375,908.1856079101562,0.40381085872650146,435.5545654296875,959.5804443359375,0.013270169496536255,432.2176513671875,947.861083984375,0.8013843297958374,470.444091796875,1056.166748046875,0.22408056259155273,436.0850524902344,1013.7597045898438,0.5736632347106934,452.6676940917969,984.3463134765625,0.011356264352798462,476.3314514160156,997.373779296875,0.3463214635848999,507.99267578125,1082.6962890625,0.38630080223083496,508.3917236328125,1076.5897216796875,0.3098178803920746,508.3022766113281,931.4942626953125,0.7266875505447388,491.11712646484375,1146.167724609375,0.855406641960144
31,455.28668212890625,1013.32470703125,0.008270621299743652,536.994384765625,418.5367431640625,0.003554433584213257,508.8162536621094,1084.4619140625,0.004358023405075073,460.75555419921875,1003.3515625,0.006270110607147217,443.7434387207031,907.9599609375,0.39703744649887085,435.4527587890625,959.5134887695312,0.01311907172203064,431.8990783691406,947.6766967773438,0.7995749711990356,470.4295349121094,1056.1710205078125,0.22261229157447815,436.10150146484375,1013.7454833984375,0.571381688117981,452.6552429199219,984.36865234375,0.011012136936187744,476.3096923828125,997.3798828125,0.3479610085487366,508.0415344238281,1082.8162841796875,0.40375545620918274,508.426513671875,1076.6552734375,0.30844295024871826,508.3216552734375,931.4732055664062,0.7245125770568848,491.10357666015625,1146.0946044921875,0.8539847135543823
32,408.2623291015625,881.2493286132812,0.02962091565132141,407.3878173828125,913.77978515625,0.008024781942367554,430.5154724121094,905.8253784179688,0.004463076591491699,416.33892822265625,884.9956665039062,0.0030618011951446533,458.0056457519531,900.4464111328125,0.23854222893714905,430.3939208984375,916.0127563476562,0.020261913537979126,428.7862243652344,925.1571655273438,0.7807366847991943,442.35516357421875,1009.8345947265625,0.2926047146320343,436.0644226074219,1012.3046264648438,0.5843001008033752,513.0984497070312,1040.5850830078125,0.0059535205364227295,487.3769836425781,1026.45458984375,0.6892316341400146,508.5174865722656,1078.5950927734375,0.3542214632034302,503.72601318359375,1077.615478515625,0.7205070853233337,509.1213684082031,930.1642456054688,0.6023117303848267,473.9461669921875,1143.4923095703125,0.7644588947296143
33,411.10455322265625,880.3889770507812,0.026707887649536133,407.4267883300781,913.98193359375,0.008544832468032837,411.8844909667969,886.4532470703125,0.004676520824432373,460.05682373046875,1020.0414428710938,0.0032792389392852783,458.53216552734375,900.0306396484375,0.24455463886260986,429.8050537109375,916.0963134765625,0.018509864807128906,428.70172119140625,925.1690063476562,0.8020129203796387,443.6882629394531,1026.434814453125,0.28432542085647583,435.656005859375,1012.0216064453125,0.6108346581459045,476.6391906738281,988.1077880859375,0.005839675664901733,487.39129638671875,1025.9630126953125,0.6991046667098999,509.90966796875,1079.2784423828125,0.4140675961971283,497.95306396484375,1075.24658203125,0.7237181067466736,509.4022216796875,930.0947265625,0.5697656869888306,473.95111083984375,1143.5677490234375,0.750649631023407
34,406.8939514160156,881.1685180664062,0.08226346969604492,406.2872314453125,913.2298583984375,0.024078667163848877,421.2158203125,904.1709594726562,0.008346199989318848,412.3266906738281,885.7725219726562,0.004530549049377441,456.9913330078125,897.0282592773438,0.4051034450531006,424.1833190917969,925.7334594726562,0.025648683309555054,426.34124755859375,925.7896118164062,0.8599399328231812,423.1504211425781,1007.2149658203125,0.31474846601486206,424.3965759277344,1009.3943481445312,0.6845238208770752,527.9074096679688,1031.9521484375,0.00529247522354126,482.50616455078125,1026.1300048828125,0.556218147277832,511.2239685058594,1071.8765869140625,0.29666829109191895,492.68988037109375,1074.7725830078125,0.8156667947769165,510.0307922363281,929.450927734375,0.5048145055770874,458.3417663574219,1135.6796875,0.9101606607437134
35,406.8898010253906,881.0656127929688,0.07113766670227051,406.53680419921875,913.3786010742188,0.02141210436820984,421.6805114746094,904.456298828125,0.00840941071510315,412.2489929199219,885.8300170898438,0.004090487957000732,457.0986022949219,896.7366333007812,0.3880358934402466,423.9010009765625,926.1132202148438,0.030711263418197632,426.2825012207031,926.530517578125,0.858328104019165,423.22021484375,1006.868408203125,0.3549177646636963,424.1795654296875,1009.158935546875,0.6709616184234619,528.1155395507812,1031.701416015625,0.004514157772064209,481.1195983886719,1016.3656616210938,0.5650058388710022,511.4407043457031,1071.700439453125,0.26983046531677246,492.5528259277344,1075.0384521484375,0.8122763633728027,509.62091064453125,929.0343017578125,0.48514050245285034,458.3145446777344,1135.7099609375,0.9052421450614929
36,407.0774230957031,881.61279296875,0.0697689950466156,406.0420837402344,912.4060668945312,0.011995464563369751,417.4438781738281,889.7185668945312,0.009088248014450073,411.6437683105469,888.04150390625,0.005252808332443237,442.65313720703125,896.469482421875,0.35595542192459106,423.1498107910156,925.15185546875,0.07370838522911072,423.3546142578125,924.9089965820312,0.891967236995697,418.712158203125,1004.5648193359375,0.5077596306800842,419.2610778808594,1005.5859985351562,0.7803100347518921,513.3388061523438,1039.896484375,0.03811854124069214,470.9530029296875,995.2725830078125,0.3791121244430542,512.9954833984375,1076.2027587890625,0.5277407169342041,501.4693603515625,1080.88525390625,0.46420127153396606,510.411865234375,929.0938110351562,0.6135503053665161,443.3901062011719,1126.929443359375,0.8887724876403809
37,407.0677795410156,881.6739501953125,0.06869649887084961,406.0235595703125,912.2944946289062,0.011417597532272339,417.47760009765625,889.8551025390625,0.008871495723724365,411.624755859375,888.0555419921875,0.005129694938659668,442.3917541503906,896.5491943359375,0.3471362888813019,423.02191162109375,925.3299560546875,0.07020115852355957,423.5157775878906,925.04541015625,0.890426754951477,418.2305603027344,1004.8275756835938,0.5048033595085144,419.7211608886719,1007.5804443359375,0.7479190230369568,513.2697143554688,1039.9254150390625,0.03626960515975952,471.0924072265625,995.366943359375,0.37605956196784973,513.0505981445312,1076.281982421875,0.5021221041679382,501.7427062988281,1081.0216064453125,0.46280184388160706,510.6560974121094,929.4174194335938,0.6267143487930298,442.9385986328125,1127.0377197265625,0.9102698564529419
38,407.3799133300781,880.2294921875,0.07465487718582153,411.9808654785156,896.6548461914062,0.011424064636230469,411.37298583984375,887.800048828125,0.009098678827285767,411.1039123535156,888.4244384765625,0.00705292820930481,455.9218444824219,901.2146606445312,0.3677927851676941,419.938232421875,918.3348999023438,0.05114665627479553,419.8685302734375,926.5894165039062,0.9098796844482422,460.5787048339844,1024.71142578125,0.15654119849205017,450.8021545410156,1027.2227783203125,0.5287268161773682,511.69915771484375,1039.152587890625,0.026802897453308105,489.18328857421875,1013.1448974609375,0.4076812267303467,518.044677734375,1079.2803955078125,0.6704906225204468,512.1261596679688,1082.7547607421875,0.6106662154197693,511.2381896972656,931.2872314453125,0.49227386713027954,433.8670349121094,1119.04541015625,0.9798437356948853
39,410.101806640625,879.211181640625,0.07268878817558289,411.7866516113281,896.4444580078125,0.01096278429031372,411.54437255859375,887.9775390625,0.008959561586380005,410.9536437988281,888.3834838867188,0.0074492692947387695,455.6485900878906,901.2597045898438,0.3761906623840332,419.968017578125,918.3065795898438,0.04531821608543396,420.10870361328125,926.8894653320312,0.9022891521453857,460.59735107421875,1024.8360595703125,0.15756985545158386,450.85369873046875,1027.3729248046875,0.540041983127594,511.83984375,1039.16552734375,0.025748908519744873,489.4838562011719,1013.1598510742188,0.4209573268890381,518.1884765625,1079.762451171875,0.7025395631790161,512.495361328125,1083.20849609375,0.6482826471328735,511.3773498535156,931.2593383789062,0.48576754331588745,433.4756164550781,1119.0684814453125,0.9807239770889282
40,407.5823974609375,874.3427124023438,0.23351049423217773,412.1689453125,894.8641967773438,0.028139352798461914,412.08453369140625,890.0108642578125,0.024690449237823486,413.2049255371094,889.2905883789062,0.021162360906600952,457.3176574707031,899.1695556640625,0.3679489195346832,419.1712341308594,916.5123291015625,0.0650092363357544,418.9537048339844,924.1023559570312,0.9019938111305237,454.98394775390625,1028.563232421875,0.09625226259231567,449.98394775390625,1029.8336181640625,0.43938010931015015,508.8247375488281,1027.003662109375,0.03412678837776184,488.25006103515625,1026.6080322265625,0.42874467372894287,519.20654296875,1071.3466796875,0.5257123708724976,517.808837890625,1080.7254638671875,0.558024525642395,512.9606323242188,929.7705688476562,0.38921672105789185,425.2491455078125,1109.037109375,0.9311680793762207
41,407.5396728515625,874.4169311523438,0.2257348597049713,412.3682556152344,894.7066040039062,0.0248737633228302,412.358154296875,890.2529907226562,0.023710548877716064,413.5888977050781,889.24609375,0.022065788507461548,457.2383117675781,899.677734375,0.38861533999443054,409.9503173828125,917.8890380859375,0.060309410095214844,419.0098571777344,924.1923217773438,0.8935970067977905,454.923828125,1028.3831787109375,0.08662059903144836,449.9646911621094,1029.6641845703125,0.45029735565185547,492.5350646972656,1047.99169921875,0.03984418511390686,488.6719665527344,1027.1451416015625,0.43647098541259766,519.2984619140625,1071.5025634765625,0.4871332049369812,517.656005859375,1080.749755859375,0.5895470380783081,511.8948974609375,930.6503295898438,0.426827073097229,425.3641357421875,1108.9783935546875,0.9289981126785278
42,406.9460754394531,873.5919189453125,0.18362507224082947,411.5557861328125,896.3825073242188,0.010773628950119019,420.3510437011719,906.6781616210938,0.031730324029922485,410.74530029296875,886.9699096679688,0.016685813665390015,442.8446044921875,894.5044555664062,0.22590041160583496,417.60772705078125,930.1162719726562,0.04456713795661926,419.75872802734375,927.2321166992188,0.8259847164154053,414.0342102050781,990.8496704101562,0.2441796362400055,446.9211730957031,1028.2457275390625,0.6448313593864441,508.41021728515625,1031.0513916015625,0.03278380632400513,489.00018310546875,998.8643188476562,0.39845532178878784,524.0327758789062,1068.7921142578125,0.5240827202796936,516.8198852539062,1069.113037109375,0.7504947185516357,513.534912109375,934.3731689453125,0.33436715602874756,425.0472106933594,1102.0594482421875,0.9054585695266724
43,406.8362121582031,873.5619506835938,0.18887922167778015,411.5545654296875,896.2420043945312,0.011156052350997925,420.3187255859375,906.690673828125,0.032400548458099365,410.67822265625,887.1411743164062,0.017428576946258545,442.9583435058594,894.5333251953125,0.2239316999912262,417.5820007324219,930.0552978515625,0.0440598726272583,419.6717834472656,927.1826171875,0.8271496295928955,414.0342102050781,990.8502807617188,0.24416035413742065,446.9126281738281,1028.2164306640625,0.6442394256591797,508.3982849121094,1031.055419921875,0.03297632932662964,489.0030517578125,998.8616943359375,0.39768004417419434,524.0319213867188,1068.7857666015625,0.5229374170303345,516.8240356445312,1069.1202392578125,0.7511407136917114,513.5306396484375,934.3660888671875,0.3316729962825775,425.197021484375,1102.022705078125,0.9069797396659851
44,402.9952087402344,880.753662109375,0.07276025414466858,408.9308166503906,911.5088500976562,0.020294487476348877,414.7467346191406,905.7747192382812,0.011182069778442383,406.7137756347656,892.8405151367188,0.014739841222763062,442.8275146484375,897.9512329101562,0.20615410804748535,416.7380676269531,928.4398193359375,0.07560616731643677,418.8924255371094,928.2256469726562,0.817934513092041,418.5559387207031,997.2901611328125,0.40189456939697266,421.3266296386719,1000.7303466796875,0.769570529460907,508.266845703125,1030.62255859375,0.11239549517631531,490.0163269042969,995.78125,0.3272460103034973,527.038818359375,1067.2415771484375,0.7137627601623535,526.3978271484375,1069.8609619140625,0.6913621425628662,511.4828796386719,930.797119140625,0.6243317723274231,430.05438232421875,1095.2286376953125,0.8990920782089233
45,402.7343444824219,880.8969116210938,0.07004967331886292,395.7513732910156,924.3670654296875,0.02186739444732666,415.193359375,906.0022583007812,0.013249427080154419,406.9401550292969,892.9656982421875,0.014156043529510498,444.16119384765625,901.7943115234375,0.22128558158874512,416.8345031738281,928.80908203125,0.07802256941795349,419.10400390625,928.2545166015625,0.8387742042541504,418.7771301269531,997.3640747070312,0.4172685444355011,421.3595275878906,1000.8119506835938,0.766087532043457,506.98590087890625,1025.73876953125,0.11012867093086243,490.32611083984375,995.8085327148438,0.32757264375686646,526.9514770507812,1067.113037109375,0.6963000893592834,526.31396484375,1069.848388671875,0.6876256465911865,511.5419616699219,930.749267578125,0.5909702777862549,430.08538818359375,1095.3204345703125,0.8966571092605591
46,421.49468994140625,881.053955078125,0.019988536834716797,394.8742370605469,927.5300903320312,0.028436660766601562,416.5326232910156,903.2747802734375,0.018940389156341553,405.5823974609375,892.2061157226562,0.005834251642227173,441.15545654296875,890.181396484375,0.2167932093143463,416.48492431640625,929.1735229492188,0.06849369406700134,418.1340026855469,928.9573364257812,0.847192645072937,422.64996337890625,1000.0809326171875,0.7142934203147888,430.9036865234375,1005.918701171875,0.8250970840454102,508.662109375,1029.0623779296875,0.05912280082702637,469.53436279296875,995.4813842773438,0.4030803143978119,532.9003295898438,1054.904296875,0.43608394265174866,531.5989990234375,1062.0113525390625,0.7831605672836304,507.2442321777344,918.2787475585938,0.6028689742088318,440.1331787109375,1095.990478515625,0.7142996788024902
47,421.7286071777344,881.5480346679688,0.017694860696792603,394.8065490722656,927.5280151367188,0.027605950832366943,416.5431213378906,903.539794921875,0.01579570770263672,412.451171875,887.2437744140625,0.005189865827560425,439.7557678222656,892.557861328125,0.21530336141586304,416.4562072753906,929.298583984375,0.06302332878112793,418.07952880859375,929.06640625,0.852584719657898,421.6243896484375,1000.3896484375,0.7062925100326538,429.7731628417969,1005.8963623046875,0.8234884738922119,508.16156005859375,1029.4716796875,0.05419853329658508,469.2914733886719,995.0062255859375,0.4048694670200348,533.2127685546875,1054.9713134765625,0.4346403181552887,531.7207641601562,1061.9658203125,0.7623956799507141,507.31414794921875,918.1023559570312,0.6112702488899231,440.1028137207031,1096.02685546875,0.70723557472229
48,395.14288330078125,900.8053588867188,0.017489314079284668,391.8829345703125,929.3155517578125,0.04811018705368042,415.0223083496094,903.4750366210938,0.03138989210128784,410.189208984375,901.3194580078125,0.009133577346801758,421.3332824707031,892.0433349609375,0.4390353858470917,408.04254150390625,930.1702880859375,0.11029353737831116,418.702392578125,929.7066040039062,0.8484671115875244,422.8197326660156,1001.80322265625,0.7669249773025513,436.54010009765625,1008.7159423828125,0.8277608156204224,475.68359375,995.2811889648438,0.027679264545440674,468.3691711425781,994.8231201171875,0.49332889914512634,536.4213256835938,1041.4267578125,0.3679015040397644,532.0007934570312,1048.4007568359375,0.5233122706413269,508.4090881347656,916.6727294921875,0.47159016132354736,457.1417541503906,1099.35009765625,0.8357193470001221
49,395.1160583496094,900.7158203125,0.017325609922409058,391.9184875488281,929.3223266601562,0.04683735966682434,414.962890625,903.4486694335938,0.030834883451461792,410.1497802734375,901.4163818359375,0.00895380973815918,421.2001953125,892.0866088867188,0.4324690103530884,408.0712890625,930.2088623046875,0.1096906065940857,418.6788635253906,929.683837890625,0.8483675718307495,422.87493896484375,1001.8049926757812,0.7660488486289978,428.56060791015625,1006.0193481445312,0.8279262781143188,475.8503723144531,995.278076171875,0.028881818056106567,468.46563720703125,994.8113403320312,0.4786057472229004,536.4922485351562,1041.3804931640625,0.37104475498199463,532.0551147460938,1048.3175048828125,0.5107372999191284,508.41986083984375,916.704345703125,0.47197094559669495,457.1389465332031,1099.34228515625,0.8346404433250427
50,374.6207580566406,960.7174072265625,0.016721218824386597,390.48516845703125,929.2507934570312,0.1069858968257904,410.62774658203125,904.4383544921875,0.007668852806091309,408.6900634765625,903.333984375,0.004456758499145508,434.8388977050781,882.9932861328125,0.18038755655288696,407.63824462890625,929.3812255859375,0.0956319272518158,414.906494140625,928.0081176757812,0.8884502053260803,427.1633605957031,1006.181640625,0.5801805853843689,430.5249938964844,1007.1106567382812,0.9327382445335388,475.42462158203125,997.6784057617188,0.2664227783679962,469.1922302246094,997.7203369140625,0.7637661695480347,533.9630737304688,1036.1820068359375,0.5617370009422302,494.3935546875,1040.7030029296875,0.7365953326225281,507.7652587890625,919.8868408203125,0.5570927858352661,477.0800476074219,1102.162353515625,0.8634812235832214
51,374.4954833984375,960.9132080078125,0.01636970043182373,390.4453125,929.3129272460938,0.1062779426574707,410.8824462890625,904.54736328125,0.008508890867233276,408.90765380859375,903.6080932617188,0.004436999559402466,434.6885681152344,882.9382934570312,0.1719827950000763,410.4300231933594,933.8827514648438,0.10392928123474121,414.92364501953125,928.157958984375,0.89600670337677,422.65283203125,1003.5948486328125,0.5892670154571533,430.1268310546875,1007.1007080078125,0.9289143681526184,475.49163818359375,998.2021484375,0.25759339332580566,468.81146240234375,998.7731323242188,0.718491792678833,534.1006469726562,1035.989990234375,0.5558615326881409,494.797607421875,1041.06640625,0.747868537902832,507.4388122558594,920.060302734375,0.6221241354942322,477.01239013671875,1102.205322265625,0.8654980063438416
52,381.9502868652344,924.0443115234375,0.021907776594161987,390.0360412597656,928.3927612304688,0.15797159075737,411.2132263183594,965.6627807617188,0.004757940769195557,396.1859436035156,903.2531127929688,0.004586547613143921,415.4203796386719,894.6956176757812,0.2920905649662018,409.419189453125,933.7612915039062,0.13248604536056519,418.6106262207031,928.4426879882812,0.9051986932754517,425.00103759765625,1003.2322998046875,0.6380241513252258,433.3659973144531,1007.9081420898438,0.9078733921051025,475.006103515625,996.21875,0.12264421582221985,469.7568664550781,996.4190063476562,0.6560139060020447,528.6885375976562,1038.8782958984375,0.16707363724708557,498.3753967285156,1047.7781982421875,0.8584747314453125,506.0552978515625,915.6627807617188,0.56803297996521,496.3910217285156,1101.2410888671875,0.10510343313217163
53,382.0010681152344,924.1106567382812,0.0207272469997406,389.9044189453125,928.197998046875,0.14193326234817505,411.2674560546875,905.5934448242188,0.004444539546966553,396.5359191894531,903.211669921875,0.005199134349822998,415.194091796875,895.1448974609375,0.3176879286766052,409.6510314941406,933.4708251953125,0.11433285474777222,418.96441650390625,928.9380493164062,0.9092338681221008,425.1983947753906,1003.2098999023438,0.667839765548706,433.5574951171875,1008.1085205078125,0.910024881362915,474.9067687988281,995.9839477539062,0.1264977753162384,469.7633972167969,996.033447265625,0.6245933771133423,528.6073608398438,1038.8673095703125,0.17133909463882446,498.52728271484375,1047.6483154296875,0.8640679121017456,506.06207275390625,915.9611206054688,0.5504148602485657,496.307861328125,1101.2271728515625,0.11012822389602661
54,381.85174560546875,921.787109375,0.04134973883628845,389.2503967285156,933.829345703125,0.21335914731025696,411.0306091308594,965.1970825195312,0.007334977388381958,396.909912109375,904.6617431640625,0.008674472570419312,419.0628662109375,892.5692138671875,0.43318265676498413,409.4238586425781,935.7321166992188,0.07585570216178894,416.044677734375,929.5821533203125,0.8411144018173218,431.3032531738281,1005.8975830078125,0.6082518100738525,444.9401550292969,1012.0717163085938,0.8798331022262573,473.614013671875,995.7201538085938,0.09086686372756958,467.7111511230469,994.8565673828125,0.772236704826355,517.9664916992188,1045.2105712890625,0.6513969898223877,499.8497314453125,1044.4862060546875,0.885718584060669,505.794677734375,916.0439453125,0.5952571630477905,455.1696472167969,1034.115478515625,0.057366758584976196
55,381.6242370605469,921.6674194335938,0.045181840658187866,389.0963439941406,933.50830078125,0.18506062030792236,410.9989013671875,965.2339477539062,0.006996184587478638,397.10418701171875,904.9459838867188,0.009011536836624146,418.879150390625,893.1629028320312,0.4689578115940094,409.55517578125,935.2434692382812,0.0760265588760376,416.5908508300781,929.600341796875,0.8578506708145142,431.3780822753906,1005.9085083007812,0.6183578968048096,444.8863220214844,1012.032470703125,0.8836443424224854,473.5478515625,995.5697631835938,0.09108462929725647,467.7090759277344,994.8140258789062,0.7810648679733276,518.0982055664062,1045.1160888671875,0.6771931648254395,499.85687255859375,1044.3778076171875,0.8845259547233582,505.8726501464844,916.1025390625,0.5933917164802551,455.2461853027344,1034.1077880859375,0.057161152362823486
56,378.4676513671875,922.1851806640625,0.05489876866340637,388.2176818847656,935.55908203125,0.17245683073997498,412.1790771484375,966.0615234375,0.006822168827056885,395.0497741699219,905.5641479492188,0.010199129581451416,414.4632263183594,894.6102294921875,0.6190625429153442,415.80877685546875,937.3952026367188,0.052157819271087646,418.8717041015625,927.2289428710938,0.8728330135345459,434.0668640136719,1007.6558227539062,0.7861821055412292,442.6443786621094,1011.0986938476562,0.9455156326293945,476.8831787109375,991.252197265625,0.10612684488296509,470.4448547363281,995.5243530273438,0.4354468584060669,494.65130615234375,1038.5550537109375,0.5241724848747253,496.83319091796875,1042.5130615234375,0.8160045742988586,504.9381103515625,917.2421264648438,0.5499880909919739,523.7747192382812,1089.244140625,0.6758553385734558
57,378.6017761230469,922.0872802734375,0.05203244090080261,388.3951721191406,935.5570678710938,0.16896560788154602,412.2426452636719,966.0845947265625,0.006928980350494385,395.0352783203125,905.5496826171875,0.010186463594436646,414.32843017578125,894.6758422851562,0.6324871182441711,415.7778625488281,937.2858276367188,0.053540945053100586,418.8416442871094,927.3630981445312,0.8742806315422058,434.0328674316406,1007.6483764648438,0.7856932282447815,442.63238525390625,1011.09326171875,0.9455347061157227,476.88568115234375,991.2396240234375,0.10588434338569641,470.4368896484375,995.5128173828125,0.43514522910118103,494.6827087402344,1038.563720703125,0.5218411684036255,496.8072204589844,1042.5040283203125,0.8170865178108215,504.9111633300781,917.2865600585938,0.5488823652267456,523.79736328125,1089.1856689453125,0.676701545715332
58,399.1488037109375,970.4579467773438,0.09554675221443176,387.9901123046875,937.90283203125,0.3135100305080414,411.0467529296875,966.6747436523438,0.009303003549575806,414.1855773925781,939.80224609375,0.019642770290374756,416.4791259765625,897.5298461914062,0.566979169845581,416.81988525390625,941.8070678710938,0.044553786516189575,419.52838134765625,926.8579711914062,0.7815265655517578,434.64453125,1006.0855712890625,0.8093161582946777,440.4398193359375,1011.6217651367188,0.9415861368179321,488.8343505859375,994.3070678710938,0.07725712656974792,476.2352600097656,994.6102905273438,0.6726405620574951,511.6581115722656,1038.238525390625,0.44193172454833984,498.0897216796875,1041.8489990234375,0.7053074836730957,506.7646179199219,916.3067016601562,0.6255701780319214,525.2044677734375,1084.896484375,0.4665038585662842
59,376.22412109375,923.9090576171875,0.0637575089931488,389.04461669921875,938.4686279296875,0.2840688228607178,411.46697998046875,966.0403442382812,0.008858412504196167,426.32244873046875,957.4283447265625,0.01287776231765747,416.40045166015625,896.4224243164062,0.5210265517234802,414.79083251953125,937.9732055664062,0.05390098690986633,419.65313720703125,926.2319946289062,0.7828203439712524,434.6288757324219,1005.7374267578125,0.8210766315460205,440.1371765136719,1010.7667846679688,0.9473358392715454,486.30963134765625,990.9514770507812,0.059396177530288696,474.67401123046875,992.8795776367188,0.722062349319458,511.8551940917969,1038.0538330078125,0.4843558371067047,498.1139831542969,1041.8719482421875,0.7149707674980164,505.5343322753906,915.6499633789062,0.6609123945236206,525.1060791015625,1084.94873046875,0.4933186173439026
60,400.7947692871094,969.1194458007812,0.11256957054138184,390.36236572265625,947.9556274414062,0.2533916234970093,382.4865417480469,920.6867065429688,0.016125530004501343,424.3601379394531,958.6011352539062,0.021851778030395508,414.99658203125,898.303955078125,0.6253495812416077,409.6931457519531,931.9996948242188,0.05184563994407654,417.2538757324219,926.4835205078125,0.707768440246582,429.3921813964844,1003.8973999023438,0.8893828392028809,435.362548828125,1006.6588745117188,0.8378105163574219,493.92120361328125,996.6488037109375,0.04682272672653198,478.84820556640625,993.8350830078125,0.6680368185043335,496.92218017578125,1038.768310546875,0.2182084619998932,499.1216735839844,1043.8035888671875,0.796613335609436,505.3108825683594,915.108154296875,0.6428887248039246,514.049560546875,1084.2698974609375,0.04484075307846069
61,400.7568664550781,969.1032104492188,0.10159450769424438,390.3924255371094,948.0326538085938,0.24909982085227966,382.498779296875,920.6635131835938,0.015307456254959106,424.4405212402344,958.2635498046875,0.023120105266571045,414.954833984375,898.3200073242188,0.6199976205825806,409.7384033203125,931.9934692382812,0.050550758838653564,417.3300476074219,926.46435546875,0.717798113822937,429.3288879394531,1003.4878540039062,0.9036789536476135,435.49310302734375,1006.614013671875,0.8439513444900513,493.83050537109375,996.7662963867188,0.04248437285423279,474.1595458984375,992.5322875976562,0.6816408634185791,496.9943542480469,1038.7034912109375,0.20347145199775696,499.1437683105469,1043.7869873046875,0.8022464513778687,505.313720703125,915.0786743164062,0.6383551955223083,514.0225219726562,1084.2325439453125,0.04960370063781738
62,400.0513000488281,968.6243896484375,0.13683590292930603,384.8524475097656,946.4292602539062,0.3419070243835449,381.7866516113281,921.2337036132812,0.01095929741859436,418.9820861816406,956.2599487304688,0.02440255880355835,411.9460144042969,899.8209838867188,0.8074343800544739,409.46441650390625,932.0963745117188,0.08556127548217773,415.55206298828125,930.435546875,0.8074816465377808,432.2198181152344,1003.9684448242188,0.7208032608032227,430.6773376464844,1006.7716064453125,0.9395757913589478,475.85968017578125,991.02001953125,0.04460644721984863,475.7882080078125,996.6918334960938,0.7605181932449341,500.0705261230469,1042.566650390625,0.04417532682418823,502.16265869140625,1045.7431640625,0.6453337073326111,505.71173095703125,915.004638671875,0.5874314308166504,481.84613037109375,1084.6845703125,0.08232882618904114
63,400.6258239746094,968.6616821289062,0.15433430671691895,385.247314453125,946.5343017578125,0.3631139397621155,381.7510986328125,920.9005126953125,0.009030133485794067,419.28070068359375,956.4058227539062,0.029216378927230835,411.950927734375,899.522216796875,0.7995443940162659,409.25799560546875,932.381103515625,0.0843845009803772,415.55859375,929.9738159179688,0.80979323387146,432.30548095703125,1003.9315185546875,0.751044750213623,430.5677185058594,1006.7467041015625,0.9334282875061035,476.0251159667969,990.9850463867188,0.04828673601150513,476.6302490234375,996.8297729492188,0.7225710153579712,499.5992126464844,1042.8114013671875,0.04977121949195862,503.8221740722656,1048.85107421875,0.7718956470489502,506.01129150390625,915.262939453125,0.5761600732803345,481.9712829589844,1085.1602783203125,0.09417912364006042
64,398.57476806640625,967.0858154296875,0.14817199110984802,380.7792663574219,947.2589721679688,0.3288564085960388,382.902099609375,921.2833251953125,0.008533954620361328,419.4581298828125,946.8082275390625,0.02669614553451538,413.0662841796875,900.6873168945312,0.8411176204681396,408.5850830078125,932.5369262695312,0.06066983938217163,415.9657287597656,931.0531616210938,0.7507322430610657,431.3054504394531,1007.1807861328125,0.870667040348053,432.1302185058594,1009.2058715820312,0.9286403059959412,476.3145446777344,991.3773193359375,0.013442009687423706,476.2520446777344,992.5770263671875,0.6771597862243652,503.7900695800781,1042.708740234375,0.0291440486907959,504.8497619628906,1049.1103515625,0.8153246641159058,503.762451171875,914.84033203125,0.6323519945144653,482.9648742675781,1084.559814453125,0.024706661701202393
65,398.6802673339844,966.8606567382812,0.157655268907547,380.7927551269531,947.04443359375,0.32637035846710205,382.94757080078125,921.2476196289062,0.008765757083892822,419.3695983886719,946.7586059570312,0.02565494179725647,414.31500244140625,900.6494140625,0.8398765325546265,408.2451171875,932.4833984375,0.06006351113319397,416.1540222167969,931.38916015625,0.7548010349273682,431.40277099609375,1007.0266723632812,0.8710102438926697,432.0766296386719,1009.2222900390625,0.9302341341972351,476.55322265625,991.9449462890625,0.013642340898513794,476.822509765625,992.9801635742188,0.6698489189147949,503.9407958984375,1042.6624755859375,0.02697005867958069,505.0858154296875,1049.1986083984375,0.8196199536323547,504.22808837890625,915.4020385742188,0.5980613231658936,482.9520263671875,1084.568115234375,0.024089545011520386
66,395.8100280761719,967.9989013671875,0.27277782559394836,378.125732421875,947.6867065429688,0.5434192419052124,393.5093994140625,962.4376220703125,0.02123430371284485,398.6583251953125,937.5071411132812,0.012563973665237427,413.0180358886719,901.2639770507812,0.8370506167411804,425.18994140625,946.1284790039062,0.03143578767776489,415.67962646484375,931.6298828125,0.8651489019393921,433.3360595703125,1007.24462890625,0.8531720042228699,432.46234130859375,1009.7575073242188,0.937823474407196,494.16680908203125,1006.2258911132812,0.015867918729782104,477.09619140625,993.9292602539062,0.6767023801803589,500.4786682128906,1042.847412109375,0.015793204307556152,502.9781188964844,1048.569091796875,0.8551732897758484,507.5593566894531,916.3368530273438,0.4016155004501343,490.67425537109375,1069.1563720703125,0.018640637397766113
67,395.6855773925781,967.7137451171875,0.2496407926082611,378.0478820800781,948.02783203125,0.5332300066947937,393.1493225097656,962.5136108398438,0.02088266611099243,398.0643310546875,938.1268920898438,0.016415297985076904,412.41046142578125,900.8939208984375,0.8181313276290894,418.0778503417969,941.8455810546875,0.028305232524871826,415.34515380859375,931.7060546875,0.865065336227417,433.3838195800781,1007.0507202148438,0.8669373989105225,432.5842590332031,1009.894287109375,0.93394935131073,494.0788269042969,1006.054931640625,0.01498374342918396,477.06085205078125,993.822998046875,0.6701376438140869,500.47265625,1042.8348388671875,0.01553797721862793,502.9806213378906,1048.560546875,0.8562138676643372,507.42950439453125,916.0187377929688,0.41526269912719727,6.47532320022583,561.94140625,0.019282102584838867
68,391.5574035644531,968.4121704101562,0.1549030840396881,376.7060241699219,946.5220336914062,0.4652988910675049,391.416748046875,964.5584716796875,0.01942276954650879,395.5028076171875,936.8952026367188,0.020167946815490723,414.67938232421875,901.259521484375,0.7062034010887146,421.4616394042969,943.6055908203125,0.04927247762680054,417.41607666015625,937.2310791015625,0.7773261666297913,433.85748291015625,1005.8953247070312,0.9254816770553589,432.47265625,1009.9342041015625,0.9229481220245361,494.8974914550781,993.9981689453125,0.05579268932342529,480.252685546875,993.82421875,0.48238906264305115,502.4549255371094,1045.724609375,0.13803759217262268,502.35247802734375,1042.909423828125,0.8125720024108887,510.8011474609375,916.0814819335938,0.622929036617279,478.6487731933594,1059.1912841796875,0.11156803369522095
69,391.46966552734375,968.3887329101562,0.16050294041633606,376.6454162597656,946.457275390625,0.44591376185417175,391.41009521484375,964.5857543945312,0.01976877450942993,395.11749267578125,936.9075927734375,0.02019527554512024,414.5033264160156,901.53662109375,0.7336995601654053,424.7726135253906,950.663818359375,0.04850137233734131,417.1106262207031,936.99609375,0.776261031627655,433.9029541015625,1005.9003295898438,0.9245464205741882,432.4794921875,1009.95166015625,0.9206424355506897,495.0333557128906,994.0680541992188,0.0546262264251709,480.22003173828125,993.9845581054688,0.4884805381298065,502.45733642578125,1045.8980712890625,0.1473839282989502,502.32635498046875,1043.0340576171875,0.8022311925888062,510.7918395996094,915.947509765625,0.6212079524993896,480.1618347167969,1061.2301025390625,0.10854151844978333
70,391.74163818359375,973.4208984375,0.23386424779891968,373.9813232421875,948.8152465820312,0.6916100978851318,391.63714599609375,966.8507690429688,0.023149818181991577,398.0776062011719,936.5294799804688,0.019854456186294556,413.1441345214844,902.8761596679688,0.7695307731628418,406.12274169921875,941.166259765625,0.037135928869247437,416.7935791015625,934.76025390625,0.8140305876731873,433.5767517089844,1004.6669921875,0.904530942440033,433.0284118652344,1009.2127075195312,0.9404048919677734,495.3985290527344,993.0672607421875,0.07009509205818176,478.1825866699219,976.9033203125,0.5333213210105896,502.2967529296875,1044.279296875,0.1831304430961609,501.3828430175781,1037.5511474609375,0.740494966506958,511.89892578125,913.9185180664062,0.5248287916183472,470.8205871582031,1053.80224609375,0.4413413107395172
71,391.72235107421875,973.2259521484375,0.23497772216796875,373.8175048828125,949.0225830078125,0.6903684139251709,391.6636962890625,966.76416015625,0.021091431379318237,397.8457946777344,936.5859375,0.020691275596618652,413.16632080078125,902.7557373046875,0.7725739479064941,406.59100341796875,940.9635009765625,0.0330885648727417,414.4544677734375,934.4884643554688,0.8074221611022949,433.5382385253906,1004.8740844726562,0.9093993902206421,433.031005859375,1009.427734375,0.9410635232925415,495.00445556640625,993.2186889648438,0.07061424851417542,479.4651184082031,980.3134765625,0.525766909122467,502.337646484375,1044.334716796875,0.19071632623672485,501.1938171386719,1037.6607666015625,0.7367017865180969,512.05078125,913.9100952148438,0.523550808429718,470.6809387207031,1054.3233642578125,0.4179311692714691
72,393.90594482421875,973.9156494140625,0.32093673944473267,375.02496337890625,952.607666015625,0.8321281671524048,392.8892517089844,966.497802734375,0.019744664430618286,400.1113586425781,934.3683471679688,0.024986475706100464,413.7250671386719,903.9048461914062,0.7668448686599731,429.1804504394531,956.2820434570312,0.0415492057800293,415.7489929199219,937.9574584960938,0.7229529023170471,434.3136901855469,1005.5847778320312,0.8932251930236816,432.806640625,1009.77587890625,0.9375799894332886,496.99261474609375,990.2830810546875,0.1046316921710968,479.09747314453125,976.6401977539062,0.6053298711776733,501.5870666503906,1043.183837890625,0.2039322555065155,501.6374206542969,1031.966796875,0.732527494430542,509.4875793457031,910.4667358398438,0.5663366913795471,469.383056640625,1060.2044677734375,0.3087405264377594
73,393.7530517578125,973.8226928710938,0.32460880279541016,374.9980163574219,952.65283203125,0.833122193813324,392.7330322265625,966.6376953125,0.01969808340072632,399.93115234375,934.3501586914062,0.02538105845451355,413.7088317871094,903.6810913085938,0.7520695924758911,429.15020751953125,956.2561645507812,0.041180312633514404,415.5472717285156,937.7578735351562,0.7299417853355408,434.2912292480469,1005.55810546875,0.8954041004180908,432.7823181152344,1009.7938232421875,0.9375245571136475,496.9783935546875,990.2907104492188,0.10531473159790039,479.14208984375,976.6559448242188,0.6016464233398438,501.5947570800781,1043.1866455078125,0.20510870218276978,501.6466064453125,1031.9852294921875,0.7313731908798218,509.7296142578125,910.4120483398438,0.5734039545059204,469.3978576660156,1060.21240234375,0.3107527494430542
74,393.3956298828125,972.2391967773438,0.19690710306167603,376.6053771972656,955.8663940429688,0.7979875802993774,416.89080810546875,909.7385864257812,0.008544176816940308,399.863037109375,931.3410034179688,0.022040247917175293,414.3785705566406,905.8416748046875,0.7374523878097534,422.7078552246094,946.3714599609375,0.04788482189178467,416.53094482421875,937.14794921875,0.6775060892105103,435.29541015625,1007.3399047851562,0.8764041066169739,433.6562194824219,1009.8662109375,0.896946907043457,453.4039001464844,969.9268798828125,0.03987160325050354,474.3061828613281,967.0200805664062,0.6025933027267456,501.0205078125,1036.4693603515625,0.05336838960647583,499.8031311035156,1030.84619140625,0.8260831832885742,511.0782775878906,901.30908203125,0.8372790813446045,474.919921875,1063.3272705078125,0.2689085006713867
75,393.4754333496094,972.380126953125,0.18104928731918335,376.5007019042969,956.1176147460938,0.789427638053894,416.9395446777344,909.6634521484375,0.008802056312561035,399.9732360839844,931.3734741210938,0.02141985297203064,414.64459228515625,905.5812377929688,0.7180039286613464,422.82012939453125,946.2568969726562,0.04940211772918701,416.6373596191406,937.0906372070312,0.6818689107894897,435.4858093261719,1007.6332397460938,0.8673295974731445,434.20098876953125,1009.8707885742188,0.9048964381217957,453.56219482421875,970.0419311523438,0.03559201955795288,474.15240478515625,967.1434326171875,0.6036468148231506,500.8824157714844,1036.5455322265625,0.060352712869644165,499.9223937988281,1031.150146484375,0.8216358423233032,511.08306884765625,901.300537109375,0.837149977684021,475.0098876953125,1063.155517578125,0.23797863721847534
76,392.2268371582031,972.9335327148438,0.2514953315258026,376.02154541015625,957.2819213867188,0.7795688509941101,393.2136535644531,963.7131958007812,0.007872194051742554,399.2855224609375,931.5790405273438,0.015831291675567627,415.138916015625,905.8910522460938,0.8091408014297485,423.0245666503906,946.62939453125,0.04262983798980713,417.5911560058594,936.4855346679688,0.6873959898948669,435.8555603027344,1006.7136840820312,0.7897546291351318,433.8714599609375,1009.4751586914062,0.9064390063285828,454.0425720214844,968.4766235351562,0.042649298906326294,471.3481750488281,964.4879760742188,0.7262327671051025,486.37249755859375,1023.2496337890625,0.05324527621269226,497.94525146484375,1027.28173828125,0.5093904137611389,510.2956848144531,900.0345458984375,0.8458379507064819,481.7813720703125,1065.35009765625,0.9134055376052856
77,392.90887451171875,973.4549560546875,0.240777850151062,376.016845703125,956.9730224609375,0.7721834182739258,393.8865051269531,963.1732788085938,0.007306128740310669,400.2534484863281,931.5094604492188,0.02080938220024109,414.86773681640625,906.3741455078125,0.8079653978347778,425.4862976074219,951.6897583007812,0.038587093353271484,417.9263000488281,936.76513671875,0.6811648607254028,435.7740783691406,1008.1293334960938,0.7536331415176392,434.0736999511719,1009.5025634765625,0.8938137292861938,454.7591552734375,968.2413330078125,0.05103248357772827,471.3883056640625,964.6875610351562,0.7358887195587158,486.8440246582031,1022.8576049804688,0.04551389813423157,497.84136962890625,1027.3302001953125,0.5884944200515747,510.3079833984375,899.978271484375,0.8419429063796997,481.6879577636719,1065.25927734375,0.9188231229782104
78,397.3753356933594,973.5430908203125,0.358021080493927,375.7685241699219,953.5193481445312,0.835557222366333,393.24603271484375,959.8640747070312,0.018977582454681396,411.3464050292969,953.8236694335938,0.022208720445632935,414.37225341796875,903.5037231445312,0.7606832385063171,427.60174560546875,954.262939453125,0.052506595849990845,419.78729248046875,937.0586547851562,0.704251766204834,435.0464172363281,1007.823486328125,0.7332075834274292,434.522705078125,1010.0133056640625,0.9129936695098877,453.1826477050781,967.4603271484375,0.05081743001937866,466.85882568359375,963.16259765625,0.8236039876937866,499.45208740234375,1011.637451171875,0.08020159602165222,497.9017639160156,1025.0146484375,0.6371134519577026,509.9115905761719,898.6171875,0.8381813764572144,482.2886962890625,1063.9525146484375,0.744231641292572
79,397.5425720214844,973.6849365234375,0.36748385429382324,375.91839599609375,953.5068359375,0.8342578411102295,393.51617431640625,959.8203125,0.01772063970565796,411.3539123535156,953.8699340820312,0.022661864757537842,414.5759582519531,903.1983032226562,0.7739846110343933,427.5863342285156,954.7638549804688,0.05246344208717346,420.1988220214844,937.2615966796875,0.698553204536438,435.5324401855469,1009.3186645507812,0.709421694278717,434.6648864746094,1010.0421752929688,0.9167078733444214,453.1080627441406,967.7504272460938,0.05148616433143616,467.18646240234375,963.6586303710938,0.827505350112915,497.9693603515625,1012.2505493164062,0.08818060159683228,493.62982177734375,1019.33447265625,0.6604693531990051,509.9356384277344,898.3563232421875,0.8382402658462524,482.8416748046875,1064.334228515625,0.7302016019821167
80,397.5923156738281,975.0140380859375,0.40903007984161377,376.7347106933594,954.4617919921875,0.8702489137649536,392.6842346191406,961.5819702148438,0.015875905752182007,410.8104248046875,955.3128051757812,0.024008989334106445,417.3546142578125,901.7588500976562,0.70111083984375,427.20703125,956.1412963867188,0.03386521339416504,420.1103210449219,936.7236328125,0.7504613995552063,417.2789306640625,992.10791015625,0.6582934856414795,432.3247985839844,1003.1746215820312,0.8867127299308777,477.3049621582031,974.534423828125,0.15514740347862244,462.8795471191406,966.4537963867188,0.46603667736053467,496.1656494140625,1010.0516357421875,0.4169015884399414,487.07421875,1013.5958862304688,0.8210165500640869,508.35687255859375,897.0178833007812,0.7929031848907471,488.03204345703125,1065.642822265625,0.5717146992683411
81,397.6177978515625,975.0217895507812,0.406112402677536,376.7344665527344,954.458251953125,0.8705090284347534,392.6346740722656,961.5723266601562,0.015547096729278564,410.83709716796875,955.2747192382812,0.024338364601135254,417.5158386230469,902.0973510742188,0.6804702281951904,427.2408752441406,956.2488403320312,0.03404998779296875,420.1419677734375,936.7180786132812,0.7588095664978027,417.2669372558594,992.1766357421875,0.6507185101509094,432.27532958984375,1003.1964721679688,0.8868379592895508,477.3124694824219,974.8230590820312,0.1575773060321808,462.9838562011719,966.7335205078125,0.47403475642204285,496.2116394042969,1010.0537109375,0.4179106056690216,487.0402526855469,1013.7125854492188,0.8274880647659302,508.5257568359375,896.9268188476562,0.7821088433265686,488.0422668457031,1065.6834716796875,0.5751643180847168
82,397.0781555175781,976.5084228515625,0.5937004089355469,377.2162170410156,954.58642578125,0.9241452217102051,393.0747375488281,966.8048095703125,0.03341364860534668,411.04595947265625,955.4976196289062,0.031752943992614746,412.346923828125,900.9773559570312,0.5109695196151733,426.56280517578125,956.3953247070312,0.022392064332962036,419.34979248046875,939.8895263671875,0.7381770014762878,420.4609680175781,997.9821166992188,0.429241418838501,420.3909606933594,994.0752563476562,0.8800337314605713,474.65380859375,979.0607299804688,0.06212425231933594,454.83441162109375,964.9619750976562,0.5553330183029175,476.7703857421875,1004.4969482421875,0.7207105755805969,476.27294921875,1008.8005981445312,0.7157784104347229,506.379638671875,899.006103515625,0.8191191554069519,491.1299743652344,1066.9613037109375,0.5320790410041809
83,397.1971435546875,977.1041259765625,0.5878841280937195,376.2374572753906,955.3424072265625,0.9201476573944092,392.7449645996094,966.984130859375,0.03673785924911499,410.816162109375,955.9472045898438,0.042595088481903076,409.5904541015625,908.466064453125,0.5212097764015198,426.7847900390625,957.423583984375,0.02665400505065918,419.5977478027344,941.1221313476562,0.7319381237030029,420.26873779296875,997.976318359375,0.4238872826099396,420.3905029296875,993.9476928710938,0.88629150390625,474.4793701171875,979.1845092773438,0.06646069884300232,454.68218994140625,964.9577026367188,0.6122173070907593,476.9617614746094,1004.7490234375,0.7130826711654663,476.25274658203125,1008.962890625,0.7260861992835999,506.07122802734375,899.0642700195312,0.7968779802322388,491.3396301269531,1066.740966796875,0.5435842275619507
84,398.6500244140625,976.73876953125,0.5391330122947693,375.2829284667969,955.9691772460938,0.9141068458557129,396.7380065917969,968.9283447265625,0.061131805181503296,364.9895324707031,922.6160278320312,0.03901579976081848,416.5970458984375,897.3910522460938,0.6304140090942383,724.073974609375,1636.9012451171875,0.013826042413711548,420.251220703125,942.3582763671875,0.7776327729225159,416.66131591796875,998.207275390625,0.48864078521728516,421.98968505859375,998.3224487304688,0.9578466415405273,466.3913879394531,972.9058837890625,0.07480406761169434,454.4772033691406,966.2488403320312,0.852391242980957,464.5604248046875,1011.1777954101562,0.37111711502075195,466.1891784667969,1011.2256469726562,0.4840761125087738,505.2401123046875,903.8392944335938,0.6692527532577515,500.0650329589844,1069.5787353515625,0.8342627286911011
85,398.6557312011719,976.8128662109375,0.5386823415756226,375.3306579589844,955.98828125,0.9164989590644836,396.750732421875,969.0108642578125,0.061195194721221924,364.8529052734375,922.6658935546875,0.039969950914382935,416.3489074707031,897.5738525390625,0.6064457297325134,723.7643432617188,1636.827880859375,0.015248864889144897,420.1732177734375,942.4188842773438,0.7795039415359497,416.59716796875,998.16162109375,0.49143218994140625,421.9954833984375,998.2785034179688,0.957226037979126,466.374267578125,972.8636474609375,0.07423093914985657,454.45721435546875,966.2112426757812,0.8537795543670654,464.5796813964844,1011.1544189453125,0.36928829550743103,466.1475830078125,1011.1854858398438,0.4851641058921814,505.12957763671875,903.85205078125,0.6663610935211182,500.08880615234375,1069.6217041015625,0.8336272239685059
86,391.8061218261719,979.019287109375,0.6899680495262146,373.89544677734375,955.5543823242188,0.9237029552459717,364.4600830078125,922.4013061523438,0.0540122389793396,364.9534606933594,922.7529296875,0.02611720561981201,406.269775390625,903.5338745117188,0.4826275110244751,724.199462890625,1636.84619140625,0.01623249053955078,413.4432067871094,939.6691284179688,0.7369300127029419,409.5102233886719,993.7882080078125,0.2844284176826477,418.9276428222656,1000.2947998046875,0.8875353932380676,464.68682861328125,971.5030517578125,0.11143022775650024,454.9303283691406,964.397216796875,0.9024953246116638,500.5068664550781,1008.3580322265625,0.23717617988586426,453.4361572265625,1012.505126953125,0.4946310520172119,498.78045654296875,903.9005737304688,0.47146812081336975,502.9869689941406,1073.9556884765625,0.8831584453582764
87,391.93292236328125,979.0200805664062,0.6951937079429626,373.86883544921875,955.5735473632812,0.9234528541564941,364.4483947753906,922.3877563476562,0.0534001886844635,364.9222412109375,922.7334594726562,0.02601921558380127,406.4029541015625,903.5480346679688,0.48162156343460083,724.2020263671875,1636.84619140625,0.0162278413772583,416.52630615234375,942.07958984375,0.7332906126976013,409.50018310546875,993.7597045898438,0.28040164709091187,419.1839294433594,1000.27099609375,0.884048581123352,464.8089599609375,971.118408203125,0.0940619707107544,454.9706726074219,963.9901123046875,0.9023335576057434,500.830810546875,1008.1484985351562,0.271686315536499,453.17608642578125,1014.398681640625,0.47580260038375854,498.87103271484375,903.9002685546875,0.501246452331543,502.9877624511719,1073.934814453125,0.8831231594085693
88,390.37353515625,978.473876953125,0.7549742460250854,373.1810302734375,955.3715209960938,0.8769979476928711,388.2554626464844,967.3744506835938,0.041364192962646484,401.01727294921875,966.0162353515625,0.03459668159484863,401.9474182128906,907.1599731445312,0.3999890685081482,724.3900146484375,1636.77587890625,0.018000811338424683,409.116943359375,938.7821044921875,0.7662060260772705,400.1834411621094,989.3408203125,0.45327630639076233,409.1266784667969,993.305419921875,0.8907662630081177,459.73565673828125,975.8162231445312,0.04174807667732239,449.9184265136719,966.2728271484375,0.8880277872085571,454.00128173828125,1008.189453125,0.2200535237789154,454.9185485839844,1013.4507446289062,0.8096166253089905,493.4945373535156,898.5955810546875,0.5827292203903198,511.8554992675781,1073.903076171875,0.9129818677902222
89,390.5755615234375,978.4360961914062,0.7491956949234009,373.1999816894531,955.2985229492188,0.883821964263916,388.3362731933594,967.39404296875,0.03918910026550293,400.9889221191406,966.0253295898438,0.033323734998703,401.9628601074219,907.0748901367188,0.3972721993923187,724.375732421875,1636.96728515625,0.01787656545639038,409.2726135253906,938.6786499023438,0.7672682404518127,407.4934997558594,993.9566040039062,0.4415762722492218,409.1690673828125,993.2493896484375,0.8936676383018494,459.6307067871094,975.8834228515625,0.039949119091033936,449.9659729003906,966.2327880859375,0.889875054359436,453.9261169433594,1008.26025390625,0.21468979120254517,455.02471923828125,1013.5421752929688,0.8175381422042847,493.4378662109375,898.5571899414062,0.5856094360351562,511.8731994628906,1073.82080078125,0.9215516448020935
90,386.52685546875,974.6522827148438,0.8206782341003418,366.37335205078125,955.1739501953125,0.7477373480796814,382.9570007324219,959.0797119140625,0.052374184131622314,398.11083984375,957.296875,0.035492390394210815,401.5300598144531,902.7837524414062,0.52659672498703,724.3487548828125,1636.8284912109375,0.01806536316871643,405.710693359375,934.5973510742188,0.721091628074646,401.823974609375,989.8214721679688,0.3143812119960785,406.911376953125,990.9415283203125,0.9189190864562988,459.4458923339844,973.0947265625,0.056226104497909546,449.8890075683594,965.6112670898438,0.9437118768692017,501.21044921875,1014.2233276367188,0.4343233108520508,456.3918762207031,1012.92041015625,0.8342385292053223,490.050537109375,896.7946166992188,0.5843870043754578,520.6239013671875,1074.3404541015625,0.9342079162597656
91,386.5298156738281,974.705810546875,0.8216179013252258,366.3895568847656,955.2144775390625,0.7433844208717346,382.9589538574219,959.1099243164062,0.0526888370513916,398.1084289550781,957.2833862304688,0.03510370850563049,401.4015808105469,902.8113403320312,0.5295963883399963,724.2974853515625,1636.765625,0.01773497462272644,405.7021484375,934.5674438476562,0.719428300857544,401.86846923828125,989.8342895507812,0.31172293424606323,406.9024658203125,990.9442749023438,0.918511688709259,459.447509765625,973.1405029296875,0.05624544620513916,449.88836669921875,965.6392211914062,0.9437986612319946,501.22943115234375,1014.2125854492188,0.4276779890060425,456.3983459472656,1012.9203491210938,0.8351895809173584,490.01019287109375,896.7938232421875,0.5871838927268982,520.51318359375,1074.2469482421875,0.9360839128494263
92,384.2144775390625,975.3570556640625,0.7239339351654053,360.5809631347656,951.9638671875,0.6908218264579773,379.62213134765625,957.9728393554688,0.03929567337036133,395.2591857910156,955.6866455078125,0.03787463903427124,399.69256591796875,904.2332153320312,0.6035118103027344,724.3429565429688,1637.03125,0.01618814468383789,404.3237609863281,936.8820190429688,0.6323028802871704,399.1254577636719,990.124755859375,0.47480055689811707,402.6996765136719,991.06396484375,0.9083755016326904,460.34442138671875,972.4898681640625,0.08863598108291626,451.7900085449219,966.7811279296875,0.9384992718696594,500.6856689453125,1018.5133666992188,0.8530637621879578,458.9863586425781,1013.5750122070312,0.8577806949615479,488.9921875,896.595947265625,0.691845178604126,534.878662109375,1075.264892578125,0.9670703411102295
93,384.5779113769531,975.8240966796875,0.7350572943687439,360.84796142578125,951.9231567382812,0.7278901934623718,380.1055908203125,958.47119140625,0.044806092977523804,395.68701171875,955.863037109375,0.052806317806243896,386.8841247558594,914.6883544921875,0.5784118175506592,724.4258422851562,1637.013427734375,0.016115307807922363,405.21722412109375,939.02783203125,0.5966095328330994,399.0679626464844,989.861328125,0.44635576009750366,402.8328857421875,991.26318359375,0.9013078212738037,461.03472900390625,972.1068115234375,0.11726188659667969,452.494140625,966.4302978515625,0.9199212789535522,500.4585876464844,1018.35986328125,0.8584237098693848,459.3421630859375,1014.2254028320312,0.8700879812240601,489.473876953125,897.6090087890625,0.7355142831802368,534.92138671875,1075.2518310546875,0.9694761633872986
94,380.6017761230469,977.85546875,0.5749247670173645,359.0558776855469,953.1533203125,0.6941940188407898,372.94427490234375,959.3848876953125,0.047683000564575195,394.8620910644531,954.6071166992188,0.043428897857666016,390.334716796875,910.8482666015625,0.3880123794078827,411.03753662109375,953.2239379882812,0.021602630615234375,404.3217468261719,939.5397338867188,0.6628045439720154,400.81494140625,990.0263061523438,0.28108155727386475,403.6485595703125,990.9418334960938,0.9024448394775391,460.88214111328125,971.0960083007812,0.09428480267524719,452.1867980957031,966.0208740234375,0.9370845556259155,502.5493469238281,1018.4801025390625,0.9257756471633911,460.5386962890625,1013.3540649414062,0.9209248423576355,489.49725341796875,896.6441650390625,0.7416315078735352,541.8097534179688,1070.9239501953125,0.8895230293273926
95,380.626708984375,977.792236328125,0.5779935717582703,359.0572509765625,953.241455078125,0.6996059417724609,372.9057922363281,959.3573608398438,0.04798567295074463,394.81854248046875,954.5686645507812,0.04321613907814026,390.21075439453125,910.7449951171875,0.3813742697238922,411.0505676269531,953.2532348632812,0.021654397249221802,404.2934875488281,939.528564453125,0.6587848663330078,400.7799072265625,990.0592651367188,0.28842294216156006,403.6239929199219,990.9456787109375,0.9033795595169067,460.88580322265625,971.0987548828125,0.09413179755210876,452.1861572265625,966.012451171875,0.9371241331100464,502.55474853515625,1018.4862060546875,0.9259871244430542,460.5353698730469,1013.363037109375,0.921057939529419,489.51336669921875,896.6476440429688,0.7426846623420715,541.8098754882812,1070.927978515625,0.8896538019180298
96,377.9755554199219,978.5263671875,0.34304165840148926,358.7543640136719,952.4072875976562,0.6150394082069397,370.7299499511719,958.5203857421875,0.056952863931655884,383.24371337890625,954.0721435546875,0.06459543108940125,389.27960205078125,910.931396484375,0.40863633155822754,724.2808837890625,1636.88623046875,0.016258984804153442,402.5489807128906,937.1267700195312,0.6614922881126404,419.63909912109375,994.7483520507812,0.1865302324295044,403.5913391113281,989.989501953125,0.9037015438079834,461.034423828125,970.1892700195312,0.11686694622039795,450.8812255859375,964.962158203125,0.899709165096283,502.39031982421875,1019.7694702148438,0.920002818107605,461.6462707519531,1014.2066650390625,0.9180183410644531,489.6783752441406,897.5858764648438,0.7688862681388855,551.4920043945312,1069.1209716796875,0.8766627311706543
97,379.9334716796875,976.5572509765625,0.3796756863594055,356.80364990234375,954.5750732421875,0.705346941947937,370.9221496582031,957.98974609375,0.03900596499443054,392.9948425292969,953.9469604492188,0.05827069282531738,384.36273193359375,913.3858642578125,0.5471157431602478,412.10546875,953.0587768554688,0.01952609419822693,402.084716796875,936.9478149414062,0.6633120179176331,402.5748291015625,989.7138671875,0.1919189691543579,403.9439392089844,989.9285278320312,0.8983515501022339,461.1287536621094,969.3678588867188,0.11332222819328308,450.7748107910156,964.0249633789062,0.9357536435127258,502.3040466308594,1019.44775390625,0.8094847202301025,463.0867919921875,1014.565673828125,0.9074587821960449,489.0203552246094,896.0230102539062,0.7187879085540771,557.8753051757812,1064.4345703125,0.8568161129951477
98,379.86279296875,976.6135864257812,0.38191625475883484,356.8802490234375,954.5128784179688,0.7064425945281982,370.8157653808594,958.029541015625,0.03696122765541077,392.8182678222656,953.940673828125,0.05919289588928223,384.4781188964844,913.431884765625,0.5490292310714722,412.12799072265625,952.9923706054688,0.021627098321914673,402.3316955566406,936.9974365234375,0.6753583550453186,414.82611083984375,991.1856079101562,0.19518157839775085,403.88623046875,989.912109375,0.897156834602356,461.08270263671875,969.2203369140625,0.11777451634407043,450.7955627441406,963.9411010742188,0.9405220746994019,502.17388916015625,1019.3351440429688,0.8128085732460022,463.1102294921875,1014.5813598632812,0.9123552441596985,489.0397033691406,896.0274047851562,0.7221810817718506,557.8888549804688,1064.50390625,0.874361515045166
99,379.6977233886719,976.5374145507812,0.33697623014450073,357.1419372558594,954.4400024414062,0.6839354038238525,370.7382507324219,957.937255859375,0.0302753746509552,392.86273193359375,954.0938110351562,0.055904775857925415,384.3088073730469,913.7093505859375,0.563453733921051,411.8913269042969,952.855712890625,0.02441158890724182,402.5673828125,936.8394165039062,0.6903111338615417,414.311279296875,991.5498657226562,0.22027498483657837,403.6944274902344,990.2001342773438,0.8948622345924377,461.1053466796875,969.4176635742188,0.09588181972503662,450.6735534667969,964.088623046875,0.9292114973068237,502.541748046875,1019.714599609375,0.8183872699737549,463.4608459472656,1014.4589233398438,0.9065253734588623,489.1573486328125,896.3704223632812,0.7361660599708557,557.76025390625,1064.2430419921875,0.8593074083328247
100,373.8045959472656,978.1179809570312,0.19713100790977478,358.58099365234375,956.6641845703125,0.4980519711971283,371.7360534667969,956.5095825195312,0.03581887483596802,382.971435546875,951.4601440429688,0.05759856104850769,382.8863220214844,914.4024047851562,0.5796946883201599,410.134765625,949.666259765625,0.023885339498519897,397.3182373046875,936.1510009765625,0.609298586845398,420.42352294921875,993.9080810546875,0.21429389715194702,404.146240234375,991.0907592773438,0.8955173492431641,461.45001220703125,969.2739868164062,0.09212461113929749,450.9326171875,963.9042358398438,0.9084686040878296,503.3713684082031,1023.2916870117188,0.7523252964019775,464.0110168457031,1014.9268798828125,0.9004817008972168,489.28369140625,896.2191772460938,0.7586566209793091,561.0589599609375,1064.0963134765625,0.855872631072998
101,373.591552734375,978.4925537109375,0.21367886662483215,358.47772216796875,956.6114501953125,0.5232145190238953,371.64129638671875,956.6126098632812,0.036618709564208984,382.8329772949219,951.5482177734375,0.059138476848602295,382.8294372558594,914.3867797851562,0.5811408758163452,410.0413818359375,949.8355712890625,0.023442745208740234,397.18536376953125,936.2152709960938,0.6138083934783936,420.28668212890625,993.9700927734375,0.21341782808303833,404.00518798828125,991.175048828125,0.8988084197044373,461.4049377441406,969.314453125,0.09686747193336487,450.898681640625,963.9574584960938,0.909441351890564,503.41265869140625,1023.39892578125,0.754335880279541,463.966796875,1014.9705810546875,0.9010848999023438,489.2728576660156,896.2402954101562,0.7613203525543213,561.0748291015625,1063.9959716796875,0.8506524562835693
102,375.6011962890625,980.0823974609375,0.5473682880401611,357.14422607421875,957.2471923828125,0.6427834033966064,370.97308349609375,957.446044921875,0.042114078998565674,381.6825866699219,951.768310546875,0.05159720778465271,382.3646240234375,914.1591186523438,0.5630530118942261,375.27947998046875,943.3724365234375,0.024075031280517578,394.7066955566406,938.3082275390625,0.6596379280090332,415.3123779296875,992.673583984375,0.2909390330314636,404.64447021484375,991.0551147460938,0.8505867719650269,460.5519104003906,968.9586181640625,0.1290920078754425,450.2009582519531,963.7824096679688,0.923189640045166,504.06976318359375,1023.7135620117188,0.7881054878234863,465.4100341796875,1014.686767578125,0.9070501327514648,489.6733093261719,897.884765625,0.7776533365249634,558.3397827148438,1065.5589599609375,0.8347960710525513
103,376.81988525390625,980.3109130859375,0.62025386095047,357.45123291015625,957.18505859375,0.6030785441398621,371.3196105957031,957.5927734375,0.03938332200050354,381.9058532714844,951.78759765625,0.04725700616836548,382.9981689453125,914.1318969726562,0.4899558424949646,410.54638671875,955.3199462890625,0.02983725070953369,396.2882080078125,938.42041015625,0.6627188324928284,414.35015869140625,991.918701171875,0.41091036796569824,404.49908447265625,990.5178833007812,0.8370505571365356,460.3824768066406,968.6590576171875,0.09635907411575317,450.59027099609375,963.3440551757812,0.9392539858818054,504.1942443847656,1023.8515625,0.7844780683517456,465.4418640136719,1014.24609375,0.9136292934417725,489.66693115234375,897.7808227539062,0.7793334722518921,558.2863159179688,1065.6219482421875,0.8275222778320312
104,344.1571044921875,933.4637451171875,0.21266645193099976,355.3553771972656,953.10693359375,0.5052624940872192,373.1316223144531,957.2753295898438,0.026785314083099365,381.7395935058594,950.4418334960938,0.0614626407623291,383.9979248046875,913.76318359375,0.49970242381095886,409.7976379394531,954.0639038085938,0.03954589366912842,396.8924560546875,935.2819213867188,0.6423107385635376,417.5164794921875,987.6431274414062,0.41990840435028076,400.5189514160156,982.681884765625,0.7882862687110901,460.9259338378906,968.9122924804688,0.12172010540962219,450.64599609375,963.5204467773438,0.9401192665100098,504.7492980957031,1022.0241088867188,0.8195159435272217,465.637451171875,1013.5932006835938,0.9318236112594604,489.0423583984375,896.9495849609375,0.7632401585578918,551.7982788085938,1068.622802734375,0.8701517581939697
105,344.0179138183594,933.424560546875,0.2125737965106964,355.3677673339844,953.1204223632812,0.5018491744995117,373.12091064453125,957.2628784179688,0.02633357048034668,381.7410888671875,950.4393920898438,0.06001943349838257,383.9490661621094,913.8494262695312,0.49425750970840454,409.7838439941406,954.0803833007812,0.04039052128791809,396.908203125,935.2735595703125,0.6388624310493469,417.5710144042969,987.6231689453125,0.4230610132217407,400.51409912109375,982.6963500976562,0.7881945967674255,460.8353271484375,968.8997192382812,0.12962943315505981,450.5495910644531,963.2639770507812,0.9383015632629395,504.7491455078125,1021.6817016601562,0.8179730176925659,465.62786865234375,1013.46337890625,0.930820882320404,489.0160827636719,896.9234008789062,0.7604272961616516,551.7936401367188,1068.620361328125,0.8666399717330933
106,344.5436096191406,933.581787109375,0.20304295420646667,354.78961181640625,953.0182495117188,0.2914462685585022,368.5814514160156,956.7770385742188,0.027775555849075317,381.2032165527344,950.5780029296875,0.06651830673217773,383.7220764160156,912.2283935546875,0.4110337495803833,410.42486572265625,954.5603637695312,0.03627574443817139,393.4595642089844,935.5565795898438,0.5920942425727844,421.5357666015625,993.1640014648438,0.6139914393424988,389.6419677734375,983.4431762695312,0.8943068981170654,459.686279296875,970.2053833007812,0.13522112369537354,450.5151062011719,962.75,0.899283766746521,504.052978515625,1021.0579223632812,0.7531924247741699,465.38629150390625,1014.4971313476562,0.9147809147834778,487.2429504394531,892.81103515625,0.7736570239067078,535.9591674804688,1072.652587890625,0.8607683181762695
107,344.54730224609375,933.5667724609375,0.20324113965034485,354.777099609375,953.0233154296875,0.29163306951522827,368.5947570800781,956.7869873046875,0.027829498052597046,381.21588134765625,950.5703735351562,0.06646198034286499,383.7148132324219,912.2266845703125,0.4123475253582001,410.3758850097656,954.5039672851562,0.035218745470047,393.4015197753906,935.5330200195312,0.5900081396102905,421.4598388671875,993.1670532226562,0.6129721403121948,389.66650390625,983.4111938476562,0.8940457105636597,459.7137756347656,970.1282958984375,0.14712068438529968,450.48712158203125,962.8013916015625,0.8995598554611206,503.1042175292969,1020.9730224609375,0.6194390058517456,465.5226745605469,1014.3394165039062,0.9186456799507141,487.34503173828125,892.8193969726562,0.7765015363693237,535.6343383789062,1072.6385498046875,0.8530104160308838
108,344.7049560546875,933.7463989257812,0.16178804636001587,355.6533508300781,953.7894287109375,0.21430596709251404,374.58648681640625,960.1127319335938,0.012305498123168945,350.2305603027344,929.6154174804688,0.03656354546546936,382.60650634765625,912.48291015625,0.4556495249271393,409.7562561035156,953.5440673828125,0.03655076026916504,391.3909606933594,938.0330200195312,0.6193630695343018,416.4416198730469,989.6470947265625,0.6604280471801758,395.1491394042969,984.7816772460938,0.8636316061019897,459.5038146972656,971.2694702148438,0.15235570073127747,450.7923583984375,963.6864013671875,0.8699539303779602,460.8858642578125,1011.8285522460938,0.2495833933353424,465.0950927734375,1015.1441650390625,0.8821728825569153,488.60272216796875,897.2473754882812,0.7822914123535156,516.6846923828125,1077.594482421875,0.9097694754600525
109,345.2545166015625,933.9293212890625,0.17294719815254211,355.72271728515625,953.9759521484375,0.2278236746788025,374.38604736328125,960.8467407226562,0.011868208646774292,350.4877014160156,929.9658813476562,0.03748267889022827,381.7504577636719,913.5448608398438,0.4505051374435425,409.4071350097656,953.2781982421875,0.0410383939743042,391.4142761230469,937.8534545898438,0.6264148950576782,416.19219970703125,989.255615234375,0.6342250108718872,395.2711486816406,984.4039916992188,0.8584181070327759,459.1688232421875,971.8038330078125,0.1562299132347107,450.7412414550781,964.4159545898438,0.8761133551597595,460.93511962890625,1011.80908203125,0.2639505863189697,465.7239074707031,1015.105224609375,0.8920882940292358,489.14312744140625,897.7304077148438,0.8184176683425903,516.6442260742188,1077.591064453125,0.9099116921424866
110,344.7837219238281,934.0463256835938,0.1244402825832367,355.1803283691406,955.9569091796875,0.13793125748634338,380.1176452636719,957.8032836914062,0.008502870798110962,349.7708435058594,930.1162719726562,0.03260877728462219,382.70263671875,914.214111328125,0.43876683712005615,409.4383239746094,955.1817626953125,0.06951859593391418,390.2029113769531,940.5911254882812,0.6830070614814758,422.4896240234375,993.2943115234375,0.7395119071006775,397.6405944824219,986.9409790039062,0.8628591299057007,457.72869873046875,972.6119384765625,0.13764384388923645,450.53216552734375,966.8434448242188,0.8785603642463684,508.7754211425781,1022.8089599609375,0.7933006286621094,467.6630554199219,1016.5482788085938,0.8569602966308594,490.2066345214844,897.8153686523438,0.8399902582168579,496.9054260253906,1076.5118408203125,0.24583616852760315
111,344.66741943359375,934.1429443359375,0.13637042045593262,355.00750732421875,955.8729858398438,0.15892323851585388,380.1418762207031,957.7847900390625,0.008974641561508179,349.6539001464844,929.9819946289062,0.03619152307510376,382.9189453125,914.17626953125,0.42441004514694214,409.36602783203125,955.1887817382812,0.07132264971733093,390.247802734375,940.499267578125,0.6773073673248291,422.4862976074219,993.3283081054688,0.7417857646942139,397.6932678222656,986.9889526367188,0.860764741897583,457.66973876953125,972.6708984375,0.1404012143611908,450.60052490234375,966.8030395507812,0.87848961353302,509.1198425292969,1022.8388671875,0.7969028353691101,467.6358947753906,1016.4375,0.8500375747680664,490.1357116699219,897.7565307617188,0.8395528197288513,496.99688720703125,1076.5677490234375,0.2402741014957428
112,345.5916442871094,932.4801025390625,0.12236404418945312,356.629638671875,958.3858032226562,0.12479814887046814,373.260986328125,957.2431640625,0.015734583139419556,391.3385009765625,951.6129150390625,0.03817829489707947,383.20947265625,913.1450805664062,0.39975786209106445,409.3311462402344,955.5933227539062,0.09734126925468445,390.4596252441406,939.672607421875,0.6806007027626038,421.76910400390625,993.912841796875,0.6660760045051575,402.56500244140625,989.7801513671875,0.8642073273658752,457.62664794921875,972.5025634765625,0.06540408730506897,449.6323547363281,970.9452514648438,0.8512482643127441,512.114501953125,1022.0860595703125,0.917990505695343,469.9107971191406,1017.9713134765625,0.8569728136062622,490.63653564453125,898.1896362304688,0.852266252040863,478.22003173828125,1067.8831787109375,0.07353585958480835
113,345.4746398925781,932.5109252929688,0.12660330533981323,356.59454345703125,958.2568359375,0.11882531642913818,377.8162841796875,956.3348388671875,0.013626188039779663,391.3724060058594,951.5626831054688,0.037166327238082886,383.25341796875,913.2875366210938,0.39625224471092224,409.0428771972656,955.4649658203125,0.09570419788360596,390.43988037109375,939.7047729492188,0.6846579313278198,421.6761169433594,993.9915771484375,0.6653457880020142,402.3910217285156,989.8392333984375,0.8668985366821289,457.6230163574219,972.5531616210938,0.06444546580314636,449.6724853515625,971.0256958007812,0.8543847799301147,512.1380615234375,1022.1755981445312,0.9137200713157654,469.7161865234375,1017.7715454101562,0.8589833974838257,490.6485595703125,898.20361328125,0.8516699075698853,478.23370361328125,1068.1373291015625,0.07234102487564087
114,346.99798583984375,932.892333984375,0.13485664129257202,356.91815185546875,957.1707153320312,0.16402378678321838,374.0325927734375,957.0146484375,0.015312373638153076,391.0438232421875,950.4682006835938,0.038049519062042236,384.6191711425781,912.8069458007812,0.4644080698490143,411.0270690917969,955.6807861328125,0.04697310924530029,391.07562255859375,940.5386962890625,0.6509169936180115,420.71783447265625,990.318359375,0.635739266872406,403.0002136230469,989.8445434570312,0.8075982332229614,458.62701416015625,971.860595703125,0.06936749815940857,450.7000427246094,970.5643310546875,0.8527432680130005,515.07861328125,1021.1442260742188,0.6335335969924927,472.4544982910156,1019.8566284179688,0.9435396194458008,491.1203308105469,897.8749389648438,0.8670405149459839,459.317626953125,1058.8570556640625,0.700701117515564
115,347.05621337890625,932.9492797851562,0.13439074158668518,356.9546203613281,957.0433959960938,0.1747378408908844,374.0475769042969,956.8711547851562,0.015665203332901,391.1576232910156,950.4595947265625,0.03719216585159302,384.29083251953125,912.91943359375,0.47501277923583984,411.2860412597656,955.6860961914062,0.04556483030319214,390.9945068359375,940.325439453125,0.6614842414855957,420.870361328125,990.4990234375,0.6392446756362915,403.00408935546875,989.9462280273438,0.8089944124221802,458.4769592285156,971.9784545898438,0.07266917824745178,450.5213623046875,970.56884765625,0.8558111190795898,515.020751953125,1021.0140380859375,0.6339709162712097,472.6111755371094,1019.9994506835938,0.9395817518234253,491.1212158203125,897.8810424804688,0.8660330772399902,459.320068359375,1058.938720703125,0.7058181762695312
116,347.82427978515625,933.9490356445312,0.1806211769580841,357.8648681640625,956.667724609375,0.09798341989517212,376.4853820800781,956.0489501953125,0.01647832989692688,351.53466796875,929.4368896484375,0.03313848376274109,384.9801330566406,914.4760131835938,0.48213112354278564,411.4669189453125,956.2232666015625,0.04340022802352905,392.6492919921875,940.2193603515625,0.5456749200820923,414.1779479980469,991.6239013671875,0.6640037894248962,403.9330139160156,990.9505004882812,0.7885445356369019,458.71307373046875,969.69384765625,0.06484904885292053,454.5182189941406,963.6533203125,0.822512149810791,516.9537353515625,1019.5100708007812,0.4853506088256836,475.05303955078125,1018.5709228515625,0.9241583943367004,491.9737854003906,898.5869140625,0.8823157548904419,455.2472839355469,1056.6322021484375,0.8450446128845215
117,349.0077209472656,933.1183471679688,0.1986110806465149,357.842041015625,956.63330078125,0.10590913891792297,376.2650451660156,955.9309692382812,0.016751199960708618,351.57879638671875,929.607421875,0.03368613123893738,385.2492370605469,914.69970703125,0.4523085951805115,411.5317687988281,956.3483276367188,0.04234880208969116,392.7919616699219,940.5145874023438,0.5348119139671326,414.2184753417969,991.6348876953125,0.6555125713348389,404.0289306640625,990.9517211914062,0.7886184453964233,458.6959533691406,969.702880859375,0.06519880890846252,454.5201721191406,963.6696166992188,0.8227463960647583,516.9331665039062,1019.5171508789062,0.4846867322921753,475.0555419921875,1018.5676879882812,0.9246330261230469,492.0548095703125,898.6714477539062,0.8830347061157227,455.2828369140625,1056.6600341796875,0.8453949689865112
118,350.6684265136719,933.2603149414062,0.21071919798851013,372.99871826171875,965.8926391601562,0.07371777296066284,376.4179382324219,954.3366088867188,0.021340101957321167,392.3014221191406,950.9193115234375,0.03777569532394409,385.88153076171875,916.4285888671875,0.6833044290542603,410.4818420410156,956.9337768554688,0.024432510137557983,403.06512451171875,945.4320678710938,0.4792669415473938,420.8007507324219,994.174560546875,0.5700298547744751,404.63189697265625,991.9589233398438,0.7791616916656494,460.9583740234375,968.3400268554688,0.10350286960601807,456.9249267578125,963.1168823242188,0.7956882119178772,516.7444458007812,1011.2051391601562,0.30310288071632385,472.1968688964844,1017.7996826171875,0.8585238456726074,492.2415771484375,898.5999145507812,0.870009183883667,453.4876708984375,1056.6907958984375,0.9003356695175171
119,352.3839111328125,934.9898071289062,0.20954740047454834,372.90234375,965.9159545898438,0.0787641704082489,376.57965087890625,954.3179931640625,0.020537137985229492,392.4629821777344,951.1109008789062,0.03725513815879822,386.08306884765625,916.277099609375,0.6472579836845398,410.61138916015625,956.9784545898438,0.02384248375892639,403.0603942871094,945.5601196289062,0.4832528233528137,420.7941589355469,994.123291015625,0.5782864093780518,404.67010498046875,991.97216796875,0.7851662635803223,460.937744140625,968.177490234375,0.09369373321533203,456.9497985839844,962.9532470703125,0.832564115524292,516.681396484375,1011.0302734375,0.3053062856197357,472.26727294921875,1017.5932006835938,0.8657550811767578,492.09783935546875,898.5859985351562,0.8702570199966431,453.4794921875,1056.6881103515625,0.8979332447052002
120,387.0479736328125,979.7540893554688,0.22201403975486755,375.2679138183594,966.8741455078125,0.22800272703170776,381.4307861328125,957.4513549804688,0.01237747073173523,358.51556396484375,937.5121459960938,0.03745219111442566,387.95721435546875,918.305908203125,0.48035669326782227,414.9575500488281,961.3433837890625,0.03847089409828186,408.9184875488281,948.8207397460938,0.46529003977775574,423.33306884765625,995.8380126953125,0.6273727416992188,415.2286071777344,994.2333984375,0.6502187252044678,467.9423828125,971.2709350585938,0.08053979277610779,462.4759521484375,965.1192626953125,0.8144850730895996,514.7387084960938,1015.8051147460938,0.2686496675014496,475.90594482421875,1016.6063232421875,0.8830618858337402,492.6206970214844,897.9757080078125,0.8864988684654236,454.4005126953125,1056.6265869140625,0.8856833577156067
121,387.1222229003906,979.8509521484375,0.22764068841934204,375.1822509765625,967.053466796875,0.23265525698661804,381.44281005859375,957.4685668945312,0.012443691492080688,358.4447326660156,937.5355834960938,0.03697258234024048,388.0648193359375,918.3272094726562,0.48653319478034973,414.95428466796875,961.4865112304688,0.039379656314849854,408.9506530761719,949.0142211914062,0.46764475107192993,423.3273010253906,995.7911376953125,0.6238497495651245,415.2497253417969,994.2401733398438,0.650191068649292,467.9530029296875,971.2763061523438,0.08031719923019409,462.4265441894531,965.1458740234375,0.8172169923782349,514.706298828125,1015.748291015625,0.2601802349090576,475.86077880859375,1016.5968627929688,0.8833562135696411,492.5806884765625,897.971923828125,0.8861613273620605,454.3713073730469,1056.6361083984375,0.8824371099472046
122,404.31854248046875,999.5418701171875,0.13088580965995789,376.5165710449219,969.51171875,0.2359667718410492,404.72381591796875,964.8955688476562,0.013621598482131958,403.9677734375,952.724853515625,0.056674301624298096,399.8662109375,915.3461303710938,0.6056981682777405,389.4432067871094,945.4373168945312,0.032348424196243286,413.7125244140625,947.0786743164062,0.5090782642364502,422.280517578125,994.052001953125,0.5712279677391052,413.5706481933594,991.1255493164062,0.875494658946991,466.3972473144531,971.5380249023438,0.10754662752151489,457.6623229980469,965.9119262695312,0.8588536977767944,516.9690551757812,1010.567626953125,0.09385094046592712,479.5316162109375,1021.8163452148438,0.9162226319313049,493.4241027832031,899.1283569335938,0.8694672584533691,457.9406433105469,1059.78662109375,0.8337372541427612
123,404.0929260253906,999.5238647460938,0.12508344650268555,376.483154296875,969.6875610351562,0.24731487035751343,404.43511962890625,964.8414306640625,0.013632982969284058,403.9022521972656,952.8492431640625,0.05740448832511902,399.44775390625,915.6327514648438,0.5856450796127319,389.5850830078125,945.6262817382812,0.0356217622756958,413.48779296875,947.131103515625,0.5119853019714355,422.0780944824219,994.4179077148438,0.5953784584999084,413.4774169921875,991.4607543945312,0.8727887868881226,466.2657775878906,971.4459228515625,0.11063709855079651,457.6014404296875,965.68505859375,0.8791435956954956,516.8438720703125,1010.6115112304688,0.09143447875976562,479.53106689453125,1021.785888671875,0.9171985387802124,493.8002014160156,898.5601196289062,0.8753554821014404,457.9301452636719,1059.7073974609375,0.8394337892532349
124,410.1394348144531,995.0491943359375,0.4620359539985657,378.3504638671875,969.8308715820312,0.23415040969848633,400.47613525390625,973.5941772460938,0.027950972318649292,405.7234802246094,953.67724609375,0.08306282758712769,395.09283447265625,919.149658203125,0.6889106631278992,724.7822875976562,1637.1556396484375,0.019127845764160156,416.2358703613281,946.2078247070312,0.6502596139907837,424.6583251953125,993.9036865234375,0.5382753610610962,419.0081481933594,989.0148315429688,0.9083051681518555,459.6728515625,968.4556274414062,0.10961705446243286,455.59228515625,965.0674438476562,0.8745231032371521,516.3095703125,1007.0364379882812,0.0809272825717926,485.62127685546875,1023.4063110351562,0.9460118412971497,494.9756774902344,896.9856567382812,0.8733012676239014,462.1938781738281,1061.1998291015625,0.3268880844116211
125,409.7151794433594,995.3167724609375,0.43123212456703186,377.6551818847656,969.569580078125,0.22923049330711365,400.1575012207031,973.5111694335938,0.025676727294921875,405.604248046875,953.2205200195312,0.0824136734008789,395.4424133300781,919.12353515625,0.6877055168151855,724.7919311523438,1637.2418212890625,0.019516795873641968,416.3246154785156,946.396240234375,0.6647456884384155,424.4260559082031,994.1041870117188,0.5363821983337402,418.7294616699219,989.4793701171875,0.9117594957351685,459.4991455078125,968.739501953125,0.097688227891922,455.3228454589844,965.6012573242188,0.8679720163345337,516.091796875,1007.87939453125,0.11808604001998901,486.05145263671875,1023.4000244140625,0.950824499130249,495.05859375,897.1466674804688,0.8732652068138123,462.1546630859375,1061.060546875,0.3129153549671173
126,412.4146423339844,992.1102905273438,0.4966605603694916,389.4018859863281,970.7214965820312,0.15571251511573792,406.3137512207031,972.3223876953125,0.03521072864532471,414.750244140625,973.6525268554688,0.06460624933242798,397.87969970703125,925.6373901367188,0.6515630483627319,389.9484558105469,945.464599609375,0.03927093744277954,415.36566162109375,945.9254150390625,0.7137007713317871,431.0521240234375,998.0740356445312,0.5955455899238586,422.5075988769531,988.650390625,0.8950313329696655,467.8070983886719,970.30859375,0.13153907656669617,460.1873779296875,967.1240234375,0.9367163181304932,510.0988464355469,1020.79248046875,0.21344983577728271,477.40032958984375,1019.7587890625,0.9222804307937622,498.3620300292969,899.0145263671875,0.8357094526290894,477.7415771484375,1065.4342041015625,0.18961569666862488
127,412.3791809082031,992.0706176757812,0.49952641129493713,389.4256896972656,970.7559814453125,0.15126556158065796,406.34991455078125,972.3157958984375,0.03546300530433655,414.75494384765625,973.6790161132812,0.06419479846954346,397.8761291503906,925.6911010742188,0.6547124981880188,390.0091247558594,945.4266967773438,0.0414031445980072,415.3302001953125,945.9132690429688,0.7129296064376831,431.0533142089844,998.0783081054688,0.6003965139389038,422.50225830078125,988.6058349609375,0.894614577293396,467.776611328125,970.3703002929688,0.13497740030288696,460.07623291015625,967.2054443359375,0.9335345029830933,510.1022033691406,1020.6365966796875,0.18904846906661987,477.45086669921875,1019.7607421875,0.9220947027206421,498.37432861328125,898.7896118164062,0.8424848318099976,477.71246337890625,1065.5220947265625,0.1945624053478241
128,413.8450927734375,993.845458984375,0.33316031098365784,391.8211669921875,980.117919921875,0.06887456774711609,406.91839599609375,970.9283447265625,0.013303995132446289,408.9264221191406,953.6416625976562,0.024963289499282837,401.6072082519531,925.8670043945312,0.6322067379951477,724.6754760742188,1637.28076171875,0.019193679094314575,416.63720703125,946.1817016601562,0.704721212387085,435.0151062011719,998.1012573242188,0.5590121746063232,428.8954772949219,991.5887451171875,0.7415838241577148,469.5917663574219,968.75830078125,0.06455573439598083,462.0107116699219,968.5120239257812,0.9646329879760742,513.1323852539062,1023.3829956054688,0.4968996047973633,477.03265380859375,1017.14501953125,0.9164807796478271,499.9689025878906,896.30908203125,0.8403289318084717,490.4457702636719,1069.8817138671875,0.27744412422180176
129,417.31646728515625,993.6627807617188,0.339886873960495,391.6944885253906,980.2296142578125,0.06865036487579346,406.8863830566406,970.8623046875,0.013426542282104492,408.9739990234375,953.6505126953125,0.025355547666549683,401.7332458496094,925.8248901367188,0.6363054513931274,724.642333984375,1637.2547607421875,0.019123494625091553,416.7832946777344,946.1085815429688,0.7117547392845154,435.0611572265625,998.2701416015625,0.5386708378791809,428.9062194824219,991.7139892578125,0.7398287057876587,469.7043151855469,968.377197265625,0.05790877342224121,461.801513671875,968.4581298828125,0.9645254611968994,513.362548828125,1023.3511962890625,0.6063809990882874,476.85546875,1017.0995483398438,0.9212696552276611,499.993896484375,896.358154296875,0.8407999873161316,490.20367431640625,1069.9591064453125,0.3155554533004761
130,425.82794189453125,989.0289916992188,0.31222787499427795,408.2431335449219,983.2330322265625,0.04712098836898804,407.3063659667969,970.5010986328125,0.004307359457015991,430.8312072753906,956.61865234375,0.024294167757034302,404.2768249511719,926.9447021484375,0.717434287071228,724.7366333007812,1637.2283935546875,0.019196033477783203,417.94073486328125,943.0181274414062,0.7020623683929443,435.5926208496094,999.9487915039062,0.45636633038520813,434.72760009765625,994.4335327148438,0.8105739951133728,476.38677978515625,975.4020385742188,0.08684629201889038,463.6711730957031,968.6732788085938,0.9735496640205383,520.2332153320312,1024.2652587890625,0.347902774810791,477.08770751953125,1018.566650390625,0.9275561571121216,503.05645751953125,898.4634399414062,0.8645809888839722,501.1186218261719,1072.30810546875,0.6051533818244934
131,426.0166015625,989.3999633789062,0.305785596370697,408.1531982421875,983.4617309570312,0.04835250973701477,407.16064453125,970.5470581054688,0.003730177879333496,430.93182373046875,956.5252685546875,0.026509076356887817,404.4440612792969,927.0188598632812,0.7430229187011719,724.5672607421875,1637.265869140625,0.01853683590888977,417.9978942871094,942.9241333007812,0.6983551979064941,435.1347351074219,999.7802124023438,0.4109439253807068,434.2879638671875,994.3458251953125,0.7894442081451416,476.71136474609375,975.4671630859375,0.09794998168945312,463.71038818359375,969.1333618164062,0.9684685468673706,520.294189453125,1024.185302734375,0.3547382950782776,477.21728515625,1018.7717895507812,0.9313751459121704,502.6695556640625,898.8068237304688,0.8669768571853638,501.15447998046875,1072.1556396484375,0.5848409533500671
132,426.4513244628906,990.0023193359375,0.7146122455596924,409.3816223144531,982.7042846679688,0.11063602566719055,424.5542907714844,972.3446044921875,0.006983727216720581,430.96221923828125,956.9420776367188,0.07111889123916626,406.4576110839844,926.5394897460938,0.6757165789604187,724.531494140625,1637.214111328125,0.018374472856521606,419.1595764160156,941.8170776367188,0.5914341807365417,438.10406494140625,1004.2353515625,0.3452461361885071,436.6075134277344,993.477294921875,0.709164559841156,478.7002258300781,975.38037109375,0.08085325360298157,465.44775390625,968.5296020507812,0.9646825790405273,528.3600463867188,1024.4510498046875,0.3312060832977295,477.6880798339844,1020.1129150390625,0.9118096828460693,504.3917541503906,897.4031372070312,0.8782445192337036,516.3023071289062,1071.639892578125,0.3333680331707001
133,426.3831481933594,990.0115966796875,0.7178149223327637,409.2237548828125,982.6835327148438,0.11402928829193115,424.51141357421875,972.3255004882812,0.006960242986679077,430.9599304199219,956.9305419921875,0.07177552580833435,406.47869873046875,926.453369140625,0.6697304248809814,724.6359252929688,1637.2476806640625,0.01859012246131897,419.16387939453125,941.7960815429688,0.5930181741714478,438.1537780761719,1004.23583984375,0.3463203012943268,436.6025085449219,993.4616088867188,0.7063611745834351,478.6939697265625,975.3853759765625,0.08093363046646118,465.4446716308594,968.536376953125,0.9644672870635986,528.1852416992188,1024.2867431640625,0.32955801486968994,477.6905517578125,1020.1244506835938,0.9108870029449463,504.4335632324219,897.5081787109375,0.8768078088760376,516.3019409179688,1071.65234375,0.3343554139137268
134,426.96484375,992.7651977539062,0.6858344078063965,407.4031066894531,982.1912231445312,0.16346845030784607,420.30145263671875,969.843505859375,0.019235879182815552,430.3674011230469,955.541259765625,0.07014456391334534,406.52484130859375,926.0729370117188,0.8987451791763306,724.8230590820312,1637.1695556640625,0.017793983221054077,419.80621337890625,942.1295166015625,0.7103725075721741,436.191162109375,998.7875366210938,0.28258460760116577,436.9433898925781,993.9085083007812,0.7723965048789978,481.8965759277344,977.0374145507812,0.15354317426681519,466.8233337402344,970.1941528320312,0.93408203125,534.6527709960938,1022.6384887695312,0.49351397156715393,478.3128356933594,1019.3472290039062,0.9567378759384155,507.50592041015625,896.9144897460938,0.7936589121818542,526.1279296875,1067.6588134765625,0.33714765310287476
135,427.01898193359375,992.7412719726562,0.7001067399978638,407.3840637207031,981.953369140625,0.16005295515060425,420.0895080566406,969.9073486328125,0.020280033349990845,430.4010925292969,955.6194458007812,0.07039713859558105,406.654052734375,925.976806640625,0.8927786946296692,724.6815185546875,1637.1695556640625,0.017132222652435303,419.9398498535156,942.0359497070312,0.7106530070304871,436.32470703125,998.9376220703125,0.2827988862991333,436.9485168457031,994.1068115234375,0.759937584400177,481.8280944824219,977.1146850585938,0.15421682596206665,466.8409729003906,970.2645263671875,0.9315742254257202,534.6615600585938,1022.6578369140625,0.4969351589679718,478.3929748535156,1019.4336547851562,0.9566986560821533,507.56243896484375,897.0563354492188,0.7967129945755005,526.12353515625,1067.667236328125,0.3374127149581909
136,427.67730712890625,995.5418090820312,0.6185771822929382,405.88787841796875,974.2250366210938,0.10712549090385437,421.161376953125,971.564208984375,0.025669902563095093,431.4011535644531,954.1297607421875,0.05063587427139282,413.2452697753906,925.8580932617188,0.796450138092041,724.7760009765625,1637.1937255859375,0.01700747013092041,422.77899169921875,942.9236450195312,0.6677087545394897,434.4659423828125,998.7302856445312,0.19292300939559937,435.6282958984375,993.1287841796875,0.6905940771102905,483.2873840332031,983.7055053710938,0.13749510049819946,468.37078857421875,969.4138793945312,0.8917794227600098,539.4512329101562,1015.7640991210938,0.36191225051879883,478.4037170410156,1019.0858154296875,0.9332441091537476,508.7298583984375,894.8157958984375,0.6560914516448975,534.9826049804688,1063.5252685546875,0.5484876036643982
137,427.5836181640625,995.4443969726562,0.6189860105514526,405.92620849609375,974.3553466796875,0.10734876990318298,421.0686340332031,971.3862915039062,0.025539427995681763,431.32806396484375,954.0933837890625,0.05251631140708923,413.2038879394531,925.9268798828125,0.7984960079193115,724.7156982421875,1637.1795654296875,0.01708167791366577,422.5926513671875,943.0175170898438,0.6812384128570557,434.2973937988281,998.7889404296875,0.1917983889579773,435.6199645996094,993.2078247070312,0.7078155875205994,483.39654541015625,983.8021240234375,0.14475694298744202,468.2864074707031,969.6818237304688,0.8959149122238159,539.1868896484375,1015.491943359375,0.38711827993392944,478.40838623046875,1019.0004272460938,0.9327276945114136,509.3800354003906,894.9786376953125,0.6817359328269958,534.958251953125,1063.9459228515625,0.6137360334396362
138,432.4709167480469,995.5419921875,0.28224360942840576,408.2893371582031,984.6239624023438,0.06507095694541931,423.0690002441406,978.0654907226562,0.013005465269088745,438.87384033203125,955.5756225585938,0.03089749813079834,416.76055908203125,927.3262939453125,0.802834153175354,724.71923828125,1637.1202392578125,0.01810881495475769,423.8229064941406,946.13671875,0.8421202898025513,431.1473693847656,996.665283203125,0.18285593390464783,435.4551696777344,994.8689575195312,0.843242883682251,478.861083984375,976.3965454101562,0.12371665239334106,471.609130859375,964.8056030273438,0.9418846964836121,518.6294555664062,1010.3543701171875,0.6904789209365845,477.3800048828125,1017.9037475585938,0.8514533638954163,515.2545776367188,899.2831420898438,0.6178725957870483,542.1066284179688,1062.3837890625,0.8202006816864014
139,432.474853515625,995.5668334960938,0.28743913769721985,408.3576965332031,984.5982666015625,0.06319659948348999,423.0684814453125,977.9987182617188,0.013098329305648804,402.8863220214844,949.1137084960938,0.03153926134109497,416.7877197265625,927.3157958984375,0.8040266036987305,725.2472534179688,1637.04638671875,0.019075661897659302,423.8523864746094,946.115966796875,0.8425989151000977,435.4839782714844,998.6082763671875,0.18133684992790222,435.51904296875,994.8609619140625,0.843015193939209,478.8738098144531,976.4240112304688,0.120778888463974,471.61468505859375,964.8892211914062,0.9407011270523071,518.5921630859375,1010.3651733398438,0.6857538223266602,477.3744201660156,1017.8817138671875,0.8490725755691528,515.5463256835938,899.3450317382812,0.6261818408966064,542.0952758789062,1062.3814697265625,0.820097029209137
140,434.56842041015625,997.3488159179688,0.09038916230201721,408.80194091796875,981.7581176757812,0.03848797082901001,426.8914489746094,977.87255859375,0.004583418369293213,440.216064453125,953.6283569335938,0.030932456254959106,419.9209899902344,927.2011108398438,0.8796947002410889,725.3881225585938,1637.1241455078125,0.019000262022018433,425.1734313964844,945.438720703125,0.8499413728713989,428.83941650390625,996.7893676757812,0.3868754804134369,436.3988342285156,995.691650390625,0.8042946457862854,484.4162292480469,977.8917236328125,0.05702653527259827,471.71368408203125,965.602294921875,0.9572192430496216,518.2001342773438,1010.3751831054688,0.7886186838150024,476.6843566894531,1018.6477661132812,0.8560921549797058,518.874755859375,901.4556884765625,0.6257760524749756,550.04833984375,1059.3465576171875,0.9048149585723877
141,434.5093994140625,997.5277709960938,0.08706480264663696,408.5858154296875,981.8198852539062,0.04057258367538452,426.880126953125,977.9283447265625,0.004415005445480347,440.1893310546875,953.6116943359375,0.029420047998428345,419.7417297363281,927.2398071289062,0.8960468769073486,725.2931518554688,1637.06787109375,0.018424659967422485,424.9835205078125,945.6044311523438,0.8447853326797485,428.93731689453125,996.8616943359375,0.383464515209198,436.4194030761719,995.8413696289062,0.810631513595581,484.314208984375,977.8656616210938,0.06053021550178528,471.6376953125,965.5504760742188,0.9564988613128662,518.2079467773438,1010.3720092773438,0.7952902913093567,476.663818359375,1018.6119995117188,0.8542720079421997,518.8983764648438,901.4494018554688,0.6220057010650635,550.1016845703125,1059.384521484375,0.904594361782074
142,434.8736267089844,996.5562744140625,0.07004538178443909,409.8674011230469,982.861572265625,0.11041727662086487,426.9348449707031,977.5203857421875,0.005299687385559082,439.8934326171875,952.6590576171875,0.02180725336074829,422.4091491699219,928.7930908203125,0.9128681421279907,725.2737426757812,1637.1024169921875,0.01789376139640808,427.42059326171875,946.50048828125,0.7248133420944214,428.8218078613281,995.8260498046875,0.24458274245262146,436.0486755371094,995.2385864257812,0.8052467703819275,486.03216552734375,979.239013671875,0.09892794489860535,472.4938049316406,967.0150756835938,0.9462403059005737,519.6416625976562,1005.6298217773438,0.8900635242462158,476.5636901855469,1017.895751953125,0.8753373622894287,521.009033203125,901.307373046875,0.5536532998085022,558.096435546875,1054.9217529296875,0.7384334802627563
143,435.038330078125,996.7821044921875,0.08405989408493042,410.09893798828125,983.0496826171875,0.12851008772850037,427.0634765625,977.7440185546875,0.005436837673187256,439.9637756347656,952.7564086914062,0.023371130228042603,422.5522766113281,928.6117553710938,0.912682294845581,725.22314453125,1637.0985107421875,0.018110930919647217,427.4996643066406,946.55029296875,0.7203478813171387,425.7039489746094,994.5639038085938,0.24302831292152405,436.2073669433594,995.1770629882812,0.7855052351951599,486.13226318359375,979.1613159179688,0.09792381525039673,472.3221435546875,966.9813842773438,0.947748064994812,519.6334228515625,1005.5697021484375,0.8914339542388916,476.49285888671875,1017.6805419921875,0.87320876121521,520.9586181640625,901.417236328125,0.55916827917099,558.0802612304688,1054.9686279296875,0.7409361600875854
144,394.9949645996094,962.6181640625,0.07953917980194092,409.89202880859375,983.10888671875,0.08298906683921814,426.0791931152344,985.4374389648438,0.0036809444427490234,420.200439453125,947.8993530273438,0.00978955626487732,423.49090576171875,929.0186767578125,0.7436133027076721,725.1793212890625,1637.0936279296875,0.01819118857383728,430.8530578613281,943.6631469726562,0.700919508934021,428.50677490234375,996.5353393554688,0.09374263882637024,435.0898132324219,994.2537231445312,0.7773934602737427,487.5299987792969,977.496826171875,0.11728650331497192,475.8475341796875,966.2238159179688,0.9531157612800598,519.3716430664062,1006.0234985351562,0.8621228337287903,477.14715576171875,1016.9569702148438,0.8510422110557556,522.3872680664062,901.26171875,0.4903276264667511,565.1516723632812,1048.1956787109375,0.9103267192840576
145,395.06805419921875,962.61474609375,0.08398252725601196,409.9741516113281,983.0938110351562,0.08585578203201294,425.99676513671875,985.4514770507812,0.0037005245685577393,420.2052917480469,947.873291015625,0.009698837995529175,423.5911560058594,929.0185546875,0.7520204782485962,725.2794799804688,1637.1044921875,0.017900288105010986,431.0097961425781,943.6395263671875,0.7005411386489868,428.5057678222656,996.5650634765625,0.0928882360458374,435.13671875,994.2281494140625,0.7734768390655518,487.49310302734375,977.4063720703125,0.12114748358726501,475.84454345703125,966.4334716796875,0.9560264348983765,519.3512573242188,1006.095458984375,0.8624316453933716,477.2371826171875,1017.065185546875,0.8489186763763428,522.8019409179688,901.40087890625,0.4637576639652252,565.1574096679688,1048.176025390625,0.910735011100769
146,396.017578125,962.519775390625,0.24863088130950928,410.427001953125,983.2467651367188,0.059896111488342285,425.18585205078125,985.70751953125,0.007044941186904907,445.3725280761719,955.8511352539062,0.011937528848648071,424.23956298828125,928.180419921875,0.8244304656982422,725.1555786132812,1637.094970703125,0.01780521869659424,433.03619384765625,944.8661499023438,0.8639681339263916,426.7216796875,994.1437377929688,0.07076609134674072,438.2319641113281,995.2401123046875,0.7736387848854065,488.5930480957031,977.0108642578125,0.10744652152061462,476.8265380859375,965.8221435546875,0.9719473123550415,521.4793090820312,1004.4008178710938,0.8395888805389404,479.3304748535156,1017.9179077148438,0.8511648178100586,524.504150390625,900.3602294921875,0.4429822266101837,570.0753173828125,1043.539794921875,0.91008460521698
147,396.01422119140625,962.5205078125,0.2479155957698822,410.44964599609375,983.2434692382812,0.05979764461517334,425.1773681640625,985.6821899414062,0.007047772407531738,445.3836975097656,955.8369140625,0.011893212795257568,424.23614501953125,928.1763305664062,0.8249198198318481,725.1353149414062,1637.100830078125,0.017568379640579224,433.0437927246094,944.9005737304688,0.8644787073135376,426.7052917480469,994.1520385742188,0.07070109248161316,438.2220764160156,995.24560546875,0.7732785940170288,488.5787048339844,976.977783203125,0.10921397805213928,476.7804870605469,965.8905029296875,0.9724093675613403,521.4834594726562,1004.3744506835938,0.8317573070526123,479.3646240234375,1018.0309448242188,0.8490752577781677,524.6820068359375,900.2219848632812,0.4432920515537262,570.0182495117188,1043.5653076171875,0.908766508102417
148,396.9358825683594,964.2919921875,0.27706995606422424,410.76983642578125,984.9613647460938,0.16511234641075134,427.8324890136719,988.5369873046875,0.008947819471359253,405.94305419921875,969.04541015625,0.008111178874969482,426.8265686035156,931.1329345703125,0.7931526899337769,725.1544189453125,1637.04931640625,0.017558693885803223,434.8589782714844,947.3219604492188,0.8992807865142822,425.6126708984375,993.3158569335938,0.05802759528160095,438.82855224609375,996.8338012695312,0.7401633262634277,492.0450744628906,978.4585571289062,0.15157052874565125,476.3775329589844,967.6657104492188,0.9731765985488892,522.9290161132812,1009.2295532226562,0.7610771656036377,478.6487731933594,1019.3994140625,0.8826975226402283,525.7755737304688,899.7606201171875,0.40961360931396484,574.2781982421875,1041.6776123046875,0.7459726929664612
149,396.87530517578125,964.265869140625,0.26965421438217163,410.7765197753906,984.9839477539062,0.16167643666267395,427.8756408691406,988.4171142578125,0.009152591228485107,405.8779602050781,969.039794921875,0.00798642635345459,426.861572265625,930.9300537109375,0.7903302311897278,725.0765380859375,1637.0440673828125,0.017694711685180664,434.7901306152344,947.3629760742188,0.8993949890136719,425.7403564453125,993.31787109375,0.0593298077583313,438.8087463378906,996.8193359375,0.741992175579071,492.1102294921875,978.5401611328125,0.1444718837738037,476.29058837890625,967.4140014648438,0.9710596203804016,522.9749145507812,1009.2144165039062,0.7549959421157837,478.54571533203125,1019.2677612304688,0.882750391960144,526.0804443359375,899.4192504882812,0.47980785369873047,574.1886596679688,1041.622802734375,0.7404253482818604
150,394.963623046875,964.3862915039062,0.15038374066352844,409.3255310058594,984.71240234375,0.04164618253707886,423.8238220214844,986.7085571289062,0.012128114700317383,430.74420166015625,969.4918212890625,0.005416810512542725,427.6949157714844,933.6248779296875,0.6878306865692139,725.0247192382812,1637.0340576171875,0.017773717641830444,433.92608642578125,950.5811157226562,0.8945839405059814,426.779296875,993.3751220703125,0.04837849736213684,431.67926025390625,997.2316284179688,0.8470454216003418,492.8958435058594,978.6270751953125,0.09784120321273804,478.5152282714844,968.7637329101562,0.9812171459197998,526.5858154296875,1010.5348510742188,0.8464472889900208,479.87451171875,1021.461181640625,0.9203616380691528,525.763916015625,898.5219116210938,0.5305472612380981,575.1517333984375,1039.383544921875,0.8386121988296509
151,395.4012451171875,967.5311889648438,0.13642263412475586,409.2335510253906,984.7564086914062,0.04157254099845886,423.856201171875,986.736083984375,0.012243658304214478,430.7726135253906,969.5517578125,0.005392521619796753,427.8149108886719,933.6025390625,0.6818792819976807,725.12890625,1637.04296875,0.01763385534286499,433.8703308105469,950.55712890625,0.8938740491867065,426.7416687011719,993.365966796875,0.04953381419181824,431.6898193359375,997.2234497070312,0.8455454707145691,492.9496154785156,978.5904541015625,0.10030257701873779,478.53839111328125,968.8284912109375,0.9816849231719971,526.5636596679688,1010.5028076171875,0.8456637859344482,479.8617858886719,1021.4630737304688,0.920658528804779,525.7899169921875,898.3837890625,0.5177255868911743,575.0797729492188,1039.4102783203125,0.8377715945243835
152,394.69921875,964.1133422851562,0.1004917323589325,410.4166564941406,988.1776123046875,0.02555134892463684,425.0064392089844,984.8126831054688,0.01238676905632019,411.85723876953125,967.2381591796875,0.008853435516357422,430.93206787109375,932.4425659179688,0.6040592789649963,725.081298828125,1637.0968017578125,0.017902255058288574,434.4829406738281,951.455810546875,0.9218902587890625,427.3412780761719,992.9468994140625,0.054494887590408325,429.7693176269531,997.0878295898438,0.8322427868843079,492.9981689453125,982.96923828125,0.07102251052856445,478.5303649902344,970.5977172851562,0.9710404872894287,528.08349609375,1010.63037109375,0.9304059743881226,480.1872863769531,1023.5762939453125,0.9369262456893921,528.781494140625,902.0701293945312,0.44119793176651,576.9893798828125,1037.728271484375,0.7934796810150146
153,394.796875,964.193359375,0.10776883363723755,410.5889892578125,988.3287963867188,0.02824610471725464,424.9665222167969,985.0344848632812,0.012899011373519897,411.8290710449219,967.175537109375,0.008701413869857788,430.898681640625,932.6588134765625,0.6002194881439209,725.1033935546875,1637.08740234375,0.01779991388320923,434.52862548828125,951.5117797851562,0.9229671955108643,427.433837890625,992.676513671875,0.05501431226730347,430.0139465332031,997.170166015625,0.8328280448913574,492.89068603515625,983.035888671875,0.06335428357124329,478.6913146972656,970.5201416015625,0.9724421501159668,528.3373413085938,1010.7789306640625,0.9332506656646729,480.17767333984375,1023.6741333007812,0.9364830851554871,531.04736328125,906.9168701171875,0.5140876770019531,577.0503540039062,1038.0404052734375,0.7701740264892578
154,397.92254638671875,970.480224609375,0.13961294293403625,413.24114990234375,991.0475463867188,0.07625946402549744,424.2902526855469,986.3670043945312,0.009847193956375122,432.3880920410156,966.5845336914062,0.011148840188980103,432.4617004394531,934.1217041015625,0.5783887505531311,725.14794921875,1637.0447998046875,0.01761549711227417,436.5567932128906,951.3519287109375,0.8866007328033447,426.0152587890625,992.31494140625,0.03278303146362305,430.6431579589844,997.3898315429688,0.8123899102210999,491.6771240234375,980.0216674804688,0.10863238573074341,479.12359619140625,971.2864379882812,0.9803998470306396,529.1014404296875,1011.7196655273438,0.9112569689750671,481.4011535644531,1024.2750244140625,0.9173265695571899,532.2196655273438,906.1737060546875,0.4821157157421112,579.5669555664062,1036.4864501953125,0.8669335246086121
155,397.8948059082031,970.4468994140625,0.13478264212608337,413.3575744628906,990.9666748046875,0.07350361347198486,424.2883605957031,986.3615112304688,0.009615927934646606,432.40350341796875,966.5233764648438,0.010981649160385132,432.4610900878906,934.1011352539062,0.579506516456604,725.1641845703125,1637.04248046875,0.017633914947509766,436.5444030761719,951.3172607421875,0.8862106800079346,426.06793212890625,992.3246459960938,0.033476561307907104,430.6927185058594,997.317626953125,0.8125799894332886,491.6632080078125,979.912841796875,0.10952773690223694,479.099365234375,971.2459716796875,0.9804208874702454,529.20458984375,1011.795654296875,0.9183962941169739,481.5350036621094,1024.1844482421875,0.9216161966323853,532.2185668945312,906.0687255859375,0.47487351298332214,579.4231567382812,1036.43798828125,0.8739244937896729
156,427.7129211425781,1009.3062133789062,0.05558311939239502,416.6120910644531,996.5333862304688,0.054573774337768555,424.0894470214844,987.3941650390625,0.005726337432861328,433.59503173828125,966.7794799804688,0.012628346681594849,431.0163269042969,941.6278686523438,0.21192705631256104,725.1403198242188,1637.037109375,0.017476141452789307,440.2893371582031,953.3372192382812,0.8488588333129883,443.0436096191406,1001.9304809570312,0.023580819368362427,431.9355163574219,998.4990844726562,0.8013867139816284,491.59991455078125,979.8609619140625,0.06151163578033447,481.7198486328125,970.8696899414062,0.9821372628211975,530.601318359375,1012.14013671875,0.9023768901824951,482.43084716796875,1024.4085693359375,0.9001600742340088,530.8593139648438,903.0933227539062,0.24203190207481384,585.42724609375,1033.63720703125,0.8378124237060547
157,427.8539123535156,1009.3704223632812,0.06630122661590576,416.51434326171875,996.1129150390625,0.05660417675971985,423.9480285644531,987.4871826171875,0.005057245492935181,433.1883850097656,966.9537353515625,0.011295408010482788,430.979736328125,941.515869140625,0.19430971145629883,725.1626586914062,1637.04638671875,0.017575353384017944,440.1983337402344,953.1206665039062,0.8399583101272583,442.8197326660156,1001.8240356445312,0.023743033409118652,431.8908386230469,998.300048828125,0.8000415563583374,491.6253662109375,979.8517456054688,0.061826616525650024,481.7153625488281,970.9307250976562,0.9821533560752869,530.6532592773438,1012.1830444335938,0.9028418064117432,482.769775390625,1024.3236083984375,0.8942952156066895,530.916259765625,903.0845947265625,0.2540743350982666,585.5997924804688,1033.6954345703125,0.828040599822998
158,426.1235046386719,998.5375366210938,0.03916361927986145,418.59307861328125,994.9542846679688,0.08231574296951294,424.56695556640625,987.56689453125,0.0032310783863067627,432.321533203125,968.0771484375,0.007993102073669434,444.70770263671875,930.8875122070312,0.19375228881835938,725.157958984375,1637.0577392578125,0.017534196376800537,444.6344299316406,954.9442749023438,0.8684943914413452,447.6378479003906,1009.8821411132812,0.025086134672164917,433.6300048828125,1001.06298828125,0.701799750328064,490.6595153808594,979.694091796875,0.05410206317901611,481.7620544433594,972.4869384765625,0.9890049695968628,530.0562133789062,1012.957275390625,0.908961832523346,483.032958984375,1024.287109375,0.8874452710151672,540.2757568359375,912.9290161132812,0.3077479600906372,599.7655639648438,1030.134521484375,0.888721227645874
159,426.18939208984375,998.190673828125,0.04516488313674927,418.40557861328125,995.1068115234375,0.07254087924957275,424.89166259765625,987.1994018554688,0.00424504280090332,431.61248779296875,968.5551147460938,0.007204800844192505,444.9386901855469,931.2032470703125,0.188762366771698,725.1693725585938,1637.0452880859375,0.017435520887374878,438.97052001953125,960.4653930664062,0.8626058101654053,447.0066833496094,1009.6581420898438,0.027738720178604126,433.5314025878906,1001.1182861328125,0.7257999777793884,490.7563781738281,979.79248046875,0.05349498987197876,481.6330261230469,972.7652587890625,0.9883334636688232,530.0136108398438,1012.9500732421875,0.9084776639938354,483.1448059082031,1024.4840087890625,0.8860822916030884,540.5369262695312,912.8233642578125,0.3004848062992096,599.8250122070312,1030.03857421875,0.8891042470932007
160,426.21966552734375,1011.5478515625,0.11275497078895569,410.22711181640625,1004.9391479492188,0.10279473662376404,425.3273620605469,990.0120849609375,0.007939338684082031,432.9530944824219,956.2625122070312,0.0050875842571258545,434.46051025390625,948.9108276367188,0.09228083491325378,725.1409912109375,1637.055908203125,0.017563432455062866,442.5972595214844,967.9046020507812,0.8393434286117554,429.3773498535156,997.030029296875,0.026132017374038696,436.3895263671875,1007.65087890625,0.6547235250473022,491.7193908691406,990.2118530273438,0.04729747772216797,483.23065185546875,975.5075073242188,0.9825623035430908,530.0628051757812,1014.150634765625,0.9051669836044312,482.6883239746094,1025.8524169921875,0.8548258543014526,490.4657897949219,905.4080200195312,0.4452906548976898,611.7327880859375,1025.236083984375,0.9261181354522705
161,426.48748779296875,1011.5816040039062,0.14495187997817993,410.15374755859375,1004.974365234375,0.17300227284431458,425.4859619140625,990.1367797851562,0.00678136944770813,434.6833801269531,983.9271850585938,0.004882454872131348,435.2220764160156,948.8736572265625,0.07815340161323547,725.4544677734375,1637.1494140625,0.018926620483398438,443.0067443847656,967.9180908203125,0.823501467704773,447.3674621582031,1011.7865600585938,0.025799334049224854,437.1768493652344,1007.66357421875,0.6250576376914978,491.941650390625,990.0335693359375,0.045076608657836914,483.34820556640625,975.5172729492188,0.9826117753982544,530.2671508789062,1014.0748291015625,0.9162782430648804,482.57275390625,1025.7755126953125,0.8639185428619385,490.04736328125,905.3988037109375,0.4219496548175812,611.9533081054688,1025.022705078125,0.9378137588500977
162,427.869873046875,1013.7446899414062,0.034312814474105835,414.3487548828125,1004.8038940429688,0.23670566082000732,427.3652648925781,988.041748046875,0.013933718204498291,433.1531677246094,982.9448852539062,0.019193023443222046,435.4507141113281,959.2245483398438,0.037389010190963745,725.5855712890625,1637.105712890625,0.02006065845489502,446.2490234375,967.05078125,0.7784836292266846,487.7579650878906,437.5205993652344,0.01070016622543335,437.1180725097656,1009.9624633789062,0.664634644985199,490.63323974609375,991.2799682617188,0.028808385133743286,482.0329895019531,977.00537109375,0.9675065279006958,529.86962890625,1014.0958862304688,0.888007402420044,483.7256774902344,1025.10595703125,0.8783191442489624,490.3703918457031,906.4826049804688,0.4883069097995758,621.7149658203125,1022.1664428710938,0.9790017604827881
163,428.09564208984375,1014.2059936523438,0.03391599655151367,414.5205993652344,1004.950927734375,0.22550302743911743,427.3510437011719,988.049560546875,0.012585669755935669,432.8664855957031,983.0277709960938,0.016932964324951172,435.42974853515625,959.2268676757812,0.03625640273094177,725.1751708984375,1636.998046875,0.020429521799087524,446.1817932128906,967.0316162109375,0.7667660713195801,487.7669372558594,437.5047912597656,0.010620653629302979,436.5619201660156,1009.92041015625,0.6365276575088501,490.60455322265625,991.4946899414062,0.03048679232597351,481.959228515625,977.1116943359375,0.9676032066345215,529.9264526367188,1014.0511474609375,0.8926356434822083,483.835693359375,1025.2236328125,0.8756240606307983,490.3995361328125,906.4033203125,0.49283337593078613,621.7174072265625,1022.1953125,0.9784150123596191
164,428.9256896972656,1015.8123168945312,0.045598357915878296,421.1846923828125,1004.0996704101562,0.4833851754665375,425.7861633300781,991.4454956054688,0.007029592990875244,430.24072265625,984.4583740234375,0.016948014497756958,430.87689208984375,971.1849365234375,0.03720748424530029,725.309814453125,1637.0911865234375,0.020461469888687134,449.26007080078125,977.9754638671875,0.8215681314468384,487.80596923828125,437.39532470703125,0.010241597890853882,441.72760009765625,1013.7447509765625,0.697821855545044,499.5895690917969,992.602783203125,0.007331669330596924,480.5728759765625,977.3760986328125,0.8318839073181152,530.2725219726562,1013.8043212890625,0.94985032081604,484.60650634765625,1025.265625,0.5967235565185547,540.5160522460938,914.8524780273438,0.4909350574016571,629.7276611328125,1018.7606811523438,0.9864389896392822
165,432.69305419921875,1027.0059814453125,0.07138076424598694,421.3905334472656,1003.8567504882812,0.5342462658882141,425.66387939453125,991.66796875,0.006986469030380249,430.52813720703125,984.13916015625,0.016569286584854126,430.5317077636719,971.037353515625,0.04625025391578674,725.5745239257812,1637.083740234375,0.01964917778968811,449.40582275390625,978.9489135742188,0.8422516584396362,446.2799987792969,1016.98876953125,0.010623455047607422,442.37554931640625,1013.6712036132812,0.6527144312858582,491.5690612792969,992.2374877929688,0.0071208178997039795,480.4738464355469,978.1039428710938,0.7984903454780579,530.1280517578125,1014.2080688476562,0.9443882703781128,484.3124694824219,1025.5308837890625,0.6261258721351624,540.23583984375,914.8262329101562,0.4975528419017792,629.7500610351562,1018.7473754882812,0.9864159822463989
166,432.7270812988281,1026.95361328125,0.19453853368759155,416.4750061035156,1009.589111328125,0.43963634967803955,437.6468811035156,1021.4590454101562,0.006480485200881958,444.26263427734375,1019.8060913085938,0.00785738229751587,463.9288635253906,959.6553344726562,0.04965803027153015,725.657470703125,1636.9892578125,0.020642220973968506,451.868896484375,986.3453979492188,0.8250983953475952,444.8423767089844,1024.1988525390625,0.017051219940185547,461.0494384765625,1027.7906494140625,0.4687952399253845,489.3598937988281,994.2376708984375,0.01025390625,479.9229736328125,990.1688842773438,0.8556255102157593,528.4915161132812,1018.9798583984375,0.8998252153396606,476.183349609375,1026.9039306640625,0.6471671462059021,538.3232421875,917.4691772460938,0.4444439709186554,636.5259399414062,1016.2626953125,0.971517026424408
167,432.8391418457031,1027.2010498046875,0.19771915674209595,416.5770263671875,1009.7555541992188,0.4440195858478546,437.4901123046875,1021.5849609375,0.007295012474060059,444.375732421875,1020.0169067382812,0.008507251739501953,464.2591552734375,958.9408569335938,0.04015415906906128,726.0599975585938,1637.1949462890625,0.01977550983428955,451.8364562988281,986.5064697265625,0.8197335004806519,444.7721252441406,1024.151123046875,0.017878234386444092,460.89703369140625,1027.565185546875,0.4650530219078064,490.59808349609375,998.1732788085938,0.01178508996963501,479.8893127441406,990.2078247070312,0.8478565812110901,528.6823120117188,1018.9688110351562,0.9195641875267029,476.06427001953125,1026.58349609375,0.6329975724220276,537.858642578125,917.118896484375,0.4076109230518341,636.64501953125,1016.2048950195312,0.9695571660995483
168,433.6758728027344,1026.7779541015625,0.13549882173538208,414.7302551269531,1009.92626953125,0.469588965177536,440.0810241699219,1018.7996215820312,0.007031768560409546,430.1469421386719,986.4536743164062,0.008442312479019165,463.9033203125,962.2565307617188,0.07187730073928833,726.0547485351562,1637.1798095703125,0.019792228937149048,453.4440612792969,986.8038940429688,0.7391217947006226,449.01788330078125,1028.138671875,0.015585094690322876,450.54901123046875,1025.0953369140625,0.7478528022766113,492.32440185546875,995.5807495117188,0.03935614228248596,480.9660949707031,982.5027465820312,0.7085705995559692,528.1519775390625,1015.925048828125,0.8985525965690613,474.7575988769531,1025.4549560546875,0.3002544045448303,540.5061645507812,922.3352661132812,0.5212535262107849,640.029052734375,1015.4036254882812,0.9704549312591553
169,433.7857666015625,1026.5643310546875,0.1335524022579193,415.0054626464844,1010.0553588867188,0.43042218685150146,439.9620361328125,1018.7650146484375,0.006821095943450928,429.8370056152344,986.719482421875,0.007273554801940918,464.04913330078125,962.1912841796875,0.0759497880935669,725.569580078125,1637.0771484375,0.021001845598220825,453.60174560546875,986.804443359375,0.7494120597839355,448.86029052734375,1028.2532958984375,0.015347570180892944,450.5273742675781,1025.29931640625,0.7481611967086792,492.2804870605469,995.5952758789062,0.040832579135894775,480.9244384765625,982.5105590820312,0.7034825682640076,528.1837768554688,1015.8772583007812,0.891405463218689,474.84149169921875,1025.4388427734375,0.2956737279891968,538.8546142578125,918.6311645507812,0.5173907279968262,639.9691772460938,1015.5457153320312,0.9679352641105652
170,444.3388366699219,1042.01025390625,0.12260642647743225,419.86480712890625,1018.4343872070312,0.4360620379447937,448.7311706542969,1019.4896850585938,0.009470880031585693,445.7498779296875,1020.0463256835938,0.002452075481414795,463.443115234375,963.9293823242188,0.16886353492736816,435.763427734375,995.9388427734375,0.02900516986846924,451.68768310546875,991.6913452148438,0.8818707466125488,447.06646728515625,1026.0946044921875,0.027481049299240112,452.00762939453125,1029.0721435546875,0.7982808351516724,492.82781982421875,995.810791015625,0.04516157507896423,484.7181091308594,961.892578125,0.5144259333610535,527.4342041015625,1015.0919189453125,0.8030244708061218,515.9319458007812,1010.5120849609375,0.2207423448562622,539.9793701171875,924.1119384765625,0.6306012868881226,637.4466552734375,1016.7516479492188,0.9736735820770264
171,444.0746154785156,1042.2567138671875,0.10695210099220276,419.97686767578125,1018.4358520507812,0.40186405181884766,449.46820068359375,1019.1323852539062,0.008656024932861328,445.7655029296875,1019.8741455078125,0.002064228057861328,463.4948425292969,963.7653198242188,0.15098819136619568,435.815185546875,995.7504272460938,0.03113234043121338,451.7729797363281,991.7059936523438,0.8893045783042908,459.0614013671875,1029.0548095703125,0.03165397047996521,452.4109802246094,1028.9578857421875,0.8106361627578735,492.3670654296875,995.1552124023438,0.044357508420944214,485.69384765625,961.8648681640625,0.6234780550003052,527.3378295898438,1015.0142822265625,0.7920393943786621,520.66162109375,1010.0136108398438,0.23352938890457153,540.7606201171875,924.6075439453125,0.5924282073974609,637.4379272460938,1016.7698364257812,0.9735862612724304
172,445.9913635253906,1038.652587890625,0.03186514973640442,422.308349609375,1019.7400512695312,0.2700715661048889,448.4759521484375,1010.5015869140625,0.005033522844314575,431.26019287109375,988.2638549804688,0.0037738382816314697,463.8286437988281,967.0691528320312,0.04012593626976013,726.3580932617188,1637.3072509765625,0.021046996116638184,453.9710693359375,989.4943237304688,0.5664888024330139,459.83953857421875,1028.7515869140625,0.0626821219921112,452.1203308105469,1027.679931640625,0.8345736265182495,494.4467468261719,993.6749267578125,0.03714412450790405,486.57086181640625,961.831787109375,0.6147119998931885,524.6551513671875,1020.6637573242188,0.6218358874320984,518.98583984375,1021.7706909179688,0.4895690381526947,540.3604125976562,925.2848510742188,0.5289236307144165,632.2142333984375,1020.9691772460938,0.9765796661376953
173,445.9861145019531,1038.76611328125,0.035195231437683105,422.28009033203125,1019.534912109375,0.29875001311302185,448.5171813964844,1010.423583984375,0.005480349063873291,431.8393249511719,988.281494140625,0.0038820505142211914,463.5198669433594,967.1539306640625,0.03736346960067749,726.268798828125,1637.3172607421875,0.020819753408432007,454.1973571777344,989.4829711914062,0.5840401649475098,459.8664245605469,1028.804443359375,0.06351381540298462,452.05084228515625,1027.5867919921875,0.8394742012023926,494.58624267578125,993.6610107421875,0.03634786605834961,486.3188781738281,961.9437255859375,0.605266809463501,524.6813354492188,1020.5887451171875,0.6279023289680481,519.0071411132812,1021.721435546875,0.4801658093929291,540.438720703125,925.3988647460938,0.5378957986831665,632.2656860351562,1020.9219970703125,0.9756634831428528
174,445.29730224609375,1036.7232666015625,0.04231920838356018,425.13812255859375,1005.35595703125,0.6113266944885254,447.97119140625,1005.7080688476562,0.009253531694412231,454.6351013183594,1001.7198486328125,0.003317594528198242,465.38983154296875,971.5912475585938,0.03429388999938965,726.4508056640625,1637.2703857421875,0.02021348476409912,456.72357177734375,990.6016235351562,0.7346941232681274,447.52734375,1023.091064453125,0.016172170639038086,452.55523681640625,1028.1612548828125,0.757512092590332,494.6278076171875,995.2819213867188,0.013865649700164795,489.010498046875,976.2279052734375,0.48933714628219604,522.2399291992188,1020.0316162109375,0.6186533570289612,516.6754760742188,1021.6620483398438,0.5349340438842773,539.3281860351562,927.4036865234375,0.5729484558105469,619.2011108398438,1030.2939453125,0.9301252365112305
175,445.32928466796875,1036.958740234375,0.04321044683456421,425.1600036621094,1005.3385009765625,0.6196152567863464,447.9166259765625,1005.748779296875,0.009098529815673828,454.518798828125,1001.6591796875,0.003203451633453369,465.44195556640625,971.6292724609375,0.03486144542694092,726.2811889648438,1637.2569580078125,0.02032741904258728,456.7309875488281,990.6836547851562,0.7344963550567627,447.45404052734375,1023.1648559570312,0.016501247882843018,452.50164794921875,1028.3330078125,0.7536814212799072,494.6560363769531,995.2960815429688,0.013868391513824463,489.0821228027344,976.314208984375,0.47407299280166626,522.2156982421875,1020.0588989257812,0.6198270916938782,516.641845703125,1021.8170776367188,0.5302889347076416,539.3560180664062,927.3890380859375,0.5814787745475769,619.0732421875,1030.526611328125,0.9242702722549438
176,447.3834533691406,1028.1195068359375,0.0779600441455841,426.44525146484375,1003.9705200195312,0.5736955404281616,450.6734313964844,1005.156982421875,0.01084640622138977,451.9587097167969,1001.2454223632812,0.005999773740768433,465.48248291015625,972.8525390625,0.07173845171928406,725.9190063476562,1637.40673828125,0.022978603839874268,465.6617736816406,985.223876953125,0.5992218852043152,458.5446472167969,1014.3193359375,0.02285417914390564,452.4021911621094,1021.9346923828125,0.6970657706260681,492.66229248046875,959.0303344726562,0.017400234937667847,492.437744140625,960.5243530273438,0.5846717953681946,518.7885131835938,1018.7147827148438,0.661016583442688,513.8406372070312,1014.8134765625,0.709915041923523,539.1212158203125,928.2700805664062,0.35317566990852356,600.7889404296875,1044.40087890625,0.9053286910057068
177,447.43408203125,1028.0965576171875,0.07980293035507202,426.3948974609375,1004.0087890625,0.5847378373146057,450.69927978515625,1005.1856079101562,0.010818272829055786,452.0509033203125,1001.2659912109375,0.006047278642654419,465.4361267089844,972.8670654296875,0.07132759690284729,726.496826171875,1637.3431396484375,0.024688541889190674,465.6769714355469,985.1826782226562,0.5960695147514343,458.607177734375,1014.3375854492188,0.02304738759994507,452.4903259277344,1021.869873046875,0.6924630999565125,492.6685791015625,959.0502319335938,0.0175018310546875,492.4219665527344,960.52197265625,0.5842241644859314,518.7887573242188,1018.7103271484375,0.6589598059654236,513.8461303710938,1014.81982421875,0.7114283442497253,539.12255859375,928.2660522460938,0.3541748523712158,600.7494506835938,1044.3424072265625,0.9052227735519409
178,443.4136657714844,1021.196044921875,0.3275773227214813,428.0572814941406,1004.5967407226562,0.8660251498222351,462.39642333984375,1007.3982543945312,0.015254616737365723,464.01202392578125,987.41650390625,0.02545696496963501,470.2264709472656,969.8826293945312,0.20638543367385864,725.7359008789062,1637.2796630859375,0.022530049085617065,466.1029052734375,982.8936157226562,0.7463269233703613,459.9355773925781,1009.3831176757812,0.03540241718292236,454.82843017578125,1013.1463012695312,0.5498921871185303,525.89990234375,996.301513671875,0.018449515104293823,508.4934387207031,984.0940551757812,0.47963181138038635,513.828369140625,1022.7512817382812,0.15325060486793518,509.6069641113281,1018.8724365234375,0.5269609689712524,539.0125122070312,929.3603515625,0.2801196575164795,578.3692016601562,1060.5780029296875,0.8392705917358398
179,444.1104431152344,1021.394287109375,0.37734338641166687,428.2228088378906,1004.7294311523438,0.8913083076477051,462.1785888671875,1007.8237915039062,0.016704082489013672,463.80828857421875,987.286376953125,0.027723044157028198,469.99609375,969.7265625,0.20763123035430908,725.8919067382812,1637.3184814453125,0.022235363721847534,466.64111328125,983.106689453125,0.7717325687408447,460.1464538574219,1009.3944702148438,0.03420427441596985,460.9544372558594,1008.151123046875,0.5260458588600159,526.0054931640625,996.2719116210938,0.02191409468650818,509.0618896484375,984.7996215820312,0.48851802945137024,513.5125122070312,1022.5677490234375,0.13229364156723022,509.5272521972656,1018.6807250976562,0.46386435627937317,539.0550537109375,929.161376953125,0.25789669156074524,578.3106689453125,1060.609375,0.8499472141265869
180,444.90985107421875,1021.0421142578125,0.4021565020084381,428.0598449707031,1005.394287109375,0.8175781965255737,462.44232177734375,1007.9779663085938,0.02754947543144226,470.2462158203125,1004.9197998046875,0.04921877384185791,463.39288330078125,969.795654296875,0.21569207310676575,725.9232788085938,1637.343017578125,0.022353947162628174,467.90142822265625,978.7891235351562,0.4503965675830841,464.0448303222656,1006.5488891601562,0.04506206512451172,464.503173828125,1004.0990600585938,0.3687160313129425,527.8687133789062,998.1878662109375,0.021451979875564575,489.894287109375,959.7887573242188,0.36949169635772705,514.9340209960938,1019.16259765625,0.49761515855789185,515.7055053710938,1019.4983520507812,0.1692327857017517,530.3077392578125,923.8096923828125,0.15444767475128174,551.8002319335938,1073.2939453125,0.9274275302886963
181,444.8466796875,1020.8739624023438,0.43381810188293457,427.98565673828125,1005.3485717773438,0.8297799825668335,462.12158203125,1008.1035766601562,0.02541494369506836,470.0176696777344,1004.958251953125,0.04818153381347656,463.36541748046875,970.0096435546875,0.20819330215454102,725.7235717773438,1637.2830810546875,0.022486627101898193,467.6067199707031,978.89013671875,0.4777321219444275,463.8236999511719,1006.5879516601562,0.04140937328338623,464.36370849609375,1004.0982666015625,0.3731527328491211,527.7744750976562,998.4552612304688,0.02206858992576599,489.7408142089844,959.7009887695312,0.3565484285354614,514.9898071289062,1019.1412963867188,0.49926507472991943,515.7582397460938,1019.470703125,0.1686496138572693,530.2816772460938,923.9340209960938,0.16996502876281738,551.7710571289062,1073.2735595703125,0.9280630350112915
182,456.9181823730469,1015.0708618164062,0.12251445651054382,430.3622741699219,1004.3616333007812,0.6612966060638428,461.8448791503906,1007.4116821289062,0.01429128646850586,471.95465087890625,1005.5046997070312,0.02155780792236328,458.99017333984375,973.4768676757812,0.201689213514328,726.37939453125,1637.2777099609375,0.02493789792060852,469.34893798828125,975.4010009765625,0.5065995454788208,463.11029052734375,1007.1719360351562,0.03433865308761597,454.5400695800781,1016.1213989257812,0.3824020028114319,482.627685546875,971.6895141601562,0.01066163182258606,503.6689453125,980.0003051757812,0.4226278066635132,509.6144104003906,1032.91650390625,0.08503773808479309,511.9884338378906,1023.605712890625,0.5307304859161377,527.7208251953125,921.9087524414062,0.13216403126716614,519.995849609375,1074.0101318359375,0.572844922542572
183,457.7917785644531,1015.9078369140625,0.1543976068496704,430.5053405761719,1004.4025268554688,0.7962552309036255,462.3198547363281,1007.5477294921875,0.014752358198165894,472.32568359375,1005.4010620117188,0.017061442136764526,459.3758850097656,973.3729858398438,0.2171352505683899,726.534423828125,1637.1707763671875,0.0235079824924469,469.4620361328125,975.6593017578125,0.46849915385246277,463.223388671875,1006.95654296875,0.038372576236724854,462.87811279296875,1008.8299560546875,0.35429930686950684,512.5413818359375,1000.543212890625,0.008970975875854492,503.59466552734375,980.251708984375,0.3985370993614197,510.5597839355469,1029.3095703125,0.07438385486602783,511.88336181640625,1023.2357177734375,0.495736300945282,527.7123413085938,921.942138671875,0.12993347644805908,520.1242065429688,1074.000244140625,0.5766547322273254
184,442.12884521484375,1007.0193481445312,0.09360882639884949,433.6824951171875,1000.9630126953125,0.34434375166893005,455.1270751953125,973.5183715820312,0.007970750331878662,474.6136474609375,986.7644653320312,0.009332358837127686,460.4820556640625,973.5396728515625,0.06506335735321045,726.7015991210938,1637.07861328125,0.022716134786605835,472.22467041015625,972.4854125976562,0.14961498975753784,487.85992431640625,437.5986022949219,0.010468780994415283,452.85107421875,1011.359375,0.3410888612270355,524.7494506835938,994.8938598632812,0.0733141303062439,505.8431701660156,969.9970703125,0.5189700126647949,508.2607421875,1021.7223510742188,0.6165768504142761,500.5125732421875,1021.5817260742188,0.4905518889427185,542.7681274414062,924.0635986328125,0.17319869995117188,498.97540283203125,1065.5921630859375,0.18464156985282898
185,442.3451843261719,1007.4329223632812,0.09514656662940979,431.2958679199219,1003.0444946289062,0.3829687535762787,454.8724060058594,973.7021484375,0.007505565881729126,474.57708740234375,986.7904663085938,0.009197831153869629,460.24603271484375,973.5519409179688,0.08415266871452332,726.9578247070312,1637.1739501953125,0.024353444576263428,471.99951171875,972.6981811523438,0.17024534940719604,487.84906005859375,437.49237060546875,0.01038360595703125,453.02825927734375,1011.5572509765625,0.3251255750656128,524.728271484375,994.8622436523438,0.0720624029636383,505.79119873046875,970.1246337890625,0.5298334360122681,508.29248046875,1021.5047607421875,0.6077868938446045,500.57769775390625,1021.6356811523438,0.4927476644515991,542.8890991210938,924.1426391601562,0.1746831238269806,499.0776672363281,1065.778564453125,0.19932115077972412
186,456.60595703125,1009.1221923828125,0.016956031322479248,426.49237060546875,1003.8904418945312,0.22591760754585266,453.201416015625,1006.57275390625,0.007240206003189087,463.68170166015625,1000.8388061523438,0.010739713907241821,465.1233215332031,974.259033203125,0.024158596992492676,733.0441284179688,1638.4151611328125,0.02674803137779236,470.24310302734375,978.5606689453125,0.19028058648109436,484.0896911621094,1028.54052734375,0.025919586420059204,473.14166259765625,1029.4132080078125,0.7049320936203003,525.190185546875,975.95166015625,0.031033724546432495,488.3402404785156,958.9409790039062,0.4003320634365082,516.4387817382812,1022.87255859375,0.35548824071884155,515.03369140625,1016.677001953125,0.5413110256195068,546.2320556640625,925.3009033203125,0.21763131022453308,884.26171875,959.3531494140625,0.10822108387947083
187,456.6451110839844,1009.1156005859375,0.01909974217414856,426.588623046875,1003.7904663085938,0.24721422791481018,453.24005126953125,1006.6165161132812,0.007934749126434326,463.8355407714844,1000.8474731445312,0.012121737003326416,465.2441711425781,974.1214599609375,0.025411218404769897,732.8388671875,1638.206298828125,0.028177082538604736,470.0200500488281,978.712646484375,0.1905137598514557,484.03662109375,1028.5462646484375,0.027223438024520874,473.164306640625,1029.425537109375,0.7007272839546204,483.648193359375,974.7387084960938,0.027959048748016357,488.1820373535156,959.3253173828125,0.4389447271823883,516.3788452148438,1022.9578857421875,0.3573416471481323,514.9988403320312,1016.7840576171875,0.541140079498291,546.183349609375,925.155029296875,0.21761375665664673,884.2613525390625,959.3529663085938,0.10827183723449707
188,458.9684143066406,1000.3297729492188,0.07419541478157043,455.1238708496094,992.7877197265625,0.3086145222187042,445.2794189453125,971.7508544921875,0.008501976728439331,462.4837951660156,975.3646240234375,0.012020707130432129,472.51348876953125,967.0931396484375,0.14771053194999695,743.3814697265625,1640.5260009765625,0.02762657403945923,472.13922119140625,975.3014526367188,0.19074580073356628,475.6036376953125,1012.0498657226562,0.015735924243927002,464.6946105957031,1007.19189453125,0.3064623475074768,497.67633056640625,956.8814697265625,0.02221408486366272,507.6435546875,974.3111572265625,0.37327057123184204,517.1322631835938,1017.451904296875,0.1762385070323944,517.75244140625,1015.9373168945312,0.6609408855438232,544.4140014648438,924.1298828125,0.45283493399620056,883.268798828125,962.8333740234375,0.09500187635421753
189,459.0509033203125,1000.4044799804688,0.07487913966178894,455.2470703125,992.76220703125,0.32009702920913696,445.2130126953125,971.77978515625,0.00817197561264038,462.48394775390625,975.4533081054688,0.012349188327789307,465.4137878417969,968.5304565429688,0.1526607871055603,743.1830444335938,1640.841796875,0.02692091464996338,472.28033447265625,975.2203979492188,0.19359663128852844,475.5444030761719,1012.0267944335938,0.014798104763031006,464.7009582519531,1007.129150390625,0.3031473755836487,497.86334228515625,956.7442626953125,0.02156728506088257,507.6050720214844,974.2393798828125,0.3717757761478424,516.8595581054688,1017.3809204101562,0.1604526937007904,517.55908203125,1015.7114868164062,0.6393378973007202,544.7119140625,924.2055053710938,0.439230740070343,883.2675170898438,962.8309326171875,0.09480142593383789
190,445.0387878417969,993.9711303710938,0.0647854208946228,437.77728271484375,999.90869140625,0.3250463604927063,443.9363098144531,974.158935546875,0.010495364665985107,480.10858154296875,988.2303466796875,0.01766309142112732,465.55865478515625,966.0321655273438,0.43706658482551575,743.2650756835938,1640.7657470703125,0.026551812887191772,475.09613037109375,968.5548095703125,0.15277349948883057,427.05963134765625,1008.0816650390625,0.020452141761779785,509.615966796875,1015.8652954101562,0.6707682609558105,509.59503173828125,968.0467529296875,0.03908741474151611,514.9013061523438,966.8623046875,0.6641232371330261,514.631103515625,1010.7406616210938,0.16465437412261963,518.790283203125,1014.5144653320312,0.7160549163818359,541.3731079101562,925.31591796875,0.2485693097114563,883.0797729492188,962.7008666992188,0.10931402444839478
191,445.357666015625,994.1135864257812,0.06097221374511719,437.73370361328125,999.8062744140625,0.33201807737350464,443.80255126953125,974.057861328125,0.010143369436264038,480.31671142578125,988.0810546875,0.018088459968566895,465.3863830566406,966.1455078125,0.46485546231269836,732.7593383789062,1638.65478515625,0.024204134941101074,475.1558837890625,968.53466796875,0.1673690378665924,426.9605407714844,1008.2421875,0.016047954559326172,510.0597229003906,1015.4622192382812,0.6736119389533997,509.60809326171875,968.0089111328125,0.038131147623062134,514.9110107421875,966.8766479492188,0.6602777242660522,514.9591674804688,1010.7603759765625,0.18190321326255798,519.2201538085938,1014.5462036132812,0.7192423939704895,541.3944702148438,925.381103515625,0.259408563375473,883.0438842773438,962.6864013671875,0.11356645822525024
192,477.01251220703125,992.902099609375,0.15526071190834045,438.4027099609375,991.6531372070312,0.2417331337928772,450.80413818359375,991.031982421875,0.012094289064407349,485.1861572265625,986.6670532226562,0.07941639423370361,468.927734375,956.7621459960938,0.5336982011795044,464.8295593261719,968.2872924804688,0.03360021114349365,489.8443298339844,961.7566528320312,0.31574010848999023,438.5923767089844,1006.998046875,0.03056928515434265,510.9961242675781,1015.4835815429688,0.5810994505882263,538.890625,971.6994018554688,0.014713048934936523,519.1298217773438,966.46484375,0.7891606092453003,525.6602783203125,1015.0721435546875,0.024877101182937622,526.1920776367188,1012.2237548828125,0.17958420515060425,524.1070556640625,941.883056640625,0.15738093852996826,882.9752807617188,962.717529296875,0.13786697387695312
193,476.86993408203125,992.866943359375,0.1610989272594452,437.90252685546875,996.4967041015625,0.226712167263031,450.75054931640625,991.0990600585938,0.012392491102218628,485.10986328125,986.6388549804688,0.07834416627883911,468.9194641113281,956.8634643554688,0.5157212615013123,464.8860168457031,968.2604370117188,0.032202959060668945,489.7491455078125,961.7488403320312,0.3142949938774109,438.8817138671875,1006.8733520507812,0.03009212017059326,511.1754150390625,1015.44091796875,0.5886844992637634,538.826416015625,971.8442993164062,0.014475762844085693,519.00927734375,966.5997924804688,0.7849405407905579,525.8173217773438,1015.0032958984375,0.02744808793067932,526.3209228515625,1012.255126953125,0.18966814875602722,555.4049072265625,929.0441284179688,0.15787813067436218,883.0230102539062,962.7828369140625,0.12877482175827026
194,477.6973571777344,985.8341064453125,0.33962637186050415,436.7328186035156,976.2158813476562,0.8777633905410767,471.52850341796875,940.2428588867188,0.014402419328689575,490.1224365234375,953.9939575195312,0.02275019884109497,468.0116271972656,936.6845703125,0.542579710483551,733.0528564453125,1638.69384765625,0.02548879384994507,479.5032653808594,947.30908203125,0.43412211537361145,525.291748046875,1016.30615234375,0.01753637194633484,484.4935607910156,991.0167236328125,0.4149535000324249,507.3743591308594,947.5369262695312,0.009247511625289917,524.0153198242188,971.0066528320312,0.5128160715103149,536.5914916992188,1015.14892578125,0.05523252487182617,538.0767211914062,1004.5338134765625,0.1309817135334015,574.2921752929688,954.12109375,0.20537397265434265,884.5013427734375,959.1390380859375,0.1609586477279663
195,477.5660400390625,985.888671875,0.3361093997955322,436.462890625,975.9219970703125,0.8895727396011353,471.7000427246094,939.9710693359375,0.013971418142318726,490.1949462890625,953.972412109375,0.02383914589881897,467.87799072265625,936.6270141601562,0.5320854187011719,726.2908935546875,1637.491455078125,0.024297982454299927,479.2713928222656,947.687255859375,0.45884624123573303,525.1820678710938,1016.37939453125,0.017479658126831055,484.507568359375,990.8779907226562,0.4054202735424042,507.2578125,947.637939453125,0.009173035621643066,524.0541381835938,970.7682495117188,0.5171427130699158,536.5115966796875,1015.0068359375,0.050517380237579346,538.0675659179688,1004.1209106445312,0.12995213270187378,573.767822265625,953.3311767578125,0.17878106236457825,884.5036010742188,959.1295166015625,0.1564553678035736
196,484.04205322265625,966.95703125,0.19226044416427612,435.7722473144531,974.11279296875,0.38236600160598755,493.36407470703125,972.2208251953125,0.007386982440948486,498.3837890625,971.4590454101562,0.046787917613983154,486.8671569824219,919.0946044921875,0.0323447585105896,733.408203125,1638.7540283203125,0.025591731071472168,507.814697265625,942.2503051757812,0.024350404739379883,436.1656494140625,994.4071655273438,0.018102020025253296,474.3494873046875,980.2598266601562,0.31068629026412964,584.90673828125,972.63134765625,0.06111660599708557,528.2234497070312,968.0775146484375,0.08952492475509644,553.62646484375,1007.10791015625,0.004097253084182739,523.3158569335938,979.6622924804688,0.09780499339103699,559.6472778320312,945.0035400390625,0.34664466977119446,883.9314575195312,959.5908813476562,0.08940035104751587
197,483.973876953125,966.75439453125,0.1999639868736267,436.04510498046875,974.5415649414062,0.3754318356513977,493.23211669921875,972.1485595703125,0.00748521089553833,498.2972717285156,972.38916015625,0.0459156334400177,487.3302917480469,919.3973999023438,0.042771607637405396,726.3555297851562,1637.619873046875,0.025892257690429688,507.6084289550781,942.0870971679688,0.024835705757141113,436.5883483886719,994.3163452148438,0.019001483917236328,474.55584716796875,980.3394165039062,0.30380693078041077,585.0407104492188,972.715087890625,0.06785649061203003,528.2325439453125,968.2694091796875,0.09059950709342957,553.4893798828125,1007.21630859375,0.00432354211807251,523.380859375,979.7884521484375,0.0962151288986206,559.8934326171875,944.8955078125,0.34587880969047546,881.8067016601562,963.0382690429688,0.08595314621925354
198,496.0381164550781,968.2339477539062,0.005921721458435059,524.7137451171875,1012.8582763671875,0.009857594966888428,500.93560791015625,968.8773193359375,0.0008025765419006348,511.4287414550781,966.2310791015625,0.00140342116355896,571.495361328125,949.0076293945312,0.0018233060836791992,726.4451904296875,1637.7664794921875,0.023028910160064697,569.3778686523438,469.7350769042969,0.006878018379211426,487.7371520996094,437.6620178222656,0.01217004656791687,509.9201354980469,952.2750854492188,0.0804225504398346,609.704345703125,428.52056884765625,0.0015251338481903076,543.100830078125,969.68994140625,0.008538633584976196,710.710693359375,1630.731689453125,0.003686577081680298,513.2394409179688,983.6884155273438,0.03700840473175049,573.4492797851562,950.352294921875,0.18550729751586914,881.8099365234375,963.0779418945312,0.06771135330200195
199,495.8749084472656,968.2646484375,0.005803555250167847,524.8220825195312,1012.9478759765625,0.012098550796508789,500.84881591796875,968.8632202148438,0.0007475316524505615,511.3450012207031,966.1263427734375,0.0013380646705627441,571.5490112304688,949.0004272460938,0.0017294585704803467,725.9043579101562,1637.322265625,0.024142086505889893,569.3905029296875,469.68133544921875,0.006904780864715576,487.7518005371094,437.64556884765625,0.0121859610080719,510.0018005371094,952.1050415039062,0.07610270380973816,609.7111206054688,428.52838134765625,0.0015245676040649414,542.8738403320312,969.5945434570312,0.00954398512840271,710.6136474609375,1631.0709228515625,0.003502786159515381,513.0716552734375,983.58984375,0.0334811806678772,573.5242919921875,950.234130859375,0.17918464541435242,881.810302734375,963.0765380859375,0.06762367486953735
200,494.65570068359375,969.2013549804688,0.005123168230056763,572.1376953125,1009.9227294921875,0.1460011899471283,604.290771484375,1007.3826904296875,0.0004302859306335449,516.9074096679688,966.6107788085938,0.0006329119205474854,495.220703125,970.7945556640625,0.0018642544746398926,726.4611206054688,1637.5155029296875,0.022860676050186157,569.052001953125,469.9950866699219,0.006851494312286377,487.7377014160156,437.6003112792969,0.011870414018630981,496.61590576171875,979.1218872070312,0.09361109137535095,609.692626953125,428.505126953125,0.0015433430671691895,545.063720703125,974.2474975585938,0.0015237629413604736,572.2449340820312,1005.8678588867188,0.00849798321723938,562.5166625976562,970.2503051757812,0.03234866261482239,569.729248046875,961.017822265625,0.0040725767612457275,618.3501586914062,985.6060791015625,0.09359407424926758
201,494.2516784667969,970.0897216796875,0.005500286817550659,572.205322265625,1010.1548461914062,0.1772555708885193,575.5625,1003.1444091796875,0.0005325376987457275,516.68505859375,966.8775634765625,0.0007922053337097168,494.2905578613281,971.3414916992188,0.002898871898651123,725.9628295898438,1637.666259765625,0.021695375442504883,569.119140625,469.9048156738281,0.006969153881072998,487.7366943359375,437.6944580078125,0.012016385793685913,496.5637512207031,978.6500244140625,0.12871995568275452,609.73876953125,428.56439208984375,0.0015529096126556396,545.125,974.5955810546875,0.0014699995517730713,572.24462890625,1006.0661010742188,0.007961362600326538,562.3477783203125,970.3959350585938,0.029611289501190186,574.8668823242188,1003.1817626953125,0.003934651613235474,883.1640625,959.8060913085938,0.07792484760284424
202,797.3590087890625,1757.875732421875,0.0014370977878570557,585.3694458007812,1011.805419921875,0.010298311710357666,635.9071044921875,1005.3612670898438,0.0016946494579315186,522.94287109375,972.1318969726562,0.0005454719066619873,523.27880859375,973.3525390625,0.0029036402702331543,726.2889404296875,1637.51611328125,0.021771550178527832,568.6133422851562,469.8001403808594,0.006226778030395508,653.679443359375,990.73974609375,0.1303292214870453,652.607666015625,990.4896240234375,0.062346071004867554,571.4583129882812,977.7039794921875,0.0028424859046936035,550.9484252929688,975.587890625,0.09325909614562988,617.6802368164062,1002.5657958984375,0.03330862522125244,575.6255493164062,988.287353515625,0.03411892056465149,581.9232177734375,974.665283203125,0.033710747957229614,657.0695190429688,994.9571533203125,0.3371307849884033
203,797.3258056640625,1757.878662109375,0.001287221908569336,585.3501586914062,1011.8073120117188,0.010197162628173828,635.90380859375,1005.400390625,0.0016741752624511719,523.0516357421875,972.0099487304688,0.0005432963371276855,523.3562622070312,973.576171875,0.0027798712253570557,726.5657958984375,1637.7327880859375,0.022065669298171997,568.6119995117188,469.87603759765625,0.0062358081340789795,653.4881591796875,990.6787109375,0.11013820767402649,513.2512817382812,974.6131591796875,0.05651313066482544,571.5479736328125,977.7594604492188,0.0027062594890594482,550.83740234375,975.35888671875,0.08559167385101318,617.755615234375,1002.743896484375,0.033396512269973755,575.6514282226562,988.2523803710938,0.03629201650619507,581.9898071289062,974.5779418945312,0.033131569623947144,657.12646484375,994.6625366210938,0.3347663879394531
204,501.27392578125,1000.4544677734375,0.8581711649894714,479.2794189453125,974.3150634765625,0.9349658489227295,490.74053955078125,1013.2057495117188,0.060944557189941406,518.3136596679688,1003.7462768554688,0.04786345362663269,509.7620544433594,966.1696166992188,0.1691645085811615,733.0032348632812,1638.735595703125,0.02355530858039856,515.5787963867188,972.5721435546875,0.45177406072616577,520.2980346679688,1000.5396728515625,0.015415370464324951,508.2311096191406,989.8196411132812,0.25874289870262146,551.7791137695312,980.4892578125,0.027796238660812378,552.0442504882812,980.8032836914062,0.6902855634689331,512.2901000976562,998.229736328125,0.03383120894432068,535.1541748046875,1000.4951782226562,0.09597587585449219,608.2959594726562,1000.9457397460938,0.06479287147521973,881.9370727539062,962.966796875,0.09738889336585999
205,501.4982604980469,1000.4678955078125,0.875971794128418,479.203857421875,974.236083984375,0.928010106086731,490.5570983886719,1013.1587524414062,0.06297764182090759,518.4307250976562,1004.0319213867188,0.05158352851867676,510.0010986328125,966.1426391601562,0.15830281376838684,732.2764892578125,1638.63427734375,0.02358892560005188,515.7167358398438,972.64208984375,0.4408416748046875,520.2335205078125,1000.6962890625,0.017633765935897827,512.4539184570312,990.2828979492188,0.23879939317703247,551.779052734375,980.4208984375,0.027040213346481323,552.111572265625,980.5195922851562,0.7041062116622925,512.4906005859375,998.4722290039062,0.03235948085784912,535.053955078125,1000.4412231445312,0.09168332815170288,608.606201171875,1001.2482299804688,0.08113929629325867,881.8920288085938,962.9706420898438,0.0985511839389801
206,503.3290100097656,1006.9774780273438,0.7417278289794922,463.80810546875,987.5571899414062,0.9403907060623169,508.5511474609375,1018.6676025390625,0.021188169717788696,518.4321899414062,1010.3946533203125,0.026638507843017578,523.4384155273438,961.7354125976562,0.04028201103210449,733.4335327148438,1638.66552734375,0.021402627229690552,522.1832275390625,972.1026611328125,0.1389653980731964,487.8186340332031,437.6558532714844,0.012125521898269653,540.4031372070312,980.8107299804688,0.05786213278770447,553.9550170898438,974.4352416992188,0.005720466375350952,549.6407470703125,977.7979736328125,0.49288395047187805,539.2744140625,987.8055419921875,0.0060385167598724365,549.0060424804688,996.3251953125,0.05414918065071106,620.890625,1010.860107421875,0.12042087316513062,746.3214111328125,1026.5155029296875,0.7819048166275024
207,503.2291564941406,1006.6629028320312,0.7254307270050049,464.0184631347656,987.5612182617188,0.9403034448623657,508.9081115722656,1018.542724609375,0.021897315979003906,518.4727172851562,1010.0386352539062,0.024517714977264404,523.4437866210938,961.652587890625,0.0408613383769989,744.4808349609375,1640.5247802734375,0.02201855182647705,522.0074462890625,971.9850463867188,0.13752534985542297,487.8628845214844,437.6449279785156,0.012160271406173706,540.38720703125,980.8065185546875,0.05740484595298767,554.0250244140625,974.3185424804688,0.005713045597076416,549.7227783203125,977.7115478515625,0.49287089705467224,539.2593994140625,987.8784790039062,0.006300747394561768,549.0194091796875,996.2240600585938,0.0568084716796875,620.7930297851562,1010.9054565429688,0.12067878246307373,746.2968139648438,1026.622802734375,0.7516523599624634
208,503.9483337402344,1012.1934204101562,0.4937536120414734,485.4580993652344,987.54052734375,0.9179202318191528,508.4032897949219,1027.80126953125,0.006639003753662109,512.0477294921875,969.9700927734375,0.004066288471221924,505.0419006347656,966.1793823242188,0.06202229857444763,744.4603271484375,1639.667724609375,0.022885024547576904,511.7217712402344,970.9010009765625,0.2775171995162964,487.89654541015625,437.5473327636719,0.011830806732177734,542.9751586914062,980.1547241210938,0.06538230180740356,557.137939453125,972.4822998046875,0.015526652336120605,550.482177734375,975.1614379882812,0.6119278073310852,618.2069702148438,1005.5341796875,0.006490230560302734,552.287109375,996.1649169921875,0.056634098291397095,615.0446166992188,1003.453125,0.15972787141799927,882.115966796875,963.0795288085938,0.1782281994819641
209,503.9353942871094,1012.305908203125,0.4711874723434448,485.2565612792969,987.3724365234375,0.9159208536148071,508.3033752441406,1027.8341064453125,0.006368964910507202,512.00146484375,970.01123046875,0.003868013620376587,505.06890869140625,966.0372924804688,0.06129544973373413,745.1679077148438,1640.63720703125,0.024728715419769287,511.84014892578125,970.83349609375,0.2771032452583313,487.8875427246094,437.4991455078125,0.011621177196502686,542.8450927734375,979.947265625,0.07401809096336365,557.123291015625,972.0319213867188,0.01262354850769043,550.3023681640625,974.8800048828125,0.5841183662414551,618.1767578125,1005.4550170898438,0.006580859422683716,552.0758666992188,995.908447265625,0.05378615856170654,614.9353637695312,1003.4561767578125,0.13953116536140442,882.1759643554688,963.0805053710938,0.18425357341766357
210,508.75103759765625,1013.61181640625,0.22872215509414673,483.5975646972656,992.5407104492188,0.7329023480415344,497.66473388671875,1029.0703125,0.0018408596515655518,511.7609558105469,971.333251953125,0.0018225908279418945,503.7557678222656,967.3438720703125,0.030655086040496826,745.7584228515625,1640.60595703125,0.029137223958969116,506.43048095703125,968.8887329101562,0.02581116557121277,676.8428955078125,1015.9664306640625,0.055538028478622437,509.1405334472656,976.8469848632812,0.06338521838188171,554.3636474609375,971.43798828125,0.002429455518722534,550.944091796875,973.5516357421875,0.21877449750900269,671.3538208007812,1018.9812622070312,0.006679058074951172,563.0929565429688,990.9105834960938,0.04397699236869812,613.3123779296875,1003.1473388671875,0.018371790647506714,881.1538696289062,963.4512329101562,0.16262012720108032
211,508.87115478515625,1013.4663696289062,0.2289923131465912,489.568359375,989.9738159179688,0.7399680018424988,497.7149963378906,1029.0089111328125,0.0017511248588562012,512.1218872070312,971.3704833984375,0.0017351508140563965,503.9985656738281,967.3303833007812,0.03085002303123474,744.9369506835938,1640.119140625,0.02630329132080078,506.3598327636719,968.9368896484375,0.025191813707351685,677.2183227539062,1015.8339233398438,0.021055519580841064,508.86669921875,976.8239135742188,0.06422939896583557,554.259521484375,971.364013671875,0.002284526824951172,550.8214111328125,973.5447387695312,0.2079923450946808,734.89501953125,1650.1968994140625,0.004326611757278442,563.0134887695312,990.9623413085938,0.045787274837493896,613.5089111328125,1003.1263427734375,0.03591078519821167,881.1897583007812,963.4202880859375,0.1643073856830597
212,509.9958801269531,1018.4154663085938,0.15174201130867004,478.6501159667969,1002.3566284179688,0.6666751503944397,498.1718444824219,1027.86669921875,0.0017139017581939697,509.23016357421875,970.54150390625,0.0032057464122772217,503.1215515136719,967.5499267578125,0.15430524945259094,745.7100219726562,1640.5382080078125,0.02773129940032959,506.36212158203125,975.8451538085938,0.0741046667098999,487.6251525878906,437.35675048828125,0.010750889778137207,505.7498779296875,982.8126831054688,0.21436089277267456,530.6015014648438,975.4014892578125,0.004006296396255493,547.9912719726562,970.9480590820312,0.032059431076049805,586.6373901367188,1017.0165405273438,0.012955456972122192,568.3265991210938,998.4744873046875,0.23922383785247803,619.3239135742188,1004.9329833984375,0.056968897581100464,613.7363891601562,1010.5079345703125,0.1834329068660736
213,510.46746826171875,1018.2949829101562,0.15113407373428345,478.6038513183594,1002.507080078125,0.663070797920227,497.6014404296875,1030.0780029296875,0.0017838776111602783,508.09857177734375,970.6233520507812,0.0029114186763763428,502.3363952636719,967.97509765625,0.12037494778633118,745.6051025390625,1640.449951171875,0.02670016884803772,505.960205078125,976.2118530273438,0.05537411570549011,487.6475524902344,437.402587890625,0.010827898979187012,504.66650390625,982.5729370117188,0.22129341959953308,531.0307006835938,975.4081420898438,0.0037173330783843994,548.2079467773438,970.8602905273438,0.03213846683502197,586.6399536132812,1016.9122314453125,0.012218624353408813,568.4209594726562,998.4583129882812,0.2468048632144928,619.2059936523438,1004.9177856445312,0.05635508894920349,613.6983642578125,1010.4420776367188,0.1816529631614685
214,511.6150207519531,1024.6695556640625,0.620050847530365,481.69598388671875,1006.4202880859375,0.8041616678237915,501.68798828125,1033.15087890625,0.006539285182952881,523.7859497070312,1030.0169677734375,0.004695147275924683,503.455810546875,969.972412109375,0.18602067232131958,745.2325439453125,1640.308837890625,0.027783632278442383,504.2770690917969,974.9284057617188,0.19153490662574768,508.9244384765625,1002.622314453125,0.016513139009475708,509.2420959472656,997.456787109375,0.2375483214855194,529.3692016601562,978.85986328125,0.0031042098999023438,544.6544799804688,977.0061645507812,0.10456475615501404,585.2813720703125,1018.811767578125,0.16713246703147888,566.454833984375,1004.977294921875,0.23497506976127625,614.6116943359375,1006.2607421875,0.013393133878707886,876.69482421875,959.0751953125,0.11613816022872925
215,511.3680419921875,1024.557373046875,0.6586571931838989,481.55120849609375,1006.499755859375,0.8167440295219421,501.34405517578125,1033.3802490234375,0.009170114994049072,523.9833984375,1029.74951171875,0.005728214979171753,502.79449462890625,970.1513061523438,0.2166101038455963,745.8928833007812,1640.5806884765625,0.027736395597457886,504.4485778808594,975.0121459960938,0.1942349374294281,508.459716796875,1002.9511108398438,0.017925173044204712,509.4241027832031,997.6409301757812,0.20265096426010132,529.7483520507812,978.9074096679688,0.0033504366874694824,549.3400268554688,976.2939453125,0.11382594704627991,585.29443359375,1018.6177368164062,0.18363967537879944,566.7683715820312,1005.0056762695312,0.21883463859558105,614.7228393554688,1006.196044921875,0.011248260736465454,876.69873046875,959.0380249023438,0.12376564741134644
216,508.6258544921875,1024.7855224609375,0.253594309091568,481.6643981933594,1008.6935424804688,0.8183462023735046,500.3508605957031,1034.63427734375,0.0010700821876525879,526.4956665039062,987.552978515625,0.0027503669261932373,501.8392333984375,982.503173828125,0.03249743580818176,745.9813232421875,1640.519287109375,0.02828139066696167,508.3153381347656,982.9093627929688,0.11081275343894958,509.17547607421875,1001.1680297851562,0.03135788440704346,509.57025146484375,997.8425903320312,0.490354061126709,554.8768920898438,973.9828491210938,0.005633264780044556,553.5726928710938,974.2570190429688,0.06914398074150085,589.2150268554688,1017.923828125,0.25914129614830017,572.0961303710938,1001.38427734375,0.32652997970581055,614.5526733398438,1005.8084716796875,0.3345854878425598,876.2029418945312,959.209716796875,0.10020866990089417
217,507.065673828125,1027.4412841796875,0.16150707006454468,478.2870178222656,1012.6283569335938,0.8199707269668579,498.3999328613281,1037.2337646484375,0.0012078583240509033,523.5995483398438,1038.643310546875,0.0031860172748565674,505.1794128417969,969.7498168945312,0.02712741494178772,745.2376098632812,1640.2645263671875,0.028837233781814575,513.0628662109375,978.1307983398438,0.10418814420700073,487.3683166503906,437.4676208496094,0.01115313172340393,510.89910888671875,999.0933837890625,0.3655935227870941,557.5862426757812,973.5193481445312,0.003118664026260376,567.7293701171875,975.2951049804688,0.07297590374946594,591.3203125,1018.7454833984375,0.0832493007183075,571.4656982421875,1004.2159423828125,0.32417094707489014,619.3311157226562,1011.9616088867188,0.3958592116832733,875.6602172851562,959.20703125,0.17842119932174683
218,507.1291809082031,1027.373779296875,0.1618882417678833,478.49285888671875,1012.648681640625,0.8307056427001953,498.4336242675781,1037.2357177734375,0.0011706352233886719,524.47119140625,1035.080810546875,0.0032377541065216064,505.1524658203125,969.8245239257812,0.026500970125198364,745.4768676757812,1640.8868408203125,0.028360426425933838,512.9821166992188,978.2112426757812,0.10239511728286743,487.3594055175781,437.472900390625,0.011204630136489868,510.9674987792969,999.126708984375,0.37134188413619995,557.5482788085938,973.4036865234375,0.0032966434955596924,567.6214599609375,975.3342895507812,0.07321557402610779,591.74365234375,1018.4673461914062,0.08433732390403748,571.412841796875,1004.197998046875,0.3205973505973816,619.268310546875,1012.0526123046875,0.41470441222190857,875.6801147460938,959.2311401367188,0.17699918150901794
219,507.1331787109375,1027.4140625,0.15998581051826477,478.5641174316406,1012.6672973632812,0.8271400928497314,498.36163330078125,1037.2374267578125,0.001175612211227417,524.4366455078125,1035.1292724609375,0.0031521618366241455,505.3597717285156,969.806884765625,0.027049869298934937,745.412841796875,1640.602294921875,0.026700973510742188,513.0204467773438,978.2205810546875,0.10194137692451477,487.3564758300781,437.455810546875,0.011057287454605103,510.8720703125,999.1077880859375,0.3761964440345764,557.5972900390625,973.3474731445312,0.0036602020263671875,567.750244140625,975.436767578125,0.08296072483062744,587.2238159179688,1021.4761962890625,0.09453439712524414,571.4373168945312,1004.4520874023438,0.355979859828949,619.3153686523438,1012.2415771484375,0.4632716774940491,875.6823120117188,959.2354736328125,0.1752510368824005
220,469.49896240234375,1008.3086547851562,0.05070728063583374,477.15032958984375,1004.8070678710938,0.3340454697608948,497.94580078125,987.5103149414062,0.0014940202236175537,511.3168029785156,987.9254760742188,0.0022194385528564453,489.3363952636719,976.2178955078125,0.03013595938682556,744.4564819335938,1640.972900390625,0.028847992420196533,509.8005065917969,982.5116577148438,0.08309683203697205,496.6322326660156,1006.3831787109375,0.019794076681137085,514.2750244140625,997.9086303710938,0.6132500171661377,583.9461669921875,985.5933837890625,0.002705305814743042,566.275390625,978.165283203125,0.10184130072593689,581.2022094726562,1025.272705078125,0.2107400894165039,567.486572265625,1009.134765625,0.43457263708114624,619.5327758789062,1014.7064819335938,0.5292749404907227,875.6260375976562,958.9700317382812,0.1586594581604004
221,469.7383728027344,1008.5645141601562,0.05101945996284485,477.2327880859375,1004.67822265625,0.3364853262901306,498.10662841796875,987.284423828125,0.0014994442462921143,511.2691650390625,987.8389282226562,0.0023640990257263184,489.41717529296875,976.1809692382812,0.02849563956260681,744.9743041992188,1640.68603515625,0.0264645516872406,509.8051452636719,982.4692993164062,0.07938027381896973,496.4481201171875,1006.30615234375,0.020026415586471558,514.1583862304688,997.8577270507812,0.6118349432945251,583.9881591796875,985.58984375,0.0026885569095611572,566.2846069335938,978.150634765625,0.10104820132255554,581.227294921875,1025.2799072265625,0.21095803380012512,567.5040893554688,1009.1272583007812,0.43501219153404236,619.483642578125,1014.6680297851562,0.5403578281402588,875.816650390625,959.0054321289062,0.16188979148864746
222,505.7421875,1027.623046875,0.18451428413391113,465.88031005859375,1013.4067993164062,0.6065929532051086,500.125,1034.33837890625,0.006571650505065918,515.393798828125,1032.7918701171875,0.009923756122589111,505.33642578125,975.28076171875,0.07729440927505493,744.831298828125,1640.870849609375,0.02851349115371704,512.102294921875,984.05126953125,0.28383612632751465,491.92315673828125,1006.505126953125,0.020439863204956055,513.9573974609375,998.1141967773438,0.48728880286216736,557.6039428710938,978.162353515625,0.010351955890655518,565.376708984375,979.3310546875,0.20136630535125732,581.4046630859375,1029.6649169921875,0.07828310132026672,563.2172241210938,1004.23486328125,0.3334437310695648,620.8782348632812,1014.2213745117188,0.8552755117416382,876.0308837890625,959.2689208984375,0.06270807981491089
223,505.71142578125,1027.6075439453125,0.1863451898097992,466.0575866699219,1013.3299560546875,0.6063563227653503,500.11199951171875,1034.2274169921875,0.0064910054206848145,515.3285522460938,1032.710693359375,0.009744793176651001,505.2298278808594,975.271240234375,0.08017781376838684,732.6442260742188,1637.9569091796875,0.023065000772476196,512.0908813476562,983.9913940429688,0.29786741733551025,491.6899719238281,1006.6006469726562,0.020593911409378052,513.973388671875,998.1510009765625,0.49064165353775024,557.5928955078125,978.1973266601562,0.011002808809280396,565.2659912109375,979.2755126953125,0.2020089328289032,581.301513671875,1029.6431884765625,0.0785447359085083,563.1725463867188,1004.3359985351562,0.351556658744812,620.8086547851562,1014.2606811523438,0.8545631170272827,876.041259765625,959.2498779296875,0.06518727540969849
224,505.3111267089844,1027.612060546875,0.32109105587005615,479.5777282714844,1006.68017578125,0.3607986271381378,498.29974365234375,988.759765625,0.004117608070373535,512.4465942382812,987.1817626953125,0.008144587278366089,505.67303466796875,977.023193359375,0.07929819822311401,732.7598266601562,1638.1649169921875,0.020890116691589355,511.36065673828125,983.146728515625,0.4006880521774292,457.605712890625,1013.5687255859375,0.023749887943267822,516.7033081054688,998.4522094726562,0.5124016404151917,556.8743286132812,975.7693481445312,0.006110340356826782,565.5629272460938,981.2625732421875,0.1974877417087555,574.3004150390625,1031.288818359375,0.3908102214336395,571.1258544921875,1024.124755859375,0.6579287052154541,619.60009765625,1016.427001953125,0.7127190828323364,558.8680419921875,977.3848266601562,0.15088436007499695
225,505.515869140625,1027.662353515625,0.31822165846824646,478.7291259765625,1002.42578125,0.3452867269515991,498.2879943847656,988.7681274414062,0.004217773675918579,512.509765625,987.2694702148438,0.007818013429641724,505.77215576171875,977.3987426757812,0.07556456327438354,733.2334594726562,1638.3067626953125,0.024063706398010254,511.60150146484375,983.2005004882812,0.4013080596923828,457.5578308105469,1013.5597534179688,0.024610519409179688,516.8408813476562,998.4713134765625,0.5098916888237,556.7933349609375,975.80126953125,0.006246805191040039,565.525390625,981.3247680664062,0.19428011775016785,574.3163452148438,1031.3060302734375,0.3887332081794739,571.064453125,1024.1708984375,0.6603875756263733,619.5387573242188,1016.4757080078125,0.7128286361694336,558.8641967773438,977.4276123046875,0.14781534671783447
226,505.4773254394531,1026.2763671875,0.2589729428291321,490.5770263671875,1011.58740234375,0.19759172201156616,498.2831115722656,989.1874389648438,0.006288498640060425,513.6058959960938,986.6259155273438,0.011139750480651855,507.86273193359375,977.4479370117188,0.12980931997299194,733.0601806640625,1638.29345703125,0.02474173903465271,511.3922119140625,983.0023803710938,0.4500093460083008,458.47198486328125,1015.3135375976562,0.03308761119842529,510.90789794921875,999.9382934570312,0.44141143560409546,561.8958740234375,981.9638671875,0.006438940763473511,564.7930908203125,982.8709716796875,0.444475382566452,568.7001342773438,1031.5616455078125,0.2256060242652893,569.9935302734375,1022.09765625,0.793455958366394,618.7940673828125,1016.7174682617188,0.7440835237503052,559.0944213867188,977.3511962890625,0.0511147677898407
227,505.4285888671875,1026.2506103515625,0.25820544362068176,490.1255798339844,1011.3578491210938,0.1914752721786499,498.221435546875,989.1163940429688,0.006215393543243408,513.581787109375,986.5552978515625,0.010920345783233643,507.9633483886719,977.5469360351562,0.11908841133117676,732.2348022460938,1638.320068359375,0.022399872541427612,511.5769958496094,982.809814453125,0.4366299510002136,458.7379455566406,1015.4605712890625,0.02725079655647278,510.8607177734375,999.64501953125,0.4629780650138855,561.9066162109375,981.9521484375,0.006173372268676758,565.0067749023438,983.0144653320312,0.447149395942688,568.5865478515625,1031.5115966796875,0.21538066864013672,570.2312622070312,1022.5579223632812,0.797053873538971,618.941162109375,1016.875732421875,0.748142421245575,559.0950317382812,977.3248901367188,0.051617950201034546
228,503.4671630859375,1026.3170166015625,0.6439108848571777,467.3592529296875,1014.3400268554688,0.6498019695281982,503.65093994140625,992.023681640625,0.006735742092132568,516.8804931640625,1033.5172119140625,0.01285901665687561,508.60723876953125,979.0873413085938,0.15442198514938354,744.6886596679688,1640.4471435546875,0.027658462524414062,513.0892333984375,983.6220703125,0.5235040187835693,487.2953796386719,437.3781433105469,0.010812312364578247,518.4418334960938,999.4415283203125,0.36067503690719604,560.7346801757812,982.1241455078125,0.010668367147445679,560.4072265625,983.5199584960938,0.51341712474823,574.5906982421875,1030.537109375,0.3991870582103729,568.6565551757812,1022.615966796875,0.7225447297096252,617.9253540039062,1017.9111328125,0.7685207724571228,558.7514038085938,977.436767578125,0.03714767098426819
229,503.525634765625,1026.365234375,0.6396366953849792,467.3187561035156,1014.2698364257812,0.657417893409729,503.40777587890625,991.90771484375,0.006418287754058838,516.933349609375,1033.6121826171875,0.013153791427612305,508.6844482421875,979.26416015625,0.1540096402168274,733.3259887695312,1638.465087890625,0.024478226900100708,513.2247314453125,983.831787109375,0.48165610432624817,487.30487060546875,437.36676025390625,0.01079404354095459,518.2926025390625,999.3896484375,0.3580085039138794,560.4869995117188,982.2283325195312,0.011962890625,560.19580078125,983.6305541992188,0.5044906139373779,574.6292724609375,1030.58251953125,0.40059319138526917,568.7371826171875,1022.9719848632812,0.7162610292434692,617.9337158203125,1017.9356689453125,0.7737173438072205,553.8828125,977.6356201171875,0.04010826349258423
230,504.47247314453125,1026.4930419921875,0.6420876383781433,476.3963623046875,1017.6456298828125,0.6539995670318604,505.8778381347656,990.1868286132812,0.007038027048110962,515.3507690429688,986.3896484375,0.009557247161865234,507.4173889160156,979.3897094726562,0.3026461601257324,744.5244140625,1640.4088134765625,0.02472919225692749,513.705810546875,983.8635864257812,0.574635922908783,487.4757995605469,437.3277587890625,0.010826051235198975,511.4637451171875,1005.4116821289062,0.33316874504089355,556.1673583984375,981.1650390625,0.009974360466003418,559.3154296875,983.621826171875,0.48230528831481934,575.3567504882812,1030.5037841796875,0.5934575200080872,569.3678588867188,1021.933349609375,0.846375584602356,615.8995361328125,1018.0670166015625,0.7566189169883728,553.8026123046875,977.29833984375,0.026668071746826172
231,504.5585021972656,1026.4281005859375,0.6494728922843933,476.123046875,1018.0817260742188,0.6452712416648865,505.7065734863281,990.0809326171875,0.007027238607406616,515.4175415039062,986.5845947265625,0.008617669343948364,505.529052734375,982.1255493164062,0.3185558617115021,732.8067626953125,1638.101806640625,0.021713614463806152,513.5709838867188,984.13720703125,0.561127781867981,487.4749755859375,437.27294921875,0.01077297329902649,512.212890625,1005.2875366210938,0.38373279571533203,555.4473876953125,981.3870239257812,0.010672271251678467,558.5264892578125,984.911865234375,0.48706090450286865,579.10107421875,1030.6353759765625,0.5661455988883972,569.3287963867188,1021.7371826171875,0.8387392163276672,612.9893188476562,1016.0118408203125,0.7871750593185425,553.3781127929688,977.322998046875,0.021504759788513184
232,503.8339538574219,1025.491455078125,0.6635573506355286,475.7341003417969,1017.6585083007812,0.4400997757911682,504.5035095214844,989.9765625,0.00797736644744873,513.9533081054688,987.2879638671875,0.014585912227630615,505.2194519042969,981.554931640625,0.28345727920532227,732.248779296875,1637.796875,0.021084189414978027,512.8551025390625,984.5638427734375,0.6413242220878601,462.3543701171875,1012.5641479492188,0.010945022106170654,512.7567138671875,1004.6646118164062,0.4075060486793518,550.2486572265625,982.105224609375,0.008801788091659546,557.3985595703125,984.4534912109375,0.48356160521507263,580.0488891601562,1030.742431640625,0.5499476790428162,569.3616333007812,1021.9796752929688,0.8118412494659424,611.8959350585938,1016.150146484375,0.8574334383010864,553.263427734375,977.0969848632812,0.016127467155456543
233,503.6585998535156,1025.37353515625,0.6514870524406433,475.6670837402344,1017.5108032226562,0.4382631778717041,504.3694763183594,989.8638305664062,0.008181542158126831,513.9061279296875,987.2503662109375,0.015342772006988525,505.32666015625,981.48193359375,0.270253986120224,725.4723510742188,1636.7508544921875,0.021334946155548096,512.8306884765625,984.3959350585938,0.635628879070282,462.8896179199219,1012.5791015625,0.011898070573806763,512.65234375,1004.6194458007812,0.40710482001304626,550.69482421875,981.9392700195312,0.00860634446144104,557.7774047851562,984.5179443359375,0.517475962638855,575.7481689453125,1031.1123046875,0.48264196515083313,569.7520751953125,1022.2251586914062,0.8115793466567993,611.6865234375,1015.7582397460938,0.8245224952697754,553.3140869140625,977.117919921875,0.017139971256256104
234,503.9445495605469,1026.6348876953125,0.5653365254402161,465.3777770996094,1015.1445922851562,0.4394080936908722,504.3262023925781,990.8892822265625,0.008746504783630371,513.1436157226562,988.3377685546875,0.018493980169296265,503.8778991699219,981.8396606445312,0.27987945079803467,744.0806884765625,1640.3896484375,0.02136373519897461,511.3783264160156,984.62353515625,0.5308993458747864,487.2447509765625,437.4217224121094,0.01096370816230774,512.7739868164062,1004.8905029296875,0.4291454553604126,528.6441650390625,988.1492919921875,0.0066273510456085205,553.71240234375,986.5195922851562,0.4142879247665405,576.6233520507812,1030.2337646484375,0.5932323932647705,569.0783081054688,1020.3289794921875,0.7818284630775452,610.5965576171875,1015.3896484375,0.8967827558517456,552.9606323242188,977.77978515625,0.0123615562915802
235,503.99114990234375,1026.546630859375,0.569503128528595,465.4766540527344,1015.0234985351562,0.45668739080429077,504.3453674316406,990.9558715820312,0.0086897611618042,513.1666870117188,988.4049072265625,0.01879030466079712,503.84234619140625,981.8782958984375,0.28026068210601807,744.7634887695312,1639.9486083984375,0.02547892928123474,511.4278564453125,984.5696411132812,0.5336284637451172,487.25469970703125,437.429443359375,0.011015385389328003,512.8250732421875,1004.7813110351562,0.4247986674308777,549.7589111328125,982.31884765625,0.00659450888633728,553.6874389648438,986.5366821289062,0.41675224900245667,576.6018676757812,1030.239501953125,0.5939511656761169,569.0631103515625,1020.3345336914062,0.7816715240478516,610.5919189453125,1015.3989868164062,0.8976550102233887,552.9749145507812,977.8017578125,0.012161076068878174
236,502.93707275390625,1026.3818359375,0.36995917558670044,464.6401062011719,1015.3202514648438,0.5373355746269226,505.9462890625,990.5677490234375,0.00823017954826355,512.9262084960938,988.1218872070312,0.023803532123565674,502.2702941894531,982.571044921875,0.25053972005844116,744.283203125,1640.3275146484375,0.022970139980316162,510.5045471191406,984.683349609375,0.5004268884658813,487.0402526855469,437.5213317871094,0.011384069919586182,512.5401000976562,1004.206787109375,0.5525995492935181,529.392578125,988.6127319335938,0.008839160203933716,553.080078125,986.1785888671875,0.5462446808815002,576.0653686523438,1031.30029296875,0.4656970202922821,569.27197265625,1019.272216796875,0.7290558815002441,610.306396484375,1016.1116943359375,0.8300719261169434,742.0911254882812,1015.0038452148438,0.11903688311576843
237,502.8523864746094,1026.1068115234375,0.3884648084640503,464.65875244140625,1015.4120483398438,0.5378046035766602,505.4747314453125,990.6263427734375,0.00917208194732666,512.6863403320312,987.8627319335938,0.024938613176345825,495.1288146972656,981.9754638671875,0.2501773238182068,744.0216674804688,1640.1571044921875,0.021551936864852905,510.6426696777344,984.6597900390625,0.5045095086097717,487.112548828125,437.529541015625,0.011359095573425293,512.4827880859375,1004.4392700195312,0.5014207363128662,529.6329345703125,988.5403442382812,0.008988052606582642,553.1244506835938,986.181884765625,0.5561336278915405,576.3187866210938,1031.4539794921875,0.4455867111682892,569.6585693359375,1019.4884033203125,0.7365893721580505,610.3433227539062,1016.0692749023438,0.8356817364692688,742.0786743164062,1014.9865112304688,0.1321832835674286
238,503.2601623535156,1027.4827880859375,0.3041003346443176,466.6389465332031,1016.630859375,0.7056229114532471,500.25372314453125,991.1973876953125,0.006782710552215576,513.383544921875,988.6471557617188,0.013296365737915039,484.99676513671875,984.9194946289062,0.34724801778793335,744.3707275390625,1639.98193359375,0.023152858018875122,509.9305114746094,985.15576171875,0.3781755566596985,494.21673583984375,1021.8688354492188,0.012666195631027222,509.31390380859375,1005.1173706054688,0.45774969458580017,528.7351684570312,989.1868896484375,0.01247638463973999,553.2962646484375,985.4594116210938,0.48939409852027893,575.6990356445312,1032.01806640625,0.41261234879493713,569.9102783203125,1018.7395629882812,0.7793489694595337,609.7716674804688,1016.3245849609375,0.7910325527191162,737.6905517578125,1019.2105102539062,0.05415341258049011
239,499.7804260253906,1029.067626953125,0.27719682455062866,466.77557373046875,1016.6058959960938,0.7325580716133118,500.61920166015625,990.9701538085938,0.005684345960617065,513.4921264648438,988.7754516601562,0.011145919561386108,485.7649841308594,984.8300170898438,0.38680529594421387,744.7205810546875,1640.0516357421875,0.02447393536567688,509.9748229980469,985.2466430664062,0.359079509973526,486.9986267089844,437.4046630859375,0.01170918345451355,508.550048828125,1005.0143432617188,0.44382256269454956,528.823974609375,989.1558227539062,0.009827226400375366,553.3507690429688,984.596435546875,0.4811365306377411,575.3720092773438,1032.132080078125,0.47289618849754333,569.8947143554688,1019.0772705078125,0.7718813419342041,609.8265380859375,1016.4828491210938,0.7887222766876221,737.815673828125,1019.1474609375,0.04813024401664734
240,497.8401184082031,1030.9759521484375,0.2384490668773651,464.7117004394531,1018.5857543945312,0.8645501732826233,484.2705078125,991.4935913085938,0.004359036684036255,512.45556640625,1003.47216796875,0.0063886940479278564,500.89813232421875,984.54931640625,0.3759506344795227,745.174560546875,1639.9583740234375,0.025822579860687256,500.0528564453125,990.3998413085938,0.45099833607673645,474.56195068359375,1009.0083618164062,0.013073325157165527,508.60589599609375,1005.8870849609375,0.38121557235717773,526.8034057617188,989.330810546875,0.008665084838867188,553.001220703125,986.5512084960938,0.4303267300128937,575.8115844726562,1032.5997314453125,0.5514417290687561,570.0214233398438,1018.0115966796875,0.728979229927063,608.5250244140625,1016.5076904296875,0.7735323905944824,737.336669921875,1022.96923828125,0.018321692943572998
241,497.89056396484375,1030.9400634765625,0.23692035675048828,464.7441101074219,1018.5604248046875,0.8607162237167358,484.1506042480469,991.3673095703125,0.0041769444942474365,512.4739990234375,1003.4586791992188,0.006305813789367676,500.93011474609375,984.4995727539062,0.36946576833724976,745.162841796875,1639.7828369140625,0.02594923973083496,499.9812927246094,990.3585205078125,0.4409928619861603,474.4998779296875,1009.1134033203125,0.013525336980819702,508.5640563964844,1005.9071044921875,0.38739126920700073,526.860595703125,989.3932495117188,0.008805274963378906,552.6736450195312,986.5117797851562,0.4349710941314697,575.7694702148438,1032.615478515625,0.5598362684249878,569.9752197265625,1018.057373046875,0.7244395613670349,608.4530029296875,1016.4490356445312,0.755516529083252,737.2538452148438,1022.7193603515625,0.014719665050506592
242,479.0201416015625,1027.1092529296875,0.18547755479812622,459.2437744140625,1020.3062133789062,0.5608690977096558,473.6399230957031,990.219482421875,0.004900485277175903,510.5220642089844,1004.3362426757812,0.006722301244735718,500.9632568359375,984.4888916015625,0.19603008031845093,745.640625,1640.1661376953125,0.029067963361740112,496.43798828125,986.1224365234375,0.41640394926071167,445.0488586425781,1013.4461059570312,0.05393409729003906,448.155517578125,1016.4156494140625,0.6608380675315857,525.9779663085938,989.976806640625,0.016419053077697754,549.9586791992188,989.3073120117188,0.335286021232605,576.364501953125,1031.667724609375,0.44017162919044495,558.848388671875,1010.6378173828125,0.7126206755638123,608.9619750976562,1017.2411499023438,0.7837939262390137,545.3111572265625,977.3775024414062,0.02652040123939514
243,479.205810546875,1027.176513671875,0.22047707438468933,459.1017761230469,1020.197021484375,0.5787836313247681,473.7179260253906,990.2882690429688,0.005013793706893921,510.6944885253906,1004.4656372070312,0.006899774074554443,500.9075622558594,984.4229125976562,0.20363491773605347,745.480712890625,1640.252685546875,0.03103780746459961,496.5660705566406,986.1680908203125,0.4234519600868225,445.0722961425781,1013.2455444335938,0.04883494973182678,448.2245178222656,1016.2517700195312,0.6763335466384888,526.0420532226562,989.9271240234375,0.015982508659362793,550.0462646484375,989.2938232421875,0.33420562744140625,576.3892211914062,1031.6737060546875,0.4418502449989319,558.809326171875,1010.6126098632812,0.7134255170822144,608.9586791992188,1017.21533203125,0.7791395783424377,545.3291625976562,977.3505859375,0.026896923780441284
244,484.41259765625,1026.338623046875,0.6520070433616638,452.5537414550781,1015.130859375,0.9439103603363037,476.3990173339844,990.4815063476562,0.008441686630249023,509.8697814941406,1004.6176147460938,0.01268264651298523,483.3865051269531,980.3609619140625,0.26114052534103394,744.3170166015625,1639.2276611328125,0.03121885657310486,498.4407958984375,985.3419799804688,0.6488573551177979,487.1833190917969,437.2593994140625,0.011538267135620117,509.350830078125,1010.2454833984375,0.6364105939865112,526.7555541992188,989.9130859375,0.0076149702072143555,552.1117553710938,989.9638061523438,0.5851311087608337,578.18994140625,1030.3685302734375,0.3116656541824341,558.1416015625,1009.305419921875,0.691246509552002,606.5909423828125,1015.4908447265625,0.7768737077713013,546.5762329101562,976.7218017578125,0.0211847722530365
245,484.4483337402344,1026.3143310546875,0.6515548229217529,452.5564880371094,1014.93115234375,0.9460269212722778,476.5989074707031,990.5568237304688,0.00886237621307373,509.93084716796875,1004.4962158203125,0.013773590326309204,483.4196472167969,980.3822021484375,0.2701292037963867,744.9797973632812,1640.093994140625,0.029239624738693237,498.540771484375,985.4568481445312,0.6438844799995422,487.198974609375,437.2603759765625,0.011544674634933472,509.4970397949219,1010.3585815429688,0.6429070830345154,547.23193359375,984.211181640625,0.007581919431686401,552.371337890625,989.7401733398438,0.6123338937759399,582.5145263671875,1031.2099609375,0.2932795286178589,558.3099365234375,1009.3882446289062,0.690394401550293,606.5021362304688,1015.4998168945312,0.7727055549621582,546.7681274414062,976.3824462890625,0.020002543926239014
246,478.0714416503906,1022.09619140625,0.42314445972442627,443.3216247558594,1010.0975952148438,0.8089352250099182,484.1958923339844,1008.0557861328125,0.00748559832572937,493.2468566894531,1007.53173828125,0.02864217758178711,502.98565673828125,979.3930053710938,0.09268131852149963,744.9237670898438,1640.2933349609375,0.027366578578948975,498.2040100097656,984.7366943359375,0.7086420655250549,477.684326171875,1009.67724609375,0.031747132539749146,509.3876037597656,1011.26025390625,0.8434244394302368,547.3609619140625,984.51416015625,0.004609853029251099,552.5546264648438,990.6412963867188,0.6806346774101257,577.7749633789062,1031.39599609375,0.33554011583328247,561.937744140625,1018.7626342773438,0.5876163840293884,605.8455200195312,1014.935546875,0.8309264183044434,548.0789794921875,976.3718872070312,0.014908641576766968
247,478.0704345703125,1022.0725708007812,0.4238644242286682,443.3561706542969,1010.0875244140625,0.8067371249198914,484.2087707519531,1008.0667724609375,0.007482051849365234,493.27520751953125,1007.5341796875,0.028238266706466675,502.99273681640625,979.36376953125,0.092946857213974,744.05859375,1640.1153564453125,0.025426208972930908,498.2142028808594,984.6965942382812,0.7085748910903931,477.662109375,1009.6966552734375,0.032006651163101196,509.3569641113281,1011.2720947265625,0.8430483341217041,548.8261108398438,989.2091674804688,0.004683077335357666,552.4832763671875,990.653564453125,0.6769688129425049,577.8265991210938,1031.33447265625,0.3504439890384674,561.898193359375,1018.7704467773438,0.591650128364563,605.8668212890625,1014.961669921875,0.8253831267356873,548.1528930664062,976.38330078125,0.01488831639289856
248,479.2778625488281,1023.2257690429688,0.3653721511363983,440.2481689453125,1010.4117431640625,0.8286320567131042,474.12628173828125,1007.4183959960938,0.003745138645172119,509.28924560546875,1003.4940795898438,0.017428666353225708,481.4372863769531,986.5264282226562,0.11263570189476013,744.47802734375,1640.313720703125,0.027961134910583496,503.1280822753906,985.3294677734375,0.6729742288589478,513.1453247070312,1018.70849609375,0.025421112775802612,510.20294189453125,1012.4005126953125,0.8455590009689331,552.8036499023438,989.26708984375,0.006586253643035889,552.3629150390625,990.686279296875,0.8136091232299805,578.6491088867188,1031.9920654296875,0.3621094226837158,569.2249755859375,1026.0467529296875,0.6247717142105103,605.3474731445312,1015.4615478515625,0.8619023561477661,548.360107421875,976.7105102539062,0.010113358497619629
249,479.40264892578125,1023.3734130859375,0.3386065363883972,442.6255798339844,1004.3709106445312,0.8397313356399536,486.1878967285156,1007.8643798828125,0.0037459731101989746,509.463134765625,1003.3579711914062,0.016805499792099,485.891845703125,985.5328369140625,0.1262880265712738,744.4666748046875,1639.948486328125,0.030440568923950195,502.9220886230469,985.591796875,0.6446959972381592,513.3966674804688,1018.6588745117188,0.02574068307876587,510.6560974121094,1012.2374267578125,0.8343906402587891,553.1116943359375,989.4549560546875,0.005877435207366943,552.4500122070312,991.0865478515625,0.801898717880249,578.7107543945312,1032.186279296875,0.3665280342102051,569.29833984375,1026.06103515625,0.6463875770568848,605.2650756835938,1015.204833984375,0.8817759156227112,548.2078857421875,976.5247802734375,0.011219501495361328
250,477.9232482910156,1020.9807739257812,0.38343513011932373,466.75970458984375,1005.1802978515625,0.6306777000427246,472.1303405761719,1006.1060180664062,0.0033547282218933105,509.4853820800781,1003.0010986328125,0.022792965173721313,483.6667175292969,983.1895751953125,0.3618770241737366,563.4126586914062,464.10589599609375,0.012904942035675049,498.6139831542969,987.0618286132812,0.7462671399116516,473.3262023925781,1009.4400024414062,0.03447449207305908,501.91070556640625,1015.6854248046875,0.6380340456962585,563.0679321289062,1000.3636474609375,0.004000067710876465,548.4931030273438,992.4705810546875,0.8167306184768677,583.0087280273438,1030.9735107421875,0.48022329807281494,568.1666259765625,1026.5009765625,0.8616523742675781,605.8119506835938,1013.1452026367188,0.7889044284820557,537.4232788085938,1007.3134765625,0.007555842399597168
251,479.18707275390625,1020.8222045898438,0.4106559753417969,466.5997009277344,1005.2633666992188,0.6383176445960999,471.79400634765625,1006.2657470703125,0.003337264060974121,509.59002685546875,1003.0468139648438,0.02174803614616394,483.7942199707031,982.9727783203125,0.3763714134693146,563.3475952148438,464.087890625,0.012863636016845703,498.5080871582031,987.0079345703125,0.7483335733413696,473.1517028808594,1009.4161987304688,0.03452092409133911,501.97900390625,1015.6044921875,0.6414693593978882,563.05810546875,1000.4384155273438,0.004091143608093262,548.64990234375,992.5037841796875,0.8116405010223389,582.9017944335938,1031.1319580078125,0.47489801049232483,568.1064453125,1026.5003662109375,0.8627938628196716,605.8451538085938,1013.2020263671875,0.7830350399017334,537.5479125976562,1007.159423828125,0.007430613040924072
252,489.6818542480469,1024.822021484375,0.24324530363082886,468.32220458984375,1015.9193115234375,0.7455095052719116,473.60650634765625,988.814453125,0.004477709531784058,508.7550354003906,1003.3333129882812,0.015893131494522095,496.4300842285156,981.7774658203125,0.3655164837837219,563.5740356445312,464.39111328125,0.013335436582565308,497.1675720214844,987.0401611328125,0.8021918535232544,475.7406921386719,1009.55126953125,0.0324786901473999,502.28546142578125,1015.9140625,0.8055392503738403,562.5956420898438,1000.5013427734375,0.0050671398639678955,546.4237060546875,992.0624389648438,0.8156054019927979,578.2858276367188,1032.12939453125,0.4670339822769165,566.0051879882812,1025.9097900390625,0.8633855581283569,604.5199584960938,1014.0677490234375,0.7465295791625977,538.8164672851562,1006.255615234375,0.010539859533309937
253,489.64276123046875,1024.7899169921875,0.23473241925239563,468.3658752441406,1015.9287109375,0.7412734031677246,473.5465393066406,988.8633422851562,0.004481315612792969,508.75836181640625,1003.3258056640625,0.015800684690475464,496.4164733886719,981.8011474609375,0.3719026446342468,563.7133178710938,464.3146057128906,0.013204187154769897,497.1261291503906,987.03515625,0.8008463382720947,475.8778991699219,1009.5468139648438,0.03296571969985962,502.2805480957031,1015.8890991210938,0.8059972524642944,562.5872802734375,1000.48779296875,0.005087435245513916,546.4296264648438,992.0635375976562,0.8152368068695068,578.2615966796875,1032.1121826171875,0.4663950800895691,565.99072265625,1025.9107666015625,0.8628277778625488,604.5413208007812,1014.1111450195312,0.7439329624176025,538.81298828125,1006.2411499023438,0.010516077280044556
254,486.9017028808594,1011.2161254882812,0.12034431099891663,472.23516845703125,1020.99072265625,0.4223642349243164,493.47784423828125,1002.8081665039062,0.004883855581283569,510.0674743652344,1001.3645629882812,0.01336359977722168,504.2465515136719,981.377685546875,0.36388763785362244,563.5744018554688,464.3446350097656,0.013109833002090454,496.48602294921875,986.80908203125,0.7563562393188477,477.8327331542969,1009.9944458007812,0.05063524842262268,502.9269104003906,1016.760498046875,0.7283872961997986,541.64306640625,989.093017578125,0.007327079772949219,544.9867553710938,991.6474609375,0.7889512777328491,575.1101684570312,1032.927490234375,0.4241352677345276,564.28271484375,1025.629638671875,0.8567577600479126,602.2691040039062,1015.5608520507812,0.8106272220611572,537.3795776367188,1005.8828125,0.012467443943023682
255,486.902587890625,1011.2236328125,0.11969757080078125,472.2482604980469,1021.0198364257812,0.4155193567276001,493.4187316894531,1002.7785034179688,0.0048423707485198975,510.04315185546875,1001.30126953125,0.013454586267471313,504.2629089355469,981.3867797851562,0.36349397897720337,563.459228515625,464.2352600097656,0.013250797986984253,496.4961853027344,986.8140258789062,0.757476270198822,477.79571533203125,1010.016845703125,0.05163699388504028,502.8579406738281,1016.7747192382812,0.7305396795272827,541.6006469726562,989.1648559570312,0.007278174161911011,545.0640869140625,991.6682739257812,0.7911539077758789,575.1636352539062,1032.830322265625,0.43916356563568115,564.4855346679688,1025.934814453125,0.857002854347229,602.2811889648438,1015.6172485351562,0.8053027987480164,537.3267822265625,1005.8836669921875,0.012403279542922974
256,489.6552734375,1016.9612426757812,0.15759283304214478,470.645751953125,1023.7089233398438,0.4335611164569855,464.04864501953125,991.0675659179688,0.0032524466514587402,494.9138488769531,1002.279296875,0.012568086385726929,506.2886962890625,982.1146240234375,0.263927698135376,563.1285400390625,464.1680908203125,0.0131378173828125,497.5745544433594,987.9923095703125,0.804740309715271,499.42059326171875,1020.3651123046875,0.03448665142059326,501.14495849609375,1017.5492553710938,0.6788879632949829,527.61962890625,990.2351684570312,0.006266295909881592,544.9391479492188,991.2769775390625,0.7435801029205322,569.7185668945312,1032.5699462890625,0.419075071811676,563.7532958984375,1025.294189453125,0.8517813682556152,597.5096435546875,1015.3328247070312,0.7949354648590088,534.4943237304688,1014.9510498046875,0.01781877875328064
257,489.6517028808594,1016.8857421875,0.1678696870803833,470.7322692871094,1023.6763916015625,0.4257679581642151,463.9921875,990.9591064453125,0.0031650662422180176,494.9193420410156,1002.2278442382812,0.012714534997940063,506.47442626953125,982.0482177734375,0.2604272961616516,563.0283203125,464.2196044921875,0.013374537229537964,497.6429138183594,987.8320922851562,0.8014822006225586,499.4016418457031,1020.3971557617188,0.034797459840774536,501.1647033691406,1017.5051879882812,0.6749556064605713,527.6698608398438,990.2207641601562,0.006374835968017578,544.9228515625,991.2859497070312,0.7510589361190796,569.7706298828125,1032.6348876953125,0.39580631256103516,563.7222900390625,1025.324462890625,0.8532782793045044,597.5689086914062,1015.4393920898438,0.8030822277069092,535.5025634765625,1007.7066650390625,0.017668813467025757
258,486.6734313964844,1010.7667846679688,0.11710777878761292,468.4103088378906,1022.107177734375,0.3486920893192291,492.0628967285156,1003.3005981445312,0.003458738327026367,512.023681640625,1002.1896362304688,0.012193351984024048,498.536865234375,982.2398071289062,0.1921502947807312,563.4426879882812,464.26007080078125,0.013625383377075195,496.8632507324219,987.6671142578125,0.6459558010101318,498.4681701660156,1026.132568359375,0.05531620979309082,496.41107177734375,1019.3810424804688,0.4702393114566803,526.984130859375,989.7201538085938,0.006039649248123169,545.4862670898438,990.7364501953125,0.5882936716079712,571.9898681640625,1031.33447265625,0.32901620864868164,563.9638671875,1024.061767578125,0.661882221698761,596.689208984375,1015.2943725585938,0.7832897305488586,746.424560546875,1028.1768798828125,0.01728340983390808
259,486.8274841308594,1010.597412109375,0.11680170893669128,468.4211120605469,1022.072509765625,0.3194904327392578,501.41314697265625,1004.1304931640625,0.0034283101558685303,512.166748046875,1002.1624755859375,0.012079447507858276,498.72882080078125,982.2578125,0.18669471144676208,563.4840087890625,464.27569580078125,0.013627231121063232,497.2008056640625,987.8489379882812,0.634364128112793,498.48370361328125,1026.0174560546875,0.05520731210708618,507.7476806640625,1007.3887939453125,0.4517732858657837,527.0222778320312,989.7044677734375,0.006337255239486694,545.4821166992188,990.7800903320312,0.5880765318870544,572.0791625976562,1031.4482421875,0.36630696058273315,564.0807495117188,1024.108154296875,0.6605308055877686,596.6788940429688,1015.3366088867188,0.7795352935791016,746.422607421875,1028.1234130859375,0.014879733324050903
260,490.52825927734375,1029.446044921875,0.23447152972221375,470.843017578125,1021.713134765625,0.5569507479667664,492.4471130371094,1040.689208984375,0.006146907806396484,512.2062377929688,1002.4083251953125,0.008583754301071167,488.202392578125,983.5796508789062,0.30672597885131836,563.927001953125,464.26416015625,0.014207184314727783,497.6265869140625,985.3843994140625,0.41237673163414,500.5834045410156,1011.072509765625,0.012007951736450195,509.74560546875,1006.1790771484375,0.37344256043434143,512.0829467773438,991.5547485351562,0.00678744912147522,545.1319580078125,989.5175170898438,0.518161416053772,570.156005859375,1032.6387939453125,0.5011653304100037,556.63818359375,1017.0326538085938,0.47029536962509155,596.2003784179688,1016.708984375,0.6687840819358826,878.4591674804688,1259.58251953125,0.0106581449508667
261,490.5897521972656,1029.6197509765625,0.22065359354019165,471.1827087402344,1021.4930419921875,0.5627973675727844,492.560302734375,1040.734619140625,0.0058335065841674805,512.1179809570312,1002.2766723632812,0.0077329277992248535,488.2571716308594,983.5115966796875,0.29306620359420776,563.8377075195312,464.16156005859375,0.014008522033691406,497.63031005859375,985.2998046875,0.40591078996658325,494.9825744628906,1010.24951171875,0.012601196765899658,509.73931884765625,1006.1937255859375,0.37063124775886536,511.96630859375,991.375244140625,0.007112234830856323,545.2611694335938,989.3403930664062,0.5206174254417419,570.1585083007812,1032.6402587890625,0.4978889524936676,556.6912231445312,1016.9324951171875,0.46666374802589417,596.1976318359375,1016.7064208984375,0.6706597208976746,878.0722045898438,1259.2333984375,0.015288859605789185
262,490.13336181640625,1030.559326171875,0.13781139254570007,456.1838684082031,1017.3960571289062,0.40718284249305725,492.82666015625,1041.16455078125,0.002898186445236206,463.677734375,991.3572387695312,0.002271026372909546,489.65386962890625,984.3670654296875,0.11953732371330261,563.8988037109375,463.9364318847656,0.013531863689422607,496.796630859375,988.966552734375,0.29682499170303345,486.8089599609375,437.0931396484375,0.011460810899734497,502.0929870605469,1000.0197143554688,0.3089030086994171,510.5541076660156,991.9407348632812,0.007691472768783569,544.8555908203125,988.9022216796875,0.45217233896255493,568.2986450195312,1034.27490234375,0.49901095032691956,541.1666259765625,1010.2645263671875,0.47432664036750793,598.0238037109375,1020.1715087890625,0.7374643683433533,521.155517578125,1008.7097778320312,0.01622644066810608
263,489.770751953125,1030.505859375,0.13453051447868347,455.8790588378906,1017.5635375976562,0.4315369129180908,492.83135986328125,1041.0211181640625,0.0032171308994293213,512.0790405273438,1003.0738525390625,0.0020801424980163574,489.1549377441406,984.5792846679688,0.1357448697090149,563.9620361328125,463.9580383300781,0.013497740030288696,496.41259765625,988.8353881835938,0.27710506319999695,486.818115234375,437.06768798828125,0.01139184832572937,501.9118347167969,999.7916870117188,0.2861505150794983,510.5030822753906,992.0938110351562,0.01007843017578125,544.8214721679688,988.8483276367188,0.4407387673854828,567.9398803710938,1034.423583984375,0.46726107597351074,540.9561157226562,1010.1845703125,0.4711202085018158,597.8630981445312,1019.9876098632812,0.706169605255127,521.19189453125,1008.496826171875,0.016000092029571533
264,488.63885498046875,1031.8526611328125,0.07734230160713196,452.20306396484375,1018.7390747070312,0.38762205839157104,466.4815979003906,991.2845458984375,0.0009823441505432129,512.7407836914062,988.6793212890625,0.0014234483242034912,506.1259765625,986.85595703125,0.1639494001865387,564.1328125,464.6533203125,0.013136029243469238,496.74822998046875,988.5213012695312,0.1830112338066101,481.140380859375,437.1624755859375,0.011601269245147705,496.3420104980469,998.7236328125,0.2647398114204407,508.7010192871094,992.8519287109375,0.014696478843688965,543.4946899414062,989.504638671875,0.24676558375358582,568.4800415039062,1032.5078125,0.39524224400520325,547.4683227539062,1016.5227661132812,0.6231076121330261,598.4522094726562,1020.3394165039062,0.7372838854789734,514.1658935546875,999.974853515625,0.030435383319854736
265,488.6274719238281,1031.8739013671875,0.07548853754997253,452.1567077636719,1018.8001708984375,0.3840251564979553,466.4695129394531,991.2617797851562,0.00101509690284729,512.7862548828125,988.6533813476562,0.001435995101928711,506.1748352050781,986.8413696289062,0.1713159680366516,564.1920166015625,464.6560363769531,0.013229817152023315,496.76776123046875,988.49853515625,0.19140812754631042,481.1585388183594,437.1804504394531,0.01161620020866394,496.27679443359375,998.7638549804688,0.27213484048843384,508.77398681640625,992.82275390625,0.014455556869506836,543.4813232421875,989.544921875,0.24984809756278992,568.56494140625,1032.44873046875,0.40721455216407776,547.4915161132812,1016.6154174804688,0.6212656497955322,598.385498046875,1020.27587890625,0.7341275811195374,514.26171875,1000.0031127929688,0.029174447059631348
266,488.8977355957031,1031.8958740234375,0.14239230751991272,463.7373962402344,1024.0740966796875,0.21958455443382263,490.86322021484375,1042.41259765625,0.0009877979755401611,499.2143859863281,1034.2186279296875,0.001273423433303833,509.2896728515625,987.1641235351562,0.06092217564582825,564.7987060546875,465.22247314453125,0.013419151306152344,498.5121154785156,987.4188842773438,0.1154136061668396,479.5231628417969,1003.9971923828125,0.020202547311782837,496.975341796875,998.672607421875,0.3586138188838959,509.35003662109375,993.2525024414062,0.014016807079315186,543.0821533203125,990.4467163085938,0.2990877032279968,568.048828125,1031.9501953125,0.18635675311088562,542.942626953125,1010.2041625976562,0.6786216497421265,597.9505615234375,1021.5462036132812,0.7015457153320312,519.4050903320312,1006.9692993164062,0.031437069177627563
267,488.5181884765625,1031.860107421875,0.1339229941368103,464.0714111328125,1023.965087890625,0.2376490831375122,490.90399169921875,1042.8336181640625,0.0010467767715454102,498.6635437011719,1034.389892578125,0.001301109790802002,509.013916015625,987.183837890625,0.05407056212425232,565.0305786132812,465.2388000488281,0.013465702533721924,498.4058532714844,987.851318359375,0.11011156439781189,478.78326416015625,1004.3180541992188,0.022461622953414917,497.18682861328125,998.9351196289062,0.30652281641960144,509.09967041015625,993.2081909179688,0.01177486777305603,542.9315185546875,990.4644165039062,0.28701555728912354,568.1163330078125,1031.942138671875,0.18986156582832336,542.9484252929688,1010.0526123046875,0.6799739003181458,597.9234619140625,1021.5448608398438,0.7002423405647278,519.2418212890625,1007.0597534179688,0.03146255016326904
268,488.78173828125,1029.8853759765625,0.06863534450531006,464.2585144042969,1021.7109375,0.28169775009155273,504.849609375,1004.7427368164062,0.0022504329681396484,516.41650390625,1002.3571166992188,0.0026366114616394043,510.3109130859375,986.177978515625,0.11844807863235474,564.5230712890625,465.1331481933594,0.012708961963653564,499.71832275390625,987.3839721679688,0.17128914594650269,480.6459655761719,437.31207275390625,0.011908799409866333,496.6463317871094,999.5859985351562,0.3171694874763489,525.6993408203125,990.2360229492188,0.015199124813079834,543.9456787109375,991.4711303710938,0.4238704741001129,568.2042846679688,1032.7425537109375,0.2061132788658142,546.6427001953125,1017.1945190429688,0.634684145450592,597.2228393554688,1021.5859985351562,0.7493947148323059,521.3385620117188,1006.5045166015625,0.048101842403411865
269,488.5081787109375,1030.0958251953125,0.07166492938995361,463.78045654296875,1022.060302734375,0.2590647339820862,504.6977844238281,1004.6749877929688,0.0019890964031219482,516.1744384765625,1001.7891235351562,0.0024583935737609863,510.38671875,986.2979736328125,0.10626840591430664,564.6932373046875,465.49224853515625,0.013036251068115234,499.9027099609375,987.5896606445312,0.1706470251083374,480.6548156738281,437.2136535644531,0.011604934930801392,497.23565673828125,999.4887084960938,0.38146689534187317,525.978515625,990.2041625976562,0.017091989517211914,544.2553100585938,991.1735229492188,0.3841004967689514,567.9967041015625,1032.581298828125,0.21245208382606506,546.82958984375,1017.4717407226562,0.6144117116928101,597.1199951171875,1021.6016235351562,0.753646731376648,521.2924194335938,1006.6098022460938,0.051400601863861084
270,489.3819885253906,1030.345458984375,0.09530702233314514,464.174072265625,1022.2890625,0.36873677372932434,503.1288757324219,1004.771240234375,0.0036949217319488525,515.6492919921875,1001.9412231445312,0.005064815282821655,510.6548156738281,985.5272827148438,0.1530892252922058,564.71240234375,466.2115173339844,0.013809800148010254,498.9577331542969,987.6570434570312,0.2522832751274109,488.8591613769531,1005.8863525390625,0.01887345314025879,497.5404052734375,1001.509765625,0.6138571500778198,526.3992919921875,990.2601928710938,0.01688888669013977,542.7068481445312,995.5952758789062,0.4012024402618408,568.0494384765625,1032.6234130859375,0.290921151638031,553.4171142578125,1026.0098876953125,0.6611443758010864,596.2468872070312,1021.496826171875,0.7277697324752808,522.0460815429688,1006.783203125,0.03771272301673889
271,489.4764709472656,1030.459228515625,0.09464210271835327,464.111328125,1022.3633422851562,0.36956924200057983,503.2481994628906,1004.772705078125,0.004079699516296387,515.7400512695312,1001.82373046875,0.00510096549987793,510.7341613769531,985.6272583007812,0.14607486128807068,564.7416381835938,466.2626953125,0.013874679803848267,498.98565673828125,987.6905517578125,0.2583567500114441,488.6934814453125,1005.7640991210938,0.019077181816101074,497.5498352050781,1001.4921264648438,0.613670825958252,526.441162109375,990.4239501953125,0.01605093479156494,542.739990234375,995.7582397460938,0.3915807604789734,568.2025146484375,1032.7025146484375,0.28402623534202576,553.2953491210938,1026.09375,0.6699510812759399,596.207275390625,1021.4371337890625,0.7553973197937012,521.9996948242188,1006.5759887695312,0.03624063730239868
272,492.07183837890625,1030.4521484375,0.47004106640815735,467.65802001953125,1023.1336669921875,0.5464462041854858,501.92205810546875,1005.636962890625,0.004225313663482666,514.24609375,1001.8314208984375,0.007471978664398193,510.68463134765625,984.9363403320312,0.21745845675468445,564.47412109375,466.4640808105469,0.014839500188827515,499.3986511230469,988.0469970703125,0.44928741455078125,500.1160583496094,1007.8667602539062,0.03385573625564575,498.150634765625,1005.8238525390625,0.36005455255508423,534.1356811523438,989.8983154296875,0.012298494577407837,541.5867309570312,996.1710815429688,0.7378302812576294,568.0584716796875,1031.898193359375,0.4902088940143585,550.9913940429688,1023.5884399414062,0.706221342086792,594.3381958007812,1021.3375244140625,0.7615004181861877,874.2344360351562,804.268310546875,0.03178960084915161
273,491.6960754394531,1030.439208984375,0.4656580984592438,467.77191162109375,1022.7349853515625,0.539959728717804,502.1680908203125,1005.8825073242188,0.004443615674972534,514.38330078125,1001.8995971679688,0.007870614528656006,510.4802551269531,984.85498046875,0.2488996386528015,564.5643920898438,466.3688049316406,0.014693796634674072,499.58892822265625,987.8731689453125,0.4393230080604553,500.3686828613281,1008.0392456054688,0.03799644112586975,498.197509765625,1005.93017578125,0.36430850625038147,534.5592041015625,989.735595703125,0.014685869216918945,541.5584106445312,995.850830078125,0.7426139116287231,567.9682006835938,1031.9415283203125,0.4729503393173218,547.0674438476562,1020.2737426757812,0.7127670049667358,594.2667846679688,1021.2789916992188,0.7709412574768066,874.2344360351562,804.268310546875,0.031789690256118774
274,492.6061706542969,1031.9757080078125,0.39554375410079956,466.3523864746094,1024.49365234375,0.4661286175251007,465.104736328125,989.7305297851562,0.003239154815673828,513.8416137695312,1002.6095581054688,0.005839705467224121,509.71527099609375,985.3026733398438,0.1910422444343567,564.8461303710938,466.11053466796875,0.014272242784500122,498.78076171875,987.9732055664062,0.3523625135421753,482.8510437011719,1004.762451171875,0.02907019853591919,498.33099365234375,1005.9029541015625,0.35457855463027954,533.0492553710938,989.61572265625,0.010968506336212158,540.2330932617188,994.5004272460938,0.6517069935798645,568.4088745117188,1030.146240234375,0.5739654302597046,554.3768920898438,1024.5406494140625,0.7565771341323853,591.8370361328125,1018.562255859375,0.8221720457077026,20.71193504333496,971.5341796875,0.036584049463272095
275,492.47540283203125,1031.8514404296875,0.4055691361427307,466.0786437988281,1024.7203369140625,0.465020090341568,464.931884765625,989.602294921875,0.0031824111938476562,513.7984619140625,1002.4010620117188,0.0062746405601501465,510.0773010253906,985.1234741210938,0.18189480900764465,564.8006591796875,466.1375732421875,0.014174938201904297,498.7362976074219,987.7359619140625,0.3690641522407532,482.635986328125,1005.1444702148438,0.029939919710159302,498.054443359375,1005.8724975585938,0.35563427209854126,532.6492919921875,989.2305297851562,0.011247575283050537,539.9566650390625,994.1723022460938,0.6540389060974121,568.6846313476562,1030.150146484375,0.5564956068992615,554.3787841796875,1024.5904541015625,0.7459359169006348,592.0753784179688,1018.8756103515625,0.834945023059845,20.702938079833984,971.5894775390625,0.035737544298172
276,490.2731628417969,1033.64306640625,0.1433965265750885,478.6164245605469,1025.09765625,0.4662076234817505,465.307861328125,989.8637084960938,0.002673596143722534,475.921630859375,988.2042236328125,0.0018296241760253906,500.4298400878906,984.734130859375,0.13024356961250305,564.3994750976562,465.91693115234375,0.01397809386253357,496.3065490722656,987.6381225585938,0.27323395013809204,480.8672790527344,436.9930419921875,0.011717647314071655,496.42095947265625,1001.3692016601562,0.24072161316871643,510.6626281738281,993.5211791992188,0.02600008249282837,535.6218872070312,993.168212890625,0.3502732515335083,568.4771728515625,1033.422119140625,0.5394779443740845,547.8197631835938,1013.3428344726562,0.6397840976715088,591.2334594726562,1019.4434814453125,0.847109317779541,20.529359817504883,972.1615600585938,0.0332111120223999
277,490.32318115234375,1033.653076171875,0.1473497748374939,478.6231384277344,1025.1087646484375,0.46954473853111267,465.33935546875,989.837646484375,0.0028691887855529785,475.84765625,988.0827026367188,0.001989036798477173,500.5205993652344,984.600341796875,0.13129085302352905,564.3947143554688,465.9003601074219,0.014003902673721313,496.3785400390625,987.4462890625,0.304476797580719,480.8670959472656,436.9820556640625,0.011699020862579346,496.2330322265625,1001.3389282226562,0.24122920632362366,510.592529296875,993.3667602539062,0.02353551983833313,536.2196044921875,993.1475830078125,0.34229743480682373,568.5839233398438,1033.3118896484375,0.5489814281463623,546.5646362304688,1018.770751953125,0.6263775825500488,591.324951171875,1019.4805908203125,0.8595852851867676,20.50251579284668,972.1615600585938,0.03494188189506531
278,505.44793701171875,1030.9647216796875,0.05396711826324463,484.9656066894531,1024.6002197265625,0.23646870255470276,504.6068115234375,986.5739135742188,0.0009380877017974854,495.08447265625,986.4483032226562,0.0013139843940734863,489.8227844238281,984.4332275390625,0.11959102749824524,549.02880859375,462.705810546875,0.013889491558074951,493.4090576171875,989.3119506835938,0.1280084252357483,480.96722412109375,437.0491943359375,0.01198577880859375,501.98858642578125,999.3406372070312,0.1782006323337555,509.1682434082031,994.4752807617188,0.03253641724586487,536.109130859375,992.9995727539062,0.14679265022277832,566.4512329101562,1033.9835205078125,0.6631224751472473,539.5304565429688,1012.18603515625,0.513780951499939,591.9398803710938,1020.5859985351562,0.9280840158462524,731.58251953125,1030.0313720703125,0.08180806040763855
279,505.49456787109375,1031.05810546875,0.04927551746368408,484.9995422363281,1024.6181640625,0.24402764439582825,504.77392578125,986.5467529296875,0.0009781718254089355,512.0674438476562,988.1585083007812,0.0012582242488861084,489.81298828125,984.3413696289062,0.11093416810035706,548.9254150390625,462.7305908203125,0.014058023691177368,496.821533203125,989.51611328125,0.12876582145690918,486.6664733886719,437.06097412109375,0.011859267950057983,502.05181884765625,999.3971557617188,0.17088958621025085,509.2174072265625,994.3750610351562,0.032502979040145874,536.0546264648438,993.0249633789062,0.14421263337135315,567.0194091796875,1033.771240234375,0.6251660585403442,539.5834350585938,1012.0101318359375,0.4943810999393463,591.9337768554688,1020.5615844726562,0.9222776889801025,731.8394775390625,1030.2601318359375,0.09123870730400085
280,506.78668212890625,1028.8760986328125,0.01507529616355896,473.54229736328125,1029.4547119140625,0.03771665692329407,490.99639892578125,985.1534423828125,0.000750124454498291,475.4834289550781,1002.9481201171875,0.0005554854869842529,489.8489074707031,988.4223022460938,0.01626911759376526,548.66845703125,463.0921630859375,0.01389390230178833,490.37408447265625,989.580078125,0.022802889347076416,486.6878967285156,437.0362548828125,0.011802375316619873,494.2396545410156,998.148193359375,0.2629636526107788,510.0278625488281,993.9686889648438,0.008071064949035645,540.3641967773438,996.9740600585938,0.14390245079994202,565.378173828125,1034.8203125,0.6011691689491272,539.43505859375,1012.3091430664062,0.7923910617828369,592.0740966796875,1022.4382934570312,0.9332908391952515,732.8218383789062,1029.8607177734375,0.11444959044456482
281,506.798828125,1028.9423828125,0.014307737350463867,473.5216369628906,1029.6588134765625,0.037776827812194824,490.9155578613281,985.2669067382812,0.0006309151649475098,495.142333984375,1001.3515625,0.0005120635032653809,489.85406494140625,988.3927612304688,0.01458817720413208,548.6583251953125,463.0716857910156,0.013883590698242188,490.5292663574219,989.5111694335938,0.020428627729415894,486.6882629394531,437.0340881347656,0.011786848306655884,494.2926025390625,998.057373046875,0.2625043988227844,509.90679931640625,993.9520874023438,0.007231473922729492,540.4291381835938,997.0205078125,0.14379814267158508,565.283203125,1034.96875,0.634412944316864,539.4705810546875,1012.3711547851562,0.7950810194015503,591.981689453125,1022.5707397460938,0.926859974861145,732.8056640625,1030.0841064453125,0.10428419709205627
282,507.1417541503906,1030.674072265625,0.017944782972335815,485.52667236328125,1006.7157592773438,0.08152395486831665,491.91961669921875,985.9478759765625,0.0006913542747497559,460.4821472167969,987.8353881835938,0.0005623698234558105,460.8043212890625,988.6613159179688,0.027293860912322998,549.4544067382812,463.109130859375,0.013084769248962402,488.9080505371094,989.1691284179688,0.032871633768081665,486.78302001953125,436.7663879394531,0.01121610403060913,496.4422607421875,1001.645263671875,0.20486801862716675,510.27899169921875,993.222412109375,0.012373179197311401,531.7838134765625,991.5550537109375,0.13497066497802734,566.4198608398438,1033.9774169921875,0.5628012418746948,538.7716674804688,1012.28564453125,0.8359005451202393,590.3551635742188,1021.9742431640625,0.9509644508361816,733.2537841796875,1030.25439453125,0.21079856157302856
283,507.20965576171875,1030.6240234375,0.016081154346466064,485.5455017089844,1006.641357421875,0.07902199029922485,492.0911560058594,986.0564575195312,0.0006976723670959473,460.6195373535156,987.86083984375,0.0005660653114318848,461.02978515625,988.8046875,0.02857223153114319,549.4639892578125,463.10137939453125,0.013090968132019043,488.69580078125,989.2334594726562,0.03186535835266113,486.7967224121094,436.76641845703125,0.011244922876358032,496.5279541015625,1001.6270751953125,0.2065434753894806,510.28839111328125,993.2514038085938,0.013438284397125244,531.6348876953125,991.6385498046875,0.12123847007751465,566.4862670898438,1033.970947265625,0.5675328373908997,538.681640625,1012.2747802734375,0.8384442925453186,590.4088745117188,1021.9639892578125,0.9535826444625854,733.29638671875,1030.2413330078125,0.1985202133655548
284,487.67486572265625,1028.2181396484375,0.029357165098190308,465.2225341796875,1023.7815551757812,0.1817040741443634,459.9247741699219,991.0816040039062,0.0027153193950653076,494.3973083496094,988.3585815429688,0.0026601552963256836,479.08184814453125,986.2730102539062,0.12804821133613586,549.24755859375,463.004638671875,0.013377636671066284,481.93896484375,990.9922485351562,0.14703088998794556,480.0406799316406,1000.7271728515625,0.012451469898223877,486.34344482421875,1000.6957397460938,0.46986064314842224,511.639892578125,992.3468017578125,0.00792720913887024,530.707275390625,991.8563232421875,0.24304667115211487,567.16357421875,1035.00146484375,0.4191535413265228,539.1901245117188,1015.3104248046875,0.627390444278717,587.8162841796875,1020.330322265625,0.967607855796814,732.3641357421875,1030.4765625,0.1073322594165802
285,487.70318603515625,1028.1961669921875,0.032522231340408325,465.4793701171875,1023.7916259765625,0.19205829501152039,459.636962890625,991.1417846679688,0.0026712119579315186,460.70147705078125,988.144287109375,0.0018211901187896729,478.4410705566406,986.5548095703125,0.12077203392982483,549.3446655273438,463.0522766113281,0.013311117887496948,481.7582702636719,991.4154052734375,0.11735472083091736,486.8241882324219,436.8155212402344,0.01106986403465271,486.531494140625,1001.00634765625,0.42350640892982483,511.69366455078125,992.5302734375,0.00701451301574707,530.4666748046875,991.7767944335938,0.2880684733390808,567.1292114257812,1035.0218505859375,0.40691450238227844,538.5635986328125,1020.8639526367188,0.6259437203407288,587.9134521484375,1020.3023071289062,0.9664535522460938,732.4385375976562,1030.4678955078125,0.09944203495979309
286,486.74981689453125,1030.0865478515625,0.02592483162879944,465.3973693847656,1023.387939453125,0.2153763771057129,460.7153015136719,991.0717163085938,0.0016198456287384033,476.47412109375,1002.3515625,0.0019928812980651855,478.64666748046875,986.663330078125,0.10097095370292664,549.2975463867188,463.7647399902344,0.01449766755104065,478.49578857421875,990.2625122070312,0.12532654404640198,486.6599426269531,436.9527587890625,0.011270850896835327,485.2109680175781,1002.1430053710938,0.4407590925693512,492.64971923828125,992.9132080078125,0.009729117155075073,528.9452514648438,991.2857666015625,0.3001863956451416,560.9138793945312,1034.1619873046875,0.3690527677536011,532.4906005859375,1018.6414794921875,0.6958245038986206,586.6967163085938,1020.884033203125,0.9474937319755554,731.725341796875,1030.295654296875,0.17096886038780212
287,486.67138671875,1030.201904296875,0.026302814483642578,465.4344482421875,1023.4212036132812,0.22139880061149597,460.4249572753906,991.132568359375,0.0016203224658966064,476.4805908203125,1002.3880615234375,0.0020500123500823975,479.0123596191406,986.3466796875,0.09493693709373474,549.3092041015625,463.755126953125,0.014431178569793701,478.619873046875,989.9276733398438,0.1358252763748169,486.6579284667969,436.95166015625,0.011281639337539673,485.11871337890625,1002.1200561523438,0.4717119336128235,492.9952392578125,992.5921020507812,0.00910291075706482,529.0213623046875,991.3090209960938,0.2978283166885376,560.8958129882812,1034.1094970703125,0.3763304054737091,539.5983276367188,1021.5108032226562,0.6925334930419922,586.6366577148438,1020.841796875,0.9469276666641235,731.6482543945312,1030.3209228515625,0.1678658127784729
288,475.7231140136719,1025.9156494140625,0.028436511754989624,464.4811096191406,1022.6240844726562,0.23199516534805298,460.08984375,990.6260986328125,0.0013491511344909668,477.7370910644531,1002.344482421875,0.0037232041358947754,478.9632568359375,986.6282348632812,0.11886894702911377,549.2933959960938,463.45428466796875,0.014328926801681519,479.4486389160156,990.3013305664062,0.13110363483428955,480.8023681640625,437.1201171875,0.012127846479415894,485.75592041015625,1001.1563720703125,0.4571152925491333,493.501953125,992.2482299804688,0.013045698404312134,528.0248413085938,991.3653564453125,0.47651973366737366,560.58837890625,1034.1864013671875,0.2915261685848236,532.34326171875,1019.7000732421875,0.7464504241943359,585.2772216796875,1021.6506958007812,0.9019657373428345,730.8658447265625,1030.052490234375,0.13919752836227417
289,475.72967529296875,1025.9658203125,0.029117047786712646,464.5118408203125,1022.5907592773438,0.24329155683517456,459.9595642089844,990.5758666992188,0.0013392865657806396,477.762451171875,1002.4439086914062,0.003553718328475952,478.8196105957031,986.5856323242188,0.11029374599456787,549.270263671875,463.502197265625,0.014379739761352539,479.4395751953125,990.2271118164062,0.12447145581245422,480.7905578613281,437.0925598144531,0.012083113193511963,485.8648376464844,1001.0857543945312,0.46305984258651733,493.53082275390625,992.1905517578125,0.013505816459655762,527.8663940429688,991.2974853515625,0.48425784707069397,560.4717407226562,1033.5357666015625,0.3216920495033264,532.4735717773438,1019.5186767578125,0.7473971843719482,585.2875366210938,1021.3951416015625,0.900020182132721,730.7244262695312,1030.07421875,0.13889798521995544
290,474.0909118652344,1023.7747802734375,0.02297043800354004,463.4194030761719,1005.2928466796875,0.18838399648666382,476.3992614746094,988.9249267578125,0.003541320562362671,478.2530822753906,989.3786010742188,0.006324172019958496,449.9686584472656,986.867431640625,0.1764901876449585,564.0012817382812,465.1835021972656,0.013399749994277954,478.319580078125,989.3770141601562,0.20953956246376038,486.6743469238281,436.780517578125,0.011560976505279541,479.6044006347656,999.1094970703125,0.43695276975631714,493.77001953125,991.175537109375,0.015317767858505249,525.169921875,990.6425170898438,0.3693762421607971,554.9865112304688,1031.2296142578125,0.3523118495941162,530.9594116210938,1018.757080078125,0.8198875188827515,583.4349365234375,1023.3749389648438,0.9113463759422302,729.072021484375,1030.4217529296875,0.13917717337608337
291,475.5270690917969,1006.249755859375,0.019348591566085815,463.59808349609375,1005.2407836914062,0.17623290419578552,476.44036865234375,989.013916015625,0.003549635410308838,478.1192626953125,989.505859375,0.00647050142288208,450.24945068359375,986.7869873046875,0.1921546459197998,550.0839233398438,463.0660095214844,0.01330992579460144,477.9832763671875,989.54443359375,0.224254310131073,486.6923828125,436.8280944824219,0.011627525091171265,479.35845947265625,999.149169921875,0.44019460678100586,493.65130615234375,991.267822265625,0.014967650175094604,525.0908203125,990.6898803710938,0.38645824790000916,555.3093872070312,1031.6329345703125,0.34591197967529297,530.8056640625,1018.7139892578125,0.8177731037139893,583.1771240234375,1022.5908203125,0.9195004105567932,728.9114379882812,1030.37646484375,0.18579503893852234
292,475.9925842285156,1014.1182861328125,0.034610867500305176,463.01953125,1005.7403564453125,0.1977052390575409,446.5807189941406,988.5305786132812,0.003274083137512207,479.3900451660156,989.30126953125,0.007066905498504639,446.9511413574219,986.7190551757812,0.13342642784118652,550.226318359375,463.17669677734375,0.013931512832641602,473.8161315917969,989.2908935546875,0.2545807659626007,486.5809020996094,436.6738586425781,0.01118624210357666,479.6103820800781,1000.25146484375,0.5491330027580261,493.53765869140625,991.1943969726562,0.006944179534912109,528.4884643554688,992.4620971679688,0.32572105526924133,554.2198486328125,1032.49462890625,0.166377454996109,529.88330078125,1018.7342529296875,0.8335891962051392,583.1061401367188,1022.6720581054688,0.9159364700317383,724.9097900390625,1030.90283203125,0.22991693019866943
293,476.18212890625,1014.091796875,0.032486945390701294,462.2744140625,1010.507080078125,0.18932709097862244,468.8578186035156,989.191650390625,0.0030482113361358643,479.5661315917969,989.2294311523438,0.0066942572593688965,447.0398254394531,986.7575073242188,0.12883001565933228,550.2098999023438,463.2146301269531,0.014048010110855103,473.97125244140625,989.4175415039062,0.2502993941307068,486.58642578125,436.729248046875,0.01133793592453003,479.6653747558594,1000.1648559570312,0.5476311445236206,493.3456115722656,991.2340698242188,0.006254225969314575,528.3496704101562,992.5222778320312,0.30125248432159424,554.1074829101562,1032.63720703125,0.15010228753089905,529.7601318359375,1018.808837890625,0.8263022303581238,583.155029296875,1022.8016357421875,0.9056472182273865,724.8659057617188,1030.84423828125,0.2613992393016815
294,458.1260986328125,989.73095703125,0.047426849603652954,456.32403564453125,1005.5263061523438,0.3450329899787903,445.650634765625,988.34130859375,0.004035979509353638,479.3947448730469,988.8174438476562,0.007147490978240967,470.7845458984375,984.0782470703125,0.23965266346931458,550.1157836914062,463.39410400390625,0.013417690992355347,477.9251708984375,990.3928833007812,0.23323383927345276,465.1160583496094,995.5211791992188,0.01862958073616028,471.8845520019531,1002.3693237304688,0.399829238653183,492.5394287109375,991.249267578125,0.007579177618026733,527.6597290039062,992.8484497070312,0.41409987211227417,553.7929077148438,1033.1319580078125,0.10732433199882507,523.3740234375,1018.5967407226562,0.8820791244506836,582.646484375,1023.5870971679688,0.8706115484237671,723.3017578125,1030.41357421875,0.435664564371109
295,458.1456298828125,989.658935546875,0.04584649205207825,456.1309509277344,1005.4197387695312,0.37301385402679443,445.75518798828125,988.3447265625,0.004083216190338135,480.04425048828125,989.1566162109375,0.007714062929153442,470.9684143066406,984.2837524414062,0.2424580156803131,550.1383056640625,463.396728515625,0.013471841812133789,477.7560729980469,990.3348999023438,0.2456696629524231,465.80755615234375,995.5010375976562,0.0185987651348114,472.0982971191406,1002.3020629882812,0.4147278964519501,492.45758056640625,991.0241088867188,0.005101710557937622,527.8179931640625,992.8475952148438,0.43124473094940186,553.9081420898438,1033.1661376953125,0.11573976278305054,523.4487915039062,1018.6692504882812,0.87528395652771,582.25830078125,1023.9360961914062,0.861905038356781,723.0437622070312,1030.3970947265625,0.4715172052383423
296,474.2203063964844,1022.3252563476562,0.36851316690444946,453.6634826660156,1005.6839599609375,0.42539501190185547,446.1322326660156,990.7833251953125,0.007421672344207764,477.5741882324219,990.319580078125,0.011926054954528809,449.56683349609375,985.639892578125,0.40549391508102417,550.1154174804688,464.0365905761719,0.013933241367340088,471.147705078125,990.0346069335938,0.34945282340049744,465.3916931152344,1005.2545776367188,0.035615503787994385,489.35797119140625,1004.1834716796875,0.519627571105957,494.7785339355469,989.31640625,0.008009910583496094,523.726806640625,992.4727172851562,0.7313157916069031,552.6218872070312,1034.9853515625,0.10353991389274597,524.763671875,1019.5451049804688,0.9054296016693115,580.1519775390625,1024.1019287109375,0.8247672319412231,721.6549072265625,1030.068359375,0.38764604926109314
297,474.0626525878906,1022.279541015625,0.3847735524177551,453.7439270019531,1005.7060546875,0.43099117279052734,446.1268005371094,990.8302001953125,0.007428348064422607,477.656982421875,990.4317016601562,0.011620849370956421,449.6244201660156,985.7559814453125,0.41387808322906494,550.1917724609375,464.0335388183594,0.014018923044204712,471.0856628417969,990.1099853515625,0.34766024351119995,465.6358642578125,1005.3801879882812,0.0355563759803772,489.53033447265625,1004.3084106445312,0.5268612504005432,494.70574951171875,989.2914428710938,0.008593112230300903,523.1582641601562,992.09521484375,0.7056690454483032,552.5122680664062,1034.5928955078125,0.1672724485397339,524.4527587890625,1019.3900146484375,0.8954142332077026,579.904052734375,1023.8958740234375,0.8313758373260498,721.8284912109375,1030.10205078125,0.4027223587036133
298,474.68377685546875,1022.803466796875,0.20563313364982605,455.201904296875,1005.73095703125,0.5064243078231812,446.0149230957031,990.0261840820312,0.006095200777053833,478.4599609375,989.3250122070312,0.022332340478897095,446.46795654296875,983.3711547851562,0.30128806829452515,550.5398559570312,464.3526916503906,0.014376312494277954,471.658447265625,988.4949340820312,0.27399519085884094,464.7198791503906,1005.7620239257812,0.03756856918334961,481.9250183105469,1003.4600830078125,0.4339101314544678,530.066650390625,1000.5879516601562,0.01275557279586792,523.2421264648438,994.5371704101562,0.7565957307815552,544.225341796875,1038.2431640625,0.14287897944450378,522.6994018554688,1022.679443359375,0.9342818856239319,576.5081787109375,1022.1004638671875,0.8417521715164185,721.1966552734375,1030.0496826171875,0.4288301467895508
299,474.8126525878906,1022.654296875,0.1721070110797882,455.4680480957031,1005.8840942382812,0.4977757930755615,466.9022216796875,989.1192626953125,0.006003856658935547,478.4171447753906,989.5234375,0.022675544023513794,446.0945129394531,983.3927001953125,0.30878108739852905,550.490478515625,464.2568054199219,0.014248073101043701,471.5997009277344,988.5447998046875,0.2612767517566681,465.43292236328125,1006.1356201171875,0.03569808602333069,482.08734130859375,1003.5211791992188,0.42315948009490967,530.0668334960938,1000.40869140625,0.012787491083145142,523.5748291015625,994.6485595703125,0.7746323347091675,544.1493530273438,1038.31103515625,0.13166514039039612,522.5816040039062,1022.6098022460938,0.9344095587730408,576.4466552734375,1021.8739624023438,0.8572180867195129,721.1170654296875,1030.1524658203125,0.4431155323982239
300,474.1479187011719,1020.5386352539062,0.1890011429786682,453.57611083984375,1003.5870971679688,0.318692147731781,466.8379821777344,990.4324340820312,0.005072832107543945,478.3918151855469,990.3521118164062,0.022823631763458252,446.7125549316406,982.9495849609375,0.25697898864746094,550.3595581054688,464.4299011230469,0.014525949954986572,472.1661376953125,988.2081298828125,0.2177232801914215,464.42999267578125,1005.7181396484375,0.07136458158493042,488.23516845703125,1004.7225952148438,0.45998185873031616,533.4632568359375,1000.2786254882812,0.017751872539520264,524.3350830078125,994.0433349609375,0.8443669080734253,543.788330078125,1037.633056640625,0.10736212134361267,529.023193359375,1026.367431640625,0.9418468475341797,575.9810791015625,1022.6090698242188,0.8360037803649902,721.0343017578125,1030.0850830078125,0.4339256286621094
301,474.1573486328125,1020.4364624023438,0.19284126162528992,453.53839111328125,1003.416259765625,0.32925015687942505,466.71319580078125,990.482177734375,0.005383312702178955,478.4598693847656,990.3109130859375,0.02348765730857849,446.5290222167969,983.026611328125,0.25553542375564575,550.3564453125,464.4447326660156,0.014494180679321289,472.0947570800781,988.2735595703125,0.22965914011001587,464.45416259765625,1005.78173828125,0.07231315970420837,488.2211608886719,1004.7413940429688,0.45066794753074646,533.4647216796875,1000.3049926757812,0.018200010061264038,524.0892944335938,994.0610961914062,0.8500637412071228,523.4120483398438,1030.2156982421875,0.10070973634719849,529.0646362304688,1026.306640625,0.9439718723297119,576.0316772460938,1022.5478515625,0.8425981998443604,721.0747680664062,1030.246337890625,0.4404221475124359
302,473.419677734375,1021.7247314453125,0.19928720593452454,453.0185546875,1004.8118286132812,0.44011005759239197,446.18194580078125,990.3753662109375,0.004009902477264404,477.84423828125,990.2582397460938,0.021439194679260254,446.346435546875,984.8450317382812,0.286949098110199,550.727783203125,465.07806396484375,0.015503257513046265,470.5853271484375,988.8775634765625,0.15078696608543396,465.7350158691406,1008.1698608398438,0.06986123323440552,489.0384216308594,1005.1514892578125,0.393776535987854,533.884521484375,1000.724609375,0.019880473613739014,523.47900390625,994.87939453125,0.8661535978317261,544.4074096679688,1037.8890380859375,0.09896668791770935,526.0177001953125,1024.74462890625,0.9471190571784973,576.2860717773438,1023.7286376953125,0.8613338470458984,721.07177734375,1030.2154541015625,0.3597714602947235
303,475.1900634765625,1017.4823608398438,0.24699771404266357,453.46856689453125,1005.4537963867188,0.4205220937728882,458.7119445800781,990.3118896484375,0.004184693098068237,477.5090026855469,990.1514282226562,0.021621733903884888,445.78924560546875,984.9854125976562,0.30629318952560425,550.7113037109375,465.0242004394531,0.015567094087600708,471.1740417480469,988.7031860351562,0.117290198802948,466.33062744140625,1008.1670532226562,0.07145878672599792,488.59918212890625,1004.8407592773438,0.400784432888031,534.0022583007812,1000.6482543945312,0.02360484004020691,523.6461791992188,995.0413818359375,0.8640098571777344,544.3947143554688,1037.9598388671875,0.11745959520339966,528.8278198242188,1025.5963134765625,0.9468975067138672,576.1173706054688,1023.72265625,0.858161211013794,720.6259765625,1030.2781982421875,0.3693072497844696
304,473.4447021484375,1022.2079467773438,0.21880054473876953,452.1195373535156,1005.0490112304688,0.42028915882110596,457.443603515625,988.7151489257812,0.0057791173458099365,477.077392578125,988.94091796875,0.020197808742523193,446.05487060546875,984.7354125976562,0.41806069016456604,550.8825073242188,465.1384582519531,0.01521274447441101,466.2281494140625,988.2989501953125,0.09648194909095764,462.9402160644531,1008.6769409179688,0.04691949486732483,482.71002197265625,1004.6757202148438,0.3033992648124695,530.7955932617188,1000.8914794921875,0.016616076231002808,521.1788330078125,996.5738525390625,0.908378005027771,551.5936279296875,1038.110595703125,0.1657485067844391,525.7615356445312,1025.96728515625,0.9301573038101196,576.0222778320312,1023.9957275390625,0.859330952167511,720.318115234375,1030.3720703125,0.19965794682502747
305,473.55096435546875,1022.1383666992188,0.22748398780822754,452.2104187011719,1004.9920654296875,0.45790529251098633,457.7081604003906,988.7205810546875,0.005856424570083618,477.5868225097656,989.0608520507812,0.021937787532806396,446.2048645019531,984.59521484375,0.39477312564849854,550.8653564453125,465.10015869140625,0.015154212713241577,466.3396301269531,988.103515625,0.09109315276145935,462.78521728515625,1008.3312377929688,0.04750815033912659,482.7585144042969,1004.5451049804688,0.30987995862960815,530.8828125,1000.92333984375,0.015068471431732178,521.2789916992188,996.6963500976562,0.908420205116272,551.6937866210938,1038.1524658203125,0.1601838767528534,525.822021484375,1026.05078125,0.92708420753479,576.0387573242188,1023.8848876953125,0.8560366630554199,720.3515014648438,1030.310302734375,0.19993141293525696
306,467.57977294921875,1024.4239501953125,0.26568859815597534,452.46112060546875,1005.1754150390625,0.5132856965065002,456.9120788574219,987.4694213867188,0.008110880851745605,478.1524658203125,989.0545043945312,0.020635783672332764,443.94964599609375,986.0252685546875,0.2734599709510803,557.5341186523438,468.81536865234375,0.01719796657562256,467.5969543457031,987.512939453125,0.10965606570243835,464.6092224121094,1006.0057373046875,0.09590348601341248,488.4871826171875,1006.3272094726562,0.4620697796344757,530.10546875,1000.4315185546875,0.02667135000228882,521.3799438476562,996.469970703125,0.9192080497741699,545.0357666015625,1039.2943115234375,0.12986886501312256,528.9931640625,1030.33056640625,0.9119073152542114,575.4700927734375,1023.8689575195312,0.8961043357849121,720.224365234375,1029.6397705078125,0.3505712151527405
307,467.4791564941406,1024.8289794921875,0.2595950961112976,451.959228515625,1005.3959350585938,0.496293306350708,457.33819580078125,988.128173828125,0.008220970630645752,477.58062744140625,989.5802612304688,0.01944461464881897,443.67919921875,986.4505615234375,0.30214977264404297,550.4692993164062,465.3293762207031,0.01636296510696411,466.8125305175781,988.2953491210938,0.09493386745452881,464.5009765625,1006.2979125976562,0.08307206630706787,493.13568115234375,1011.2432861328125,0.4727786183357239,530.0065307617188,1000.4719848632812,0.030422121286392212,521.8326416015625,996.7264404296875,0.9110445976257324,544.9705810546875,1039.1795654296875,0.12865927815437317,528.771240234375,1030.053466796875,0.9164177775382996,575.3908081054688,1023.9508666992188,0.8922086954116821,720.2286987304688,1029.648193359375,0.355562686920166
308,469.3360595703125,1027.000244140625,0.3675658702850342,454.12835693359375,1009.3428955078125,0.6893219947814941,458.280517578125,988.2276611328125,0.009345978498458862,463.6289367675781,988.294189453125,0.013583660125732422,443.7164306640625,984.4542236328125,0.30724239349365234,544.3096923828125,467.69573974609375,0.016201049089431763,464.1255798339844,989.3824462890625,0.17667829990386963,465.91424560546875,1005.1819458007812,0.05114781856536865,492.805419921875,1013.703125,0.5035977363586426,529.0619506835938,999.4525146484375,0.03569275140762329,520.7625732421875,997.5166625976562,0.9174736142158508,544.7870483398438,1039.47412109375,0.1422092616558075,522.041259765625,1028.05859375,0.8808207511901855,574.6868286132812,1024.204345703125,0.9079147577285767,718.031494140625,1030.2039794921875,0.311430424451828
309,469.54437255859375,1027.1494140625,0.38554272055625916,454.21246337890625,1009.3245239257812,0.6596901416778564,458.2950744628906,988.1924438476562,0.009570896625518799,463.7956237792969,988.3565063476562,0.014788120985031128,443.8855285644531,984.5224609375,0.2763529419898987,558.0117797851562,468.7567443847656,0.016183674335479736,463.899658203125,989.3997802734375,0.1632424294948578,465.9752502441406,1004.7539672851562,0.05766656994819641,492.9808044433594,1013.32177734375,0.4992189407348633,529.1331176757812,999.467529296875,0.037843257188797,520.9823608398438,997.1524047851562,0.9179138541221619,544.7120971679688,1039.5037841796875,0.142120361328125,522.1517333984375,1028.04052734375,0.8784523010253906,574.4359741210938,1024.13037109375,0.892706036567688,717.9310913085938,1030.3663330078125,0.2682190537452698
310,468.46539306640625,1026.478759765625,0.17085790634155273,453.5765075683594,1008.9490966796875,0.518423318862915,458.6610412597656,988.8113403320312,0.007556349039077759,476.6865234375,988.1478881835938,0.011040717363357544,443.32196044921875,985.8047485351562,0.20924130082130432,550.8406372070312,464.1248474121094,0.014433085918426514,463.0960998535156,990.47998046875,0.19032517075538635,464.6612243652344,1006.2931518554688,0.048129141330718994,494.6274108886719,1018.940673828125,0.4526473879814148,528.4828491210938,1001.0439453125,0.03606465458869934,523.15625,999.1640014648438,0.9041740298271179,537.5419921875,1039.682861328125,0.18004384636878967,522.6747436523438,1029.5467529296875,0.8452479243278503,574.2600708007812,1024.8248291015625,0.9162883162498474,717.4718017578125,1030.5208740234375,0.3257071077823639
311,468.32379150390625,1026.6424560546875,0.17455604672431946,453.5140686035156,1008.8692626953125,0.5008329153060913,458.6885681152344,989.0782470703125,0.008316636085510254,470.61846923828125,988.498046875,0.010650426149368286,443.3423156738281,986.015625,0.21099677681922913,550.8681640625,464.0963439941406,0.014340639114379883,463.0999450683594,990.2001953125,0.1973060667514801,464.73992919921875,1006.3213500976562,0.04496300220489502,494.54766845703125,1018.9088134765625,0.4562552273273468,528.4739379882812,1001.0728149414062,0.03433153033256531,523.1499633789062,999.2001953125,0.9015249013900757,537.5126342773438,1039.6607666015625,0.18070775270462036,522.6849975585938,1029.5784912109375,0.8458752632141113,574.1375732421875,1024.9608154296875,0.9132263660430908,717.4093017578125,1030.6806640625,0.3296271562576294
312,461.1025390625,1009.01904296875,0.05295592546463013,452.4975891113281,1009.057373046875,0.31712955236434937,461.4111633300781,994.8656616210938,0.005156159400939941,492.91595458984375,1001.7439575195312,0.008550107479095459,446.4401550292969,984.3320922851562,0.07525065541267395,550.3240966796875,463.9007568359375,0.014379411935806274,462.80645751953125,989.6061401367188,0.2516424059867859,465.8110656738281,1006.9812622070312,0.04181244969367981,477.9984436035156,1010.363037109375,0.6189272403717041,527.1779174804688,1001.6740112304688,0.030445635318756104,522.7492065429688,1000.0850830078125,0.8844749927520752,531.3351440429688,1039.174560546875,0.11211517453193665,523.7774047851562,1029.20751953125,0.8538635969161987,573.3081665039062,1025.4151611328125,0.9043365716934204,884.2680053710938,900.46875,0.37999090552330017
313,460.9666442871094,1008.9153442382812,0.05012592673301697,452.4932861328125,1008.902099609375,0.31354206800460815,461.47467041015625,994.9140625,0.004684656858444214,492.9270324707031,1001.7488403320312,0.008352845907211304,446.473876953125,984.3424072265625,0.08073800802230835,550.3856201171875,463.87884521484375,0.014210820198059082,462.8321533203125,989.693359375,0.25300881266593933,465.68731689453125,1006.8900756835938,0.040471285581588745,478.0699157714844,1010.34326171875,0.6127065420150757,527.1812133789062,1001.677978515625,0.030463367700576782,522.746337890625,1000.08251953125,0.8842992782592773,531.3395385742188,1039.167724609375,0.11198380589485168,523.7739868164062,1029.20751953125,0.8538858294487,573.3076782226562,1025.4110107421875,0.9040443301200867,884.2680053710938,900.46875,0.3799903988838196
314,467.8317565917969,1025.16015625,0.08023455739021301,452.8791809082031,1010.0531616210938,0.4326353967189789,444.13311767578125,1003.9348754882812,0.003423362970352173,490.8985900878906,1000.8043823242188,0.007372140884399414,447.0975036621094,984.8519287109375,0.1199178397655487,549.850830078125,463.67498779296875,0.013684839010238647,465.32171630859375,990.0213623046875,0.27728238701820374,463.14508056640625,1018.6649780273438,0.03062686324119568,479.22900390625,1006.0131225585938,0.6894752383232117,530.2556762695312,1001.6949462890625,0.010637611150741577,519.138427734375,995.2472534179688,0.8457320928573608,554.7799682617188,1033.7113037109375,0.12825056910514832,530.51513671875,1027.534423828125,0.8107689023017883,572.5672607421875,1024.325439453125,0.9083899855613708,883.77392578125,900.7940063476562,0.31984686851501465
315,467.51629638671875,1024.9063720703125,0.08293893933296204,452.8976135253906,1010.107421875,0.4801461696624756,444.1120300292969,1003.8141479492188,0.004138290882110596,476.4756164550781,989.1355590820312,0.007006973028182983,447.19110107421875,984.6516723632812,0.12608453631401062,549.8027954101562,463.5076904296875,0.013662070035934448,465.67279052734375,989.9864501953125,0.2583918869495392,482.7645568847656,1009.4849243164062,0.029432952404022217,479.2563781738281,1006.084228515625,0.6910533905029297,530.5007934570312,1001.4005737304688,0.010141581296920776,519.2953491210938,995.4035034179688,0.8426941633224487,554.910400390625,1033.64501953125,0.12025290727615356,530.377685546875,1027.3966064453125,0.818751871585846,572.6223754882812,1024.2518310546875,0.9097919464111328,883.743896484375,900.9195556640625,0.3330339193344116
316,462.3003845214844,1014.7242431640625,0.047032833099365234,455.7316589355469,1008.5860595703125,0.23929664492607117,467.61663818359375,997.0877685546875,0.002890467643737793,491.84320068359375,987.9766845703125,0.007570743560791016,455.29705810546875,984.947998046875,0.04904302954673767,549.4942626953125,463.84912109375,0.013592004776000977,467.3819885253906,990.4969482421875,0.15485095977783203,484.3841247558594,1012.4854125976562,0.04697775840759277,482.2982482910156,1005.4839477539062,0.7056165933609009,510.6926574707031,992.9510498046875,0.006238073110580444,517.8287353515625,999.0313110351562,0.7274169921875,555.4515380859375,1032.655029296875,0.08161649107933044,536.04736328125,1024.728759765625,0.6704990863800049,571.9984130859375,1023.6141967773438,0.7190558314323425,883.539306640625,900.831787109375,0.4201657772064209
317,462.32073974609375,1014.6646118164062,0.04602774977684021,455.5301208496094,1008.7044067382812,0.2509949207305908,467.49615478515625,996.983642578125,0.003005772829055786,491.8193664550781,987.94482421875,0.008048683404922485,455.3379821777344,984.8165283203125,0.042273253202438354,549.4585571289062,463.8199768066406,0.01348850131034851,467.54278564453125,990.201171875,0.15248289704322815,484.3309631347656,1012.3956909179688,0.044802844524383545,482.1781311035156,1005.4834594726562,0.7104434967041016,510.7602233886719,992.9636840820312,0.0062583982944488525,517.8049926757812,999.025390625,0.7265737652778625,555.402587890625,1032.6171875,0.08194732666015625,536.0838012695312,1024.6749267578125,0.6745406985282898,571.9398803710938,1023.5831909179688,0.7214701175689697,883.5382690429688,900.8331298828125,0.41873034834861755
318,461.5536193847656,1010.3809204101562,0.018610388040542603,444.6997985839844,1005.0758666992188,0.09937402606010437,465.7797546386719,996.3925170898438,0.0016160309314727783,492.4122314453125,987.2199096679688,0.004639863967895508,474.09295654296875,985.9306030273438,0.020140498876571655,549.8789672851562,463.4949951171875,0.013227254152297974,470.4231872558594,988.9072875976562,0.030495762825012207,483.8175964355469,1013.8990478515625,0.036042243242263794,476.6226501464844,1006.8007202148438,0.3951149582862854,511.07574462890625,993.5054321289062,0.0035637617111206055,516.3289184570312,1000.4639282226562,0.4377305805683136,553.828369140625,1033.35693359375,0.08523523807525635,532.58642578125,1017.72998046875,0.4109427034854889,571.6077880859375,1021.4749755859375,0.7314508557319641,883.0278930664062,901.0274047851562,0.3968999981880188
319,461.56243896484375,1010.4498291015625,0.017521142959594727,444.7587890625,1005.0027465820312,0.10023769736289978,465.7642517089844,996.4652709960938,0.0015157461166381836,492.3252868652344,987.2649536132812,0.004441261291503906,474.158447265625,985.8991088867188,0.019368648529052734,549.9429321289062,463.41253662109375,0.013146847486495972,470.6253356933594,988.8341674804688,0.02860274910926819,483.9288635253906,1013.8754272460938,0.03476756811141968,476.62005615234375,1006.6787109375,0.3876800239086151,511.0672302246094,993.47998046875,0.003559798002243042,516.31396484375,1000.3566284179688,0.43738919496536255,553.8416137695312,1033.116943359375,0.09249934554100037,526.5656127929688,1019.1546630859375,0.4318341612815857,571.8616333007812,1021.738037109375,0.7623562216758728,883.028564453125,901.0270385742188,0.3968486785888672
320,459.09857177734375,1006.6871948242188,0.05571383237838745,442.2635192871094,1004.8480224609375,0.07823807001113892,457.5653381347656,1002.3629760742188,0.003912538290023804,462.43438720703125,1001.215087890625,0.00598636269569397,495.3481750488281,985.025390625,0.032618820667266846,549.944091796875,462.9962463378906,0.012703686952590942,471.3155822753906,988.857177734375,0.06611001491546631,463.30377197265625,1006.061279296875,0.04259335994720459,463.8458251953125,1004.4174194335938,0.24687695503234863,523.3607788085938,1001.8750610351562,0.004914671182632446,518.304931640625,1000.1753540039062,0.7135715484619141,552.51953125,1036.1268310546875,0.25515395402908325,533.6721801757812,1025.49365234375,0.6713434457778931,573.0443115234375,1022.3727416992188,0.9285787343978882,882.1275024414062,901.6058959960938,0.4908498227596283
321,458.3831481933594,1010.9957885742188,0.05289974808692932,442.1583557128906,1004.966552734375,0.10868307948112488,457.2641906738281,1002.4512939453125,0.0038415193557739258,478.5360107421875,1000.915771484375,0.0069838762283325195,495.1742248535156,984.7578125,0.02268850803375244,549.8352661132812,462.9776306152344,0.012822329998016357,475.5730285644531,987.6202392578125,0.10303565859794617,468.6604309082031,1009.2386474609375,0.0392284095287323,468.6481628417969,1005.9142456054688,0.2751277685165405,512.3958129882812,993.4548950195312,0.005076557397842407,518.0690307617188,999.7169189453125,0.7299115657806396,552.1864013671875,1036.282958984375,0.2985193133354187,525.2169799804688,1018.9954833984375,0.7823282480239868,572.8981323242188,1022.1109619140625,0.9314745664596558,882.1168212890625,901.5857543945312,0.4855773150920868
322,459.249267578125,1010.8171997070312,0.030981451272964478,438.10723876953125,1018.776123046875,0.03220382332801819,459.38482666015625,1002.1199340820312,0.005783259868621826,462.8200988769531,1002.1295776367188,0.005957812070846558,496.0783386230469,985.2225341796875,0.015310108661651611,550.0540771484375,463.4717712402344,0.01349407434463501,468.8709716796875,989.2265014648438,0.019425690174102783,464.4519958496094,1003.938720703125,0.06396445631980896,463.11334228515625,1003.2327270507812,0.20546692609786987,523.8244018554688,999.0192260742188,0.028974831104278564,518.2904052734375,997.9503784179688,0.8663387298583984,552.3003540039062,1036.31396484375,0.2535547912120819,526.2747802734375,1025.6656494140625,0.6888179779052734,570.98046875,1018.8424072265625,0.9597452878952026,715.3772583007812,1031.0743408203125,0.4860954284667969
323,459.0616455078125,1011.01806640625,0.034227192401885986,441.8818359375,1007.4645385742188,0.03192305564880371,459.44732666015625,1002.1118774414062,0.005384922027587891,462.9990234375,1002.1035766601562,0.005638450384140015,495.9224548339844,985.2353515625,0.016586631536483765,550.1593017578125,463.4735107421875,0.013407617807388306,468.615478515625,989.4015502929688,0.02190229296684265,464.2096862792969,1004.3113403320312,0.059365421533584595,462.4161376953125,1003.5523071289062,0.20647159218788147,523.8301391601562,999.0691528320312,0.02951022982597351,518.3104858398438,998.0763549804688,0.8670886754989624,552.3385009765625,1036.3636474609375,0.24442178010940552,526.2154541015625,1025.75244140625,0.6976927518844604,570.991455078125,1018.814208984375,0.959718644618988,715.5842895507812,1031.0467529296875,0.5224291682243347
324,458.5423889160156,1011.1575927734375,0.0703473687171936,451.4539794921875,1006.2966918945312,0.0754493772983551,450.8485412597656,996.9946899414062,0.0061553120613098145,462.23602294921875,1003.9603881835938,0.008170872926712036,495.3398742675781,986.367919921875,0.012180358171463013,563.29248046875,465.6760559082031,0.013451099395751953,489.1369323730469,991.68017578125,0.04034337401390076,467.8277282714844,1007.0946655273438,0.05706563591957092,476.4488830566406,1004.761474609375,0.35332244634628296,525.4649658203125,998.6355590820312,0.01710563898086548,518.9525146484375,998.0266723632812,0.9069851040840149,550.8057861328125,1036.63037109375,0.5483136177062988,534.184814453125,1027.1778564453125,0.5016590356826782,571.3304443359375,1019.3883666992188,0.9686446189880371,715.3219604492188,1031.491943359375,0.4599674344062805
325,458.68450927734375,1010.9991455078125,0.058030158281326294,451.3507385253906,1005.902587890625,0.06036508083343506,450.8865661621094,997.0924072265625,0.005236566066741943,462.1494140625,1004.0360717773438,0.007561773061752319,495.3347473144531,986.4921264648438,0.010767638683319092,563.3026123046875,465.5502014160156,0.013498961925506592,489.09466552734375,991.7833251953125,0.03206482529640198,467.1680908203125,1006.8191528320312,0.049696892499923706,476.57904052734375,1004.6995239257812,0.32646679878234863,525.3406372070312,998.6796875,0.017590075731277466,518.8504028320312,998.0431518554688,0.907289981842041,550.857421875,1036.66064453125,0.5408862233161926,534.1832885742188,1027.2177734375,0.502189040184021,571.3367919921875,1019.4170532226562,0.9691212177276611,715.319091796875,1031.494873046875,0.4600832760334015
326,460.95379638671875,1017.7911376953125,0.18743130564689636,424.5248107910156,1029.6834716796875,0.27148082852363586,470.189208984375,1002.5858154296875,0.006650716066360474,463.34539794921875,1004.7948608398438,0.015354275703430176,443.0671081542969,991.8184204101562,0.08476981520652771,549.5123291015625,463.8166198730469,0.014130085706710815,471.1191101074219,992.2755737304688,0.225580632686615,479.58843994140625,1010.1362915039062,0.06102079153060913,477.1681213378906,1007.0538330078125,0.736843466758728,531.0396118164062,1000.3657836914062,0.021657347679138184,520.7271118164062,999.6121826171875,0.9156926870346069,551.9362182617188,1037.39013671875,0.6902009844779968,542.299072265625,1030.2322998046875,0.6670972108840942,571.1958618164062,1019.6338500976562,0.9854570627212524,877.2138061523438,902.0548706054688,0.29053884744644165
327,460.47418212890625,1017.9606323242188,0.18559932708740234,425.150146484375,1029.517822265625,0.17311453819274902,470.0758056640625,1002.6307373046875,0.006211310625076294,476.5888671875,1001.3865966796875,0.013903141021728516,443.261474609375,991.5509643554688,0.08684125542640686,549.6002197265625,463.96258544921875,0.01430213451385498,471.2534484863281,992.4088745117188,0.22548207640647888,480.621826171875,1014.9248046875,0.06730231642723083,476.8233642578125,1006.7116088867188,0.7405459880828857,531.0662841796875,1000.2823486328125,0.023100197315216064,520.7899780273438,999.6080322265625,0.9179511070251465,551.8523559570312,1037.5146484375,0.6905335187911987,542.119140625,1030.2911376953125,0.6644558906555176,571.1488647460938,1019.7946166992188,0.9854748845100403,877.313720703125,902.0940551757812,0.30305585265159607
328,460.6900634765625,1013.58056640625,0.06808945536613464,441.55670166015625,1019.6742553710938,0.11312240362167358,471.01220703125,1002.4568481445312,0.004297107458114624,475.0889587402344,1001.2384033203125,0.009944230318069458,443.9244384765625,989.4459228515625,0.02313441038131714,550.1741333007812,463.8130798339844,0.014164656400680542,473.9544982910156,990.76318359375,0.12023678421974182,480.19732666015625,1009.3758544921875,0.0854954719543457,482.1189270019531,1018.3034057617188,0.7906365394592285,526.7224731445312,997.2313842773438,0.009945511817932129,521.1520385742188,996.771728515625,0.8942083120346069,556.5601196289062,1034.622802734375,0.147505521774292,526.4561767578125,1020.1383056640625,0.0883084237575531,573.0220336914062,1020.39990234375,0.9493745565414429,714.5177612304688,1031.4967041015625,0.2695193290710449
329,460.25164794921875,1013.80859375,0.06771528720855713,442.630859375,1019.795654296875,0.1359788179397583,471.0805969238281,1002.481201171875,0.004559993743896484,474.9649963378906,1001.3535766601562,0.009197980165481567,444.0406188964844,989.087890625,0.028386622667312622,550.1943359375,463.7780456542969,0.014014780521392822,473.7135314941406,991.0784912109375,0.1387205421924591,480.3502197265625,1009.5634155273438,0.07464903593063354,481.9462890625,1018.5071411132812,0.8068310022354126,526.7675170898438,997.22998046875,0.010605067014694214,521.173828125,996.76806640625,0.8925883769989014,556.6102294921875,1034.64697265625,0.14903125166893005,526.5035400390625,1020.1838989257812,0.08897262811660767,573.06103515625,1020.443359375,0.9483743906021118,714.3644409179688,1031.52978515625,0.3075830340385437
330,457.5753173828125,1024.0028076171875,0.04246717691421509,434.3222351074219,1018.42919921875,0.15316760540008545,456.82696533203125,1005.6034545898438,0.002387315034866333,458.4319763183594,1004.1737670898438,0.007487267255783081,440.9463195800781,989.126953125,0.012199848890304565,550.0460205078125,463.8561706542969,0.013976484537124634,479.47967529296875,991.2122802734375,0.19720768928527832,458.30474853515625,1015.294921875,0.029264181852340698,476.4745178222656,1012.2656860351562,0.8294543027877808,550.2572021484375,1002.2005615234375,0.013873070478439331,522.0621337890625,997.8539428710938,0.8511925935745239,555.9893188476562,1037.1839599609375,0.5008532404899597,543.1754760742188,1031.483154296875,0.2650983929634094,574.4581909179688,1022.0106811523438,0.9548499584197998,714.053466796875,1031.6700439453125,0.19754940271377563
331,457.48388671875,1024.59033203125,0.03685528039932251,430.3426818847656,1017.7189331054688,0.17132532596588135,456.5873107910156,1005.8826904296875,0.0021074414253234863,458.15130615234375,1004.4218139648438,0.005937516689300537,441.0221252441406,988.97119140625,0.03460967540740967,550.1586303710938,463.9207458496094,0.013935238122940063,478.8320617675781,991.4097290039062,0.18633869290351868,449.28216552734375,1020.3016357421875,0.030538827180862427,476.2758483886719,1012.912841796875,0.8212668895721436,550.175048828125,1002.2086181640625,0.014485150575637817,522.0493774414062,997.7130737304688,0.8494433760643005,555.8297119140625,1037.1336669921875,0.5676907300949097,543.49951171875,1031.3836669921875,0.2760029733181,574.390380859375,1021.9080810546875,0.96073317527771,714.0485229492188,1031.6788330078125,0.1985759139060974
332,458.9354248046875,1026.7137451171875,0.07523167133331299,426.586669921875,1018.8793334960938,0.2854507565498352,457.44482421875,1006.56884765625,0.0018807053565979004,458.90618896484375,1004.490966796875,0.004601210355758667,440.95703125,990.1725463867188,0.017266571521759033,726.5835571289062,1636.3388671875,0.014014750719070435,473.2887268066406,991.73388671875,0.12147930264472961,466.9646301269531,1014.6604614257812,0.05099925398826599,476.4407043457031,1014.0634155273438,0.8884594440460205,532.3843994140625,999.3389892578125,0.013023853302001953,521.353759765625,997.94580078125,0.8499934077262878,554.5426635742188,1035.0791015625,0.43778693675994873,541.2913208007812,1030.031982421875,0.23339331150054932,574.1433715820312,1021.4246826171875,0.9695241451263428,875.3262329101562,901.9027099609375,0.22888535261154175
333,459.04608154296875,1026.9312744140625,0.08391615748405457,426.46661376953125,1019.0579223632812,0.28930729627609253,457.70269775390625,1006.8468627929688,0.002084493637084961,458.9563293457031,1004.6096801757812,0.005160123109817505,441.362548828125,989.970947265625,0.016526997089385986,729.2415161132812,1637.3104248046875,0.016831159591674805,472.9591369628906,991.7606201171875,0.12475639581680298,466.80267333984375,1014.7168579101562,0.05153930187225342,476.1680603027344,1014.197021484375,0.8901950120925903,532.2453002929688,999.4610595703125,0.012669235467910767,521.26416015625,997.9306030273438,0.8521152138710022,554.6699829101562,1035.1268310546875,0.47813335061073303,541.3507080078125,1030.1197509765625,0.2379867136478424,574.143310546875,1021.4022827148438,0.9708966612815857,875.231201171875,901.9745483398438,0.2081063985824585
334,458.7636413574219,1021.7924194335938,0.07212787866592407,429.4241943359375,1020.2467041015625,0.23426401615142822,458.3804626464844,1007.4517822265625,0.0025163888931274414,459.42669677734375,1005.678955078125,0.006631702184677124,440.8127746582031,990.1082763671875,0.029985368251800537,550.08251953125,463.8027038574219,0.01364147663116455,472.2890319824219,992.4683837890625,0.1375422179698944,467.2678527832031,1014.3977661132812,0.056327611207962036,476.2623291015625,1013.9425659179688,0.896537184715271,532.6438598632812,998.9266967773438,0.017932116985321045,520.5852661132812,997.627685546875,0.8555120825767517,552.9909057617188,1035.45361328125,0.3927547335624695,525.28515625,1020.0367431640625,0.2913409471511841,572.7788696289062,1020.3339233398438,0.9811087250709534,874.8839721679688,901.8636474609375,0.2924290895462036
335,458.7306213378906,1021.3805541992188,0.06771814823150635,429.30938720703125,1019.9961547851562,0.22206217050552368,458.132080078125,1007.2611694335938,0.00230446457862854,459.4571228027344,1005.472412109375,0.006227016448974609,440.7829284667969,989.9332275390625,0.030046582221984863,550.0578002929688,463.75341796875,0.013572782278060913,472.1589660644531,992.3538208007812,0.13642048835754395,467.3353576660156,1014.512939453125,0.05725818872451782,476.28033447265625,1013.866943359375,0.9004881978034973,532.73486328125,999.1002197265625,0.017118215560913086,520.4508056640625,997.7845458984375,0.8473403453826904,552.8424072265625,1035.4788818359375,0.3866010308265686,525.2560424804688,1019.9579467773438,0.2967430055141449,572.8386840820312,1020.3473510742188,0.9808509349822998,874.8341064453125,901.8052978515625,0.2792608141899109
336,456.4357604980469,1021.0433349609375,0.040013670921325684,431.48138427734375,1019.1094360351562,0.10384058952331543,455.73626708984375,1007.0407104492188,0.0020591914653778076,458.3467102050781,1005.5318603515625,0.008515685796737671,440.800537109375,989.884033203125,0.02348470687866211,562.51025390625,466.1251220703125,0.013638138771057129,477.9659118652344,990.8999633789062,0.1116446852684021,452.6315002441406,1018.7245483398438,0.09062469005584717,473.80950927734375,1012.4691162109375,0.8860119581222534,532.4386596679688,998.2308349609375,0.014214575290679932,520.3911743164062,997.4696044921875,0.8279980421066284,552.4967041015625,1035.7779541015625,0.17483195662498474,539.614013671875,1027.3287353515625,0.2792219817638397,572.0189819335938,1020.2102661132812,0.9688505530357361,875.17626953125,901.7225952148438,0.27016377449035645
337,445.2934875488281,1022.5195922851562,0.05821669101715088,429.50592041015625,1018.3418579101562,0.23872706294059753,457.9185485839844,1007.2247314453125,0.00172385573387146,460.934814453125,1005.6883544921875,0.004364311695098877,441.1002502441406,991.0634155273438,0.07413586974143982,562.4722290039062,466.28729248046875,0.014784127473831177,466.0762939453125,992.014892578125,0.23931056261062622,474.5900573730469,1020.1759033203125,0.03445485234260559,474.3371887207031,1012.8512573242188,0.8492932319641113,530.6469116210938,998.7147827148438,0.014419317245483398,518.7388305664062,997.6112670898438,0.855972409248352,547.7327270507812,1033.822021484375,0.16244056820869446,538.291259765625,1027.130615234375,0.394089937210083,571.16015625,1019.3410034179688,0.9724177122116089,874.8358764648438,901.649169921875,0.2634289264678955
338,458.8546447753906,1023.1458129882812,0.05498528480529785,429.77099609375,1018.1175537109375,0.21908262372016907,457.68621826171875,1007.2064819335938,0.0014535784721374512,460.863525390625,1005.5013427734375,0.0038016438484191895,441.30291748046875,991.0478515625,0.06019413471221924,562.5054321289062,466.3563232421875,0.01449558138847351,466.1711730957031,991.8720703125,0.22120624780654907,463.7725830078125,1020.292236328125,0.03354266285896301,474.3774719238281,1012.8189086914062,0.8455251455307007,530.5584716796875,998.7662963867188,0.014710098505020142,518.57421875,997.5984497070312,0.846946656703949,547.6466674804688,1033.713623046875,0.16348397731781006,538.1817016601562,1027.083984375,0.3927364945411682,571.1656494140625,1019.4681396484375,0.9731176495552063,874.878173828125,901.5934448242188,0.26237136125564575
339,459.0346374511719,1022.908447265625,0.05569687485694885,429.3982238769531,1018.4951782226562,0.2150658667087555,435.6990966796875,991.5631103515625,0.0016655921936035156,461.431640625,1005.673828125,0.0035883188247680664,440.432373046875,990.5729370117188,0.08351665735244751,562.54833984375,466.2789001464844,0.014926016330718994,465.8669738769531,991.7608642578125,0.2409130036830902,450.11138916015625,1020.3764038085938,0.03990820050239563,474.1604309082031,1012.91650390625,0.8421821594238281,530.55712890625,998.7088012695312,0.014121592044830322,518.5907592773438,997.5325317382812,0.8474348783493042,547.5631713867188,1033.8270263671875,0.16954270005226135,538.170654296875,1027.1656494140625,0.40619710087776184,571.1502685546875,1019.2999267578125,0.9722404479980469,874.8843383789062,901.6023559570312,0.26154688000679016
340,445.87896728515625,1025.2384033203125,0.08101913332939148,422.52777099609375,1015.8645629882812,0.4351380169391632,463.6690673828125,1003.8861083984375,0.0013384222984313965,475.6296081542969,1002.9122924804688,0.0055471062660217285,441.0186767578125,988.7359008789062,0.07339704036712646,562.8397216796875,466.68426513671875,0.014976322650909424,465.38983154296875,991.3467407226562,0.35939711332321167,470.3486328125,1027.0875244140625,0.07607433199882507,472.4808044433594,1018.3909912109375,0.8511031866073608,524.3836059570312,998.9761352539062,0.022797435522079468,517.103515625,998.8018798828125,0.9159977436065674,547.9429931640625,1033.7078857421875,0.2440081536769867,539.3074340820312,1027.279296875,0.40278762578964233,570.2932739257812,1019.4431762695312,0.9667853116989136,709.0400390625,1033.587158203125,0.20519426465034485
341,445.8940124511719,1025.2017822265625,0.08500602841377258,422.5932312011719,1015.9773559570312,0.46092817187309265,463.6217346191406,1003.8944702148438,0.0013427734375,475.73114013671875,1002.8693237304688,0.0058508217334747314,440.97772216796875,988.8311157226562,0.07116761803627014,562.8239135742188,466.7144775390625,0.01503145694732666,465.4299621582031,991.2131958007812,0.3613505959510803,470.3199157714844,1027.066650390625,0.07377323508262634,472.50177001953125,1018.1578369140625,0.8525707721710205,524.4852294921875,999.0108032226562,0.023776233196258545,517.0368041992188,998.8390502929688,0.9125609397888184,547.9445190429688,1033.69482421875,0.25216060876846313,539.3565673828125,1027.30419921875,0.41801127791404724,570.3305053710938,1019.3289184570312,0.9668274521827698,708.6109008789062,1033.543701171875,0.2504310607910156
342,446.1688537597656,1023.000244140625,0.07935914397239685,423.8373718261719,1012.2142944335938,0.6570638418197632,469.62384033203125,1003.330078125,0.0020556747913360596,476.49603271484375,1003.0029296875,0.011342376470565796,441.3203125,991.4030151367188,0.06987372040748596,731.2340087890625,1637.4246826171875,0.017526686191558838,466.48394775390625,990.7503662109375,0.22298237681388855,470.7279052734375,1026.1678466796875,0.09836295247077942,471.6752624511719,1013.5663452148438,0.7582301497459412,527.0098876953125,999.523193359375,0.04830712080001831,516.3558349609375,999.2266845703125,0.9585199356079102,552.9608154296875,1036.05859375,0.15556684136390686,504.4576416015625,1021.5302734375,0.4479028284549713,570.01318359375,1020.7476196289062,0.9170973896980286,708.5185546875,1033.962158203125,0.20547345280647278
343,446.17236328125,1023.00048828125,0.07954701781272888,423.84197998046875,1012.2142944335938,0.6564621329307556,469.6214294433594,1003.3286743164062,0.0020591318607330322,476.49627685546875,1003.0004272460938,0.011346936225891113,441.31817626953125,991.4058227539062,0.06973621249198914,731.3690185546875,1637.4613037109375,0.018253356218338013,466.48583984375,990.7518920898438,0.22295504808425903,470.71978759765625,1026.1761474609375,0.09783104062080383,471.674560546875,1013.566650390625,0.7582055330276489,527.0097045898438,999.5241088867188,0.048355311155319214,516.359619140625,999.228515625,0.9585375785827637,552.9647827148438,1036.059814453125,0.155851811170578,504.45513916015625,1021.5288696289062,0.44792723655700684,570.0177001953125,1020.7578125,0.9172582626342773,708.5169067382812,1033.961181640625,0.20519959926605225
344,435.3200988769531,1006.0397338867188,0.12393030524253845,420.9345703125,1010.5403442382812,0.6678412556648254,447.40216064453125,1036.09228515625,0.0031276345252990723,446.1433410644531,1003.153564453125,0.00915023684501648,440.7796630859375,992.6050415039062,0.14314740896224976,562.325439453125,467.3251953125,0.015234202146530151,464.1942443847656,990.4481201171875,0.34019237756729126,466.99285888671875,1026.0025634765625,0.12013953924179077,469.9702453613281,1013.01708984375,0.7988541126251221,526.8429565429688,1000.1240844726562,0.03396385908126831,515.4927368164062,999.47119140625,0.9445160627365112,548.181884765625,1034.454345703125,0.11788955330848694,504.828125,1019.4699096679688,0.409442663192749,566.65087890625,1020.2052612304688,0.9301636815071106,707.8866577148438,1034.6436767578125,0.16596689820289612
345,435.5369567871094,1006.0545043945312,0.11596465110778809,422.8686218261719,1006.6746826171875,0.635576605796814,447.8360290527344,1036.0634765625,0.0025990307331085205,476.4148254394531,1002.7396240234375,0.007372796535491943,439.77716064453125,992.1190185546875,0.1399543285369873,726.5553588867188,1636.4544677734375,0.018688857555389404,464.43414306640625,990.1553955078125,0.3071030378341675,466.0102844238281,1021.046142578125,0.12463799118995667,470.2955627441406,1013.0568237304688,0.791199803352356,526.8421020507812,999.6422729492188,0.028094440698623657,515.286376953125,998.9949951171875,0.9467777013778687,548.2637939453125,1034.5794677734375,0.11330747604370117,504.8741149902344,1019.3764038085938,0.4032432734966278,566.7943115234375,1020.3078002929688,0.9355042576789856,707.1264038085938,1032.532958984375,0.24978747963905334
346,442.818359375,1030.771728515625,0.5237038731575012,422.4955139160156,1007.9653930664062,0.8186979293823242,446.7867431640625,1020.8096313476562,0.0024345815181732178,462.3634948730469,1004.5931396484375,0.004496753215789795,440.2254333496094,989.7708129882812,0.08985167741775513,726.654296875,1636.410400390625,0.01909160614013672,463.5290832519531,988.59765625,0.48782211542129517,453.03277587890625,1018.5667724609375,0.1744077205657959,468.96392822265625,1011.5569458007812,0.8466805219650269,526.8173217773438,999.21533203125,0.026316195726394653,514.5908813476562,998.79296875,0.9349408149719238,547.3070678710938,1034.439697265625,0.13353568315505981,539.468994140625,1028.3780517578125,0.33470994234085083,565.4523315429688,1021.12890625,0.9398666024208069,707.088623046875,1032.335693359375,0.19200721383094788
347,442.7747497558594,1030.661865234375,0.5459948778152466,422.08111572265625,1007.9263305664062,0.8148711919784546,446.493896484375,1020.6920776367188,0.002658665180206299,462.0220642089844,1004.5365600585938,0.004180908203125,440.29803466796875,989.6519165039062,0.09044119715690613,561.9461059570312,467.4280090332031,0.015969127416610718,463.5008239746094,988.6935424804688,0.5040402412414551,452.5726623535156,1018.5276489257812,0.17144671082496643,468.8354187011719,1011.8292846679688,0.8463809490203857,526.9874267578125,999.220947265625,0.0269375741481781,514.6930541992188,998.7943115234375,0.9345996379852295,547.2686157226562,1034.5130615234375,0.12171095609664917,539.3471069335938,1028.5047607421875,0.33560889959335327,565.3936157226562,1021.1046752929688,0.9401780366897583,707.4759521484375,1034.1556396484375,0.18038153648376465
348,439.0719909667969,1032.142578125,0.36011213064193726,423.8376159667969,1008.7019653320312,0.8461593985557556,445.2269287109375,1022.3629150390625,0.002339780330657959,479.0561828613281,987.651123046875,0.005108863115310669,440.43634033203125,989.6139526367188,0.07676723599433899,561.7844848632812,467.628662109375,0.016678303480148315,462.2024230957031,988.1709594726562,0.514138400554657,463.63250732421875,1022.3850708007812,0.19354578852653503,467.49481201171875,1011.1636962890625,0.8367735147476196,508.1847229003906,994.7284545898438,0.010015606880187988,511.9697570800781,999.2753295898438,0.9280595183372498,547.4776611328125,1034.7095947265625,0.08983504772186279,540.2026977539062,1028.5052490234375,0.3682839274406433,565.4664916992188,1020.90380859375,0.9388132095336914,707.0167846679688,1033.0162353515625,0.28120720386505127
349,439.208740234375,1031.9410400390625,0.37564724683761597,423.98455810546875,1008.7015991210938,0.8532520532608032,445.6048583984375,1022.3302001953125,0.002112269401550293,478.9228515625,987.76904296875,0.004841893911361694,440.28338623046875,989.4840698242188,0.07050174474716187,726.1514282226562,1636.5147705078125,0.01818978786468506,462.10357666015625,987.8696899414062,0.5239167213439941,463.17449951171875,1021.4046020507812,0.19237065315246582,467.6076354980469,1010.513427734375,0.8228973150253296,521.1911010742188,999.7025756835938,0.01158076524734497,512.2630004882812,999.5062255859375,0.9321297407150269,547.3919067382812,1034.6837158203125,0.09612327814102173,540.1201782226562,1028.3524169921875,0.36177003383636475,565.4173583984375,1020.7925415039062,0.9369723200798035,707.0390014648438,1032.9766845703125,0.2777080535888672
350,442.7562561035156,1033.127685546875,0.3111436367034912,424.6469421386719,1009.624267578125,0.85746169090271,446.8616638183594,1037.93359375,0.002190619707107544,447.7518310546875,1004.4310302734375,0.004018127918243408,440.32061767578125,991.3742065429688,0.03921109437942505,543.42236328125,468.6706848144531,0.017866045236587524,461.38153076171875,989.182373046875,0.4691673219203949,463.5354309082031,1021.4759521484375,0.11075848340988159,467.2784423828125,1011.4755859375,0.7522214651107788,506.9348449707031,995.3391723632812,0.010239452123641968,511.7531433105469,999.4535522460938,0.9155018329620361,548.1002807617188,1035.765380859375,0.031729042530059814,507.6560363769531,1017.7789916992188,0.29686200618743896,564.9696655273438,1022.8511352539062,0.9049131870269775,706.4060668945312,1033.2379150390625,0.17924973368644714
351,442.676025390625,1032.846923828125,0.3234327435493469,424.7704772949219,1009.4943237304688,0.8502986431121826,446.647216796875,1037.80810546875,0.002352297306060791,447.75689697265625,1004.2399291992188,0.003967165946960449,440.161865234375,991.3551025390625,0.04161599278450012,555.1856689453125,469.1507568359375,0.017666518688201904,461.4689636230469,989.2166137695312,0.468379408121109,463.2518005371094,1021.557861328125,0.10424205660820007,467.2010192871094,1011.4153442382812,0.7559609413146973,506.7173156738281,995.2293090820312,0.01030305027961731,511.7199401855469,999.3621826171875,0.919992208480835,548.0807495117188,1035.7462158203125,0.0321117639541626,508.1210021972656,1017.6718139648438,0.28100746870040894,564.9398193359375,1022.7705078125,0.9050182700157166,706.3803100585938,1033.2310791015625,0.18081316351890564
352,444.8224182128906,1040.16650390625,0.6949173212051392,426.8744201660156,1015.3939208984375,0.950371265411377,446.64349365234375,1054.0009765625,0.005113184452056885,480.2093505859375,987.1797485351562,0.002585470676422119,438.3929748535156,989.9080810546875,0.028133898973464966,555.3098754882812,468.80865478515625,0.01655399799346924,461.8385925292969,989.3699340820312,0.6597274541854858,462.3057556152344,1032.4134521484375,0.019130319356918335,466.9999084472656,1012.1919555664062,0.7263407707214355,505.7185974121094,994.4155883789062,0.006706506013870239,507.74267578125,999.4869995117188,0.8886363506317139,547.2472534179688,1035.4437255859375,0.023305505514144897,509.2552795410156,1017.5843505859375,0.31204330921173096,559.632568359375,1020.4198608398438,0.8928247094154358,707.5751953125,1034.20556640625,0.579142689704895
353,444.8743896484375,1040.11962890625,0.6920420527458191,426.918212890625,1015.3230590820312,0.9504060745239258,446.6825256347656,1053.9920654296875,0.005233854055404663,444.1976013183594,1003.3311767578125,0.0024963319301605225,438.505859375,989.9619750976562,0.02895107865333557,555.4262084960938,468.9363098144531,0.01644819974899292,461.9418640136719,989.2523193359375,0.6555946469306946,462.2532958984375,1032.4456787109375,0.019901186227798462,467.050537109375,1012.2423095703125,0.7251477837562561,505.6659851074219,994.4265747070312,0.006325215101242065,507.677734375,999.4369506835938,0.8891323804855347,547.3298950195312,1035.57568359375,0.022433876991271973,509.1659851074219,1017.6221313476562,0.3137132525444031,559.62890625,1020.3782958984375,0.8896058201789856,707.5733032226562,1034.19921875,0.5732390880584717
354,448.09027099609375,1040.6063232421875,0.11205187439918518,427.5079650878906,1023.9485473632812,0.41105958819389343,469.95880126953125,986.3514404296875,0.0017347931861877441,481.4549560546875,987.591796875,0.009416848421096802,457.9942321777344,983.0146484375,0.020362406969070435,561.6817016601562,467.10443115234375,0.015392422676086426,463.4521484375,988.7032470703125,0.5215650796890259,462.6698913574219,1022.33740234375,0.07601428031921387,466.64556884765625,1010.3743286132812,0.7811608910560608,505.97149658203125,994.0918579101562,0.007870405912399292,506.7448425292969,998.3457641601562,0.8987652659416199,543.6181640625,1034.62744140625,0.05540803074836731,508.89141845703125,1018.8872680664062,0.35170263051986694,558.8016357421875,1020.3692016601562,0.9169210195541382,705.8128662109375,1035.634033203125,0.2578478455543518
355,447.83233642578125,1040.59765625,0.11336782574653625,427.62847900390625,1023.8662109375,0.40570685267448425,469.9893493652344,986.4335327148438,0.001679927110671997,481.6015319824219,987.5020141601562,0.009140580892562866,458.0690002441406,982.9931030273438,0.02123519778251648,561.7991333007812,466.913818359375,0.015186667442321777,463.4319152832031,988.7206420898438,0.5196402668952942,462.48968505859375,1022.4706420898438,0.07688552141189575,466.61590576171875,1010.2923583984375,0.7802320122718811,505.9299011230469,994.0755004882812,0.008383214473724365,506.7289123535156,998.2493286132812,0.898267388343811,543.6697998046875,1034.8031005859375,0.04939749836921692,508.96722412109375,1018.9697265625,0.3583260774612427,558.9817504882812,1020.5957641601562,0.9154105186462402,705.8347778320312,1035.66015625,0.2608494758605957
356,445.291015625,1035.2120361328125,0.03944432735443115,424.7913818359375,1017.6717529296875,0.2547110319137573,455.59332275390625,1004.5327758789062,0.0014437735080718994,463.31927490234375,987.5245361328125,0.005497932434082031,458.7851867675781,982.1270141601562,0.03572821617126465,561.8873291015625,466.5105285644531,0.014136314392089844,463.1576232910156,988.6790161132812,0.32312294840812683,451.66815185546875,1008.9683837890625,0.03673037886619568,460.5562438964844,1006.724365234375,0.7805471420288086,505.9853515625,993.4947509765625,0.005268216133117676,505.7632141113281,997.5559692382812,0.9096266627311707,542.7216186523438,1035.150146484375,0.036647677421569824,508.8684997558594,1019.7284545898438,0.3814895749092102,558.802001953125,1020.5462036132812,0.9028134346008301,707.9981689453125,1037.180419921875,0.15150222182273865
357,445.359375,1035.113525390625,0.04385682940483093,424.7207946777344,1017.7003173828125,0.2602890133857727,455.46246337890625,1004.49365234375,0.001499563455581665,463.18408203125,987.580322265625,0.005658954381942749,458.6092529296875,982.0818481445312,0.03475618362426758,561.8203125,466.6330261230469,0.014341205358505249,463.0325622558594,988.7196044921875,0.31030917167663574,459.7568359375,1021.884521484375,0.036414653062820435,460.42657470703125,1007.078369140625,0.7945830225944519,506.05419921875,993.6441040039062,0.004529446363449097,505.6424865722656,997.6297607421875,0.9023942351341248,542.7216186523438,1035.1983642578125,0.03345876932144165,509.2276611328125,1019.6051635742188,0.39920300245285034,558.7982177734375,1020.5184936523438,0.8991433382034302,707.6923217773438,1037.240966796875,0.1222497820854187
358,438.0809326171875,1004.7032470703125,0.04823571443557739,417.42620849609375,1016.6835327148438,0.21670860052108765,454.4154357910156,1004.448974609375,0.0029076337814331055,464.72528076171875,987.1480102539062,0.008776485919952393,478.36834716796875,985.5152587890625,0.03032204508781433,561.6708984375,466.0707702636719,0.013456642627716064,458.09478759765625,989.2108764648438,0.32007473707199097,456.0230407714844,1027.906005859375,0.04020357131958008,456.0763854980469,1008.1126098632812,0.7852588891983032,502.8865661621094,996.4588623046875,0.005197733640670776,502.3774108886719,998.6063232421875,0.9038805365562439,542.503173828125,1036.453857421875,0.025316715240478516,521.1442260742188,1031.82958984375,0.2929529547691345,562.7644653320312,1022.2093505859375,0.9046961069107056,866.5355834960938,901.338134765625,0.18017378449440002
359,438.0066833496094,1004.686767578125,0.05137747526168823,417.32904052734375,1016.6182861328125,0.21648362278938293,454.33770751953125,1004.4450073242188,0.003115832805633545,461.7177734375,999.5398559570312,0.009462505578994751,478.3077697753906,985.4097900390625,0.0310727059841156,561.669677734375,465.9970703125,0.01359829306602478,457.9441833496094,989.1887817382812,0.3392336070537567,455.9222412109375,1028.00146484375,0.04412993788719177,456.085693359375,1008.2716064453125,0.7805465459823608,502.9674072265625,996.34716796875,0.0052964091300964355,502.4166259765625,997.9661254882812,0.9063884019851685,542.58203125,1036.421630859375,0.023640990257263184,521.5054321289062,1031.8203125,0.2801456153392792,562.6732177734375,1022.1438598632812,0.9061206579208374,712.7636108398438,1040.914306640625,0.17784789204597473
360,443.00384521484375,1038.7698974609375,0.317210853099823,425.9573974609375,1026.46533203125,0.2978145182132721,456.43536376953125,1005.9647216796875,0.0028297603130340576,440.7117004394531,1003.0661010742188,0.006696611642837524,478.07049560546875,987.59326171875,0.046353548765182495,561.7691040039062,465.8240661621094,0.013334274291992188,463.3360290527344,991.5955200195312,0.3991085886955261,434.3847351074219,1007.3294677734375,0.020178496837615967,460.7494201660156,1009.4341430664062,0.7197368741035461,503.20855712890625,996.7421264648438,0.010668933391571045,504.1727600097656,998.9993286132812,0.8735482692718506,542.5661010742188,1036.2947998046875,0.02784213423728943,502.63677978515625,1024.8712158203125,0.300397127866745,563.1181030273438,1022.5843505859375,0.9390722513198853,711.6712646484375,1043.871826171875,0.7206125259399414
361,443.2093811035156,1038.8065185546875,0.29888445138931274,426.5388488769531,1025.8544921875,0.2737154960632324,456.3675842285156,1006.0847778320312,0.002971857786178589,441.20159912109375,1003.149658203125,0.005747050046920776,478.1351318359375,987.528076171875,0.04886463284492493,561.78125,465.64593505859375,0.012955516576766968,463.29986572265625,991.7053833007812,0.39242488145828247,459.9504089355469,1019.2799072265625,0.01849880814552307,460.767822265625,1009.841552734375,0.731881856918335,503.2196044921875,996.743408203125,0.011256635189056396,504.1210021972656,999.0143432617188,0.8740472793579102,542.4873046875,1036.24853515625,0.029160737991333008,522.431884765625,1032.505859375,0.31031399965286255,563.1080932617188,1022.59716796875,0.9380183815956116,711.6810302734375,1043.8846435546875,0.7232123613357544
362,440.21051025390625,1035.15625,0.3660282492637634,412.7373962402344,1023.7257690429688,0.5462176203727722,447.1268310546875,1008.60986328125,0.003984689712524414,459.7283630371094,1002.6832275390625,0.021095991134643555,442.562744140625,984.73291015625,0.05350697040557861,549.4103393554688,464.09228515625,0.012560129165649414,462.06298828125,995.2597045898438,0.8309717178344727,457.70166015625,1037.0927734375,0.0532476007938385,461.3568115234375,1017.148681640625,0.8509209752082825,506.6489562988281,997.4112548828125,0.021314918994903564,510.36395263671875,1000.5546875,0.9351762533187866,457.6285095214844,1040.5767822265625,0.016072213649749756,520.2610473632812,1034.540283203125,0.36416491866111755,563.236083984375,1022.7926025390625,0.9457967877388,711.6346435546875,1043.7420654296875,0.8179171681404114
363,440.3677062988281,1035.05126953125,0.3715020418167114,412.7393798828125,1023.673583984375,0.5228832960128784,447.3894348144531,1008.4978637695312,0.004153996706008911,460.0003967285156,1002.6826171875,0.020320475101470947,442.41436767578125,984.8414916992188,0.04125377535820007,549.3706665039062,464.07818603515625,0.01293918490409851,462.12408447265625,995.3318481445312,0.8106342554092407,457.76678466796875,1036.866455078125,0.06173759698867798,461.6414489746094,1017.0242919921875,0.8543246984481812,507.08038330078125,997.2659912109375,0.025164932012557983,510.71771240234375,1000.3109741210938,0.9369611144065857,457.74859619140625,1040.5814208984375,0.01650005578994751,520.276123046875,1034.344482421875,0.372037798166275,563.1688842773438,1022.9796752929688,0.9485989212989807,711.5917358398438,1043.7900390625,0.8051888942718506
364,442.5799560546875,1033.7236328125,0.46843159198760986,418.4654846191406,1014.8875122070312,0.5332837700843811,436.7113037109375,1037.6492919921875,0.0038131773471832275,459.3296813964844,1002.4855346679688,0.026926040649414062,442.04296875,984.4105224609375,0.028909802436828613,549.4454345703125,464.0970458984375,0.012760579586029053,461.66314697265625,995.4741821289062,0.7911338210105896,456.2244873046875,1033.476318359375,0.09037810564041138,461.16778564453125,1019.76611328125,0.8621630668640137,508.07867431640625,997.6996459960938,0.036913514137268066,511.56109619140625,1000.8377685546875,0.9344662427902222,553.46728515625,1035.9007568359375,0.01190975308418274,501.2508239746094,1027.3858642578125,0.26145797967910767,563.4862670898438,1022.1158447265625,0.9561479091644287,710.34423828125,1045.013916015625,0.7027407288551331
365,441.8324279785156,1034.5089111328125,0.4832245409488678,416.51837158203125,1017.432373046875,0.5952725410461426,436.5843811035156,1037.7364501953125,0.003909379243850708,459.32916259765625,1002.69580078125,0.024217933416366577,442.5267333984375,984.3386840820312,0.04010060429573059,549.37255859375,464.0660705566406,0.01278790831565857,461.5811462402344,995.6793823242188,0.812484085559845,456.1475524902344,1033.9166259765625,0.07232636213302612,461.1933288574219,1020.1040649414062,0.853669285774231,508.0883483886719,997.79052734375,0.03427523374557495,511.6764221191406,1000.9053344726562,0.9327672719955444,553.3497314453125,1035.9149169921875,0.013314902782440186,501.27734375,1027.6873779296875,0.2706504464149475,563.4485473632812,1021.9961547851562,0.9544556140899658,710.302001953125,1044.9327392578125,0.7107372283935547
366,444.77825927734375,1035.3538818359375,0.41671985387802124,420.2328796386719,1011.5596923828125,0.3094901144504547,454.97869873046875,1005.8854370117188,0.003215968608856201,459.26654052734375,1002.025390625,0.02148762345314026,426.3472595214844,989.8186645507812,0.015348076820373535,549.4778442382812,463.9280700683594,0.012818306684494019,461.0775451660156,994.8482666015625,0.7415616512298584,456.99285888671875,1033.1234130859375,0.1135106086730957,462.7508544921875,1018.5410766601562,0.8765727281570435,507.2861328125,997.8609008789062,0.051518768072128296,508.08453369140625,1000.9464721679688,0.9287787675857544,552.1466064453125,1034.688720703125,0.02505919337272644,507.4084777832031,1024.6158447265625,0.4146810472011566,562.9559326171875,1022.6228637695312,0.9520586729049683,709.0532836914062,1045.2164306640625,0.8424896001815796
367,444.74188232421875,1035.524658203125,0.41986942291259766,420.27630615234375,1011.6014404296875,0.2956758141517639,455.31866455078125,1005.8036499023438,0.003338068723678589,459.16357421875,1002.0034790039062,0.022836297750473022,426.4348449707031,989.8841552734375,0.017102062702178955,549.5949096679688,463.9804382324219,0.012693971395492554,461.1471862792969,994.970703125,0.7538888454437256,456.8456726074219,1032.9971923828125,0.0848342776298523,462.8326416015625,1018.5394897460938,0.8767004013061523,507.4479064941406,997.7805786132812,0.05580645799636841,508.1227111816406,1000.4498291015625,0.9388740062713623,552.2702026367188,1034.496826171875,0.025981545448303223,507.6269226074219,1024.8084716796875,0.4176567494869232,562.5663452148438,1022.535400390625,0.9495342969894409,709.0381469726562,1045.296875,0.8247888088226318
368,447.1637268066406,1036.3760986328125,0.07982894778251648,440.5871887207031,1004.7887573242188,0.15973153710365295,454.1766357421875,1003.6227416992188,0.004336446523666382,459.2657470703125,1000.5418701171875,0.019107282161712646,443.5772399902344,980.3329467773438,0.04340177774429321,549.3656616210938,463.95684814453125,0.013071238994598389,461.8834228515625,993.036865234375,0.5563124418258667,456.73199462890625,1031.44921875,0.06799226999282837,460.7811279296875,1014.0714721679688,0.8293616771697998,507.1821594238281,997.6913452148438,0.026939749717712402,507.8041687011719,1001.5465698242188,0.9321295022964478,552.1506958007812,1034.292236328125,0.028952956199645996,519.6033935546875,1034.2764892578125,0.5086422562599182,558.71923828125,1020.456298828125,0.9336758852005005,708.6817626953125,1045.41552734375,0.8291617631912231
369,447.16790771484375,1036.4249267578125,0.08181911706924438,440.647705078125,1004.8636474609375,0.1501874327659607,454.1025085449219,1003.5659790039062,0.0043548643589019775,459.1643981933594,1000.5198974609375,0.019897878170013428,443.7267150878906,980.3646850585938,0.03745633363723755,549.3982543945312,464.00347900390625,0.01305532455444336,461.7559509277344,993.0706176757812,0.5536741018295288,456.73992919921875,1031.4022216796875,0.06751695275306702,460.7724304199219,1014.07861328125,0.8317631483078003,507.04150390625,997.7169799804688,0.02753874659538269,507.5594482421875,1001.4963989257812,0.9331096410751343,552.3870849609375,1034.4263916015625,0.02670791745185852,519.5355834960938,1034.326171875,0.5129696130752563,558.6747436523438,1020.476318359375,0.9288035035133362,708.2738037109375,1044.998291015625,0.8612449169158936
370,452.7239074707031,1040.3831787109375,0.20004266500473022,442.3688049316406,1024.3817138671875,0.49642863869667053,455.68560791015625,1005.3370971679688,0.002859830856323242,478.01763916015625,1000.2433471679688,0.009224116802215576,460.20623779296875,982.7030639648438,0.05696287751197815,549.09912109375,464.0685119628906,0.0131186842918396,463.7774963378906,994.1781616210938,0.49220842123031616,454.71453857421875,1041.68701171875,0.026016831398010254,462.0475769042969,1008.89013671875,0.6453518867492676,507.4461975097656,998.4580078125,0.023107558488845825,509.3081359863281,1002.250244140625,0.9113114476203918,552.2550659179688,1034.57177734375,0.012091100215911865,520.6178588867188,1034.6748046875,0.38737767934799194,558.0545043945312,1020.6928100585938,0.9434893131256104,706.2314453125,1045.40625,0.8052784204483032
371,452.69586181640625,1040.3070068359375,0.19148266315460205,442.2987976074219,1024.4407958984375,0.498299241065979,455.7322692871094,1005.282470703125,0.002447664737701416,478.1378173828125,1000.303955078125,0.009176135063171387,460.03887939453125,982.5438842773438,0.05298471450805664,549.1027221679688,464.1492004394531,0.013333767652511597,463.6697998046875,994.0046997070312,0.46517810225486755,454.82818603515625,1041.645751953125,0.026526689529418945,462.1643371582031,1008.92138671875,0.6423526406288147,507.3448486328125,998.3662719726562,0.025379031896591187,509.02410888671875,1002.0226440429688,0.9089213609695435,552.0098876953125,1034.676025390625,0.013569116592407227,509.03240966796875,1020.2825317382812,0.4039275050163269,557.9417114257812,1020.3966674804688,0.9460058808326721,706.3179931640625,1045.3111572265625,0.812658429145813
372,444.144287109375,1022.874267578125,0.09546670317649841,434.7422180175781,997.2727661132812,0.13350388407707214,442.2874450683594,1021.1123046875,0.007922083139419556,462.7437744140625,1002.3467407226562,0.01171836256980896,425.11932373046875,989.8422241210938,0.03982636332511902,549.1622314453125,464.5821228027344,0.014383375644683838,464.0384521484375,989.4563598632812,0.3495081663131714,455.3360290527344,1039.55712890625,0.06760108470916748,459.98406982421875,1009.6876831054688,0.6378499269485474,510.8455505371094,1000.8590698242188,0.03248417377471924,506.8583984375,1002.1227416992188,0.8678873777389526,539.1783447265625,1035.7762451171875,0.014980226755142212,522.0308227539062,1034.5701904296875,0.425506055355072,557.2232666015625,1020.856201171875,0.8461505174636841,705.77490234375,1045.487060546875,0.7677197456359863
373,444.1395263671875,1022.1630249023438,0.10414990782737732,424.6811828613281,999.6262817382812,0.12198963761329651,455.7499084472656,1006.1502075195312,0.009974271059036255,463.0321044921875,1002.0857543945312,0.013407468795776367,425.4095153808594,990.3532104492188,0.05284765362739563,561.230712890625,465.9403991699219,0.013963639736175537,463.9194641113281,989.4612426757812,0.3190774917602539,461.798828125,1015.6314086914062,0.05878704786300659,459.7301025390625,1009.4141845703125,0.6044633388519287,510.19097900390625,1001.1520385742188,0.03931412100791931,506.1576232910156,1002.1815185546875,0.8705072402954102,545.2623901367188,1033.183349609375,0.016508758068084717,522.4529418945312,1034.4398193359375,0.48712649941444397,557.0065307617188,1020.231689453125,0.8657201528549194,705.7818603515625,1045.484130859375,0.7704917192459106
374,412.9909973144531,1004.7951049804688,0.07267680764198303,448.4599914550781,1032.0037841796875,0.09784391522407532,455.17877197265625,1006.1661987304688,0.005677998065948486,460.1227722167969,1002.0799560546875,0.010213762521743774,425.9491882324219,990.4188842773438,0.05556204915046692,549.2044677734375,464.93878173828125,0.014760047197341919,462.746337890625,988.9824829101562,0.2591592073440552,461.9534912109375,1010.1113891601562,0.06073620915412903,461.2157287597656,1009.7435913085938,0.661556601524353,508.7009582519531,1000.8306884765625,0.03717932105064392,504.84637451171875,1000.3287963867188,0.8834885358810425,507.4937438964844,1039.94189453125,0.01847180724143982,521.2178344726562,1034.0018310546875,0.45780622959136963,557.4336547851562,1021.0172119140625,0.9464461207389832,705.2042846679688,1045.8009033203125,0.7063213586807251
375,413.3946228027344,1004.6294555664062,0.07797688245773315,448.2447204589844,1031.82958984375,0.09399420022964478,455.06573486328125,1006.1741943359375,0.005827516317367554,460.2037658691406,1001.9983520507812,0.01016324758529663,426.0584716796875,990.302490234375,0.05592283606529236,561.12890625,466.05108642578125,0.014740586280822754,462.923095703125,989.0040893554688,0.26846843957901,461.8838806152344,1010.2074584960938,0.058615535497665405,461.1675720214844,1009.8465576171875,0.6572252511978149,508.6341552734375,1000.8862915039062,0.036703258752822876,504.82611083984375,1000.3697509765625,0.8867374658584595,507.50531005859375,1040.01416015625,0.01898130774497986,521.2145385742188,1034.0782470703125,0.46541428565979004,557.2424926757812,1020.6471557617188,0.9400479197502136,705.0072021484375,1045.7149658203125,0.7722858190536499
376,441.76495361328125,1020.2600708007812,0.052960723638534546,424.6969299316406,997.3255004882812,0.10875219106674194,455.62847900390625,1005.3410034179688,0.002534836530685425,462.9502258300781,994.8471069335938,0.00425991415977478,426.24969482421875,990.154541015625,0.0314176082611084,555.0817260742188,468.1328125,0.014344871044158936,462.3928527832031,988.71630859375,0.2906254529953003,459.8595886230469,1007.6246948242188,0.0407487154006958,459.7724914550781,1009.09326171875,0.5676963329315186,508.1601257324219,999.3643188476562,0.016280829906463623,502.8294677734375,999.1116943359375,0.8822946548461914,533.7919921875,1036.67333984375,0.0828852653503418,525.2814331054688,1032.9949951171875,0.6682214736938477,557.2423706054688,1019.7490844726562,0.9672774076461792,705.5083618164062,1046.572509765625,0.8458820581436157
377,441.78472900390625,1020.2327270507812,0.052618324756622314,424.6680603027344,997.4495849609375,0.11241871118545532,455.67889404296875,1005.3433837890625,0.002432405948638916,462.79833984375,994.9406127929688,0.004166632890701294,426.2100830078125,990.1732177734375,0.032183706760406494,561.2630615234375,466.2347106933594,0.014430314302444458,462.5127258300781,988.681884765625,0.2855825424194336,459.94403076171875,1007.6079711914062,0.04049524664878845,459.8039245605469,1009.0789184570312,0.5696907043457031,508.13800048828125,999.1709594726562,0.016033470630645752,502.9594421386719,998.9615478515625,0.8760493993759155,533.7799682617188,1036.582763671875,0.08339589834213257,525.1937255859375,1032.8895263671875,0.6588706374168396,557.2047119140625,1019.6784057617188,0.9678841829299927,705.8196411132812,1046.63525390625,0.844599723815918
378,443.4999694824219,1020.791259765625,0.05469563603401184,431.0800476074219,1016.7490844726562,0.14498260617256165,455.8594970703125,1003.35693359375,0.0037236809730529785,462.3885192871094,994.4963989257812,0.007356494665145874,427.36224365234375,992.0112915039062,0.041470736265182495,561.4234619140625,466.5106201171875,0.014553368091583252,454.3531188964844,993.38916015625,0.16282129287719727,453.7959899902344,1009.1087646484375,0.03510811924934387,465.77166748046875,1025.2357177734375,0.5007850527763367,505.2398376464844,1002.0490112304688,0.015811443328857422,500.3813781738281,1002.0878295898438,0.8153159618377686,532.1390380859375,1041.1077880859375,0.31982678174972534,516.9366455078125,1032.4552001953125,0.4935525357723236,556.5887451171875,1021.0863037109375,0.9755752682685852,705.1866455078125,1046.314208984375,0.8434809446334839
379,443.53167724609375,1020.9150390625,0.05497455596923828,431.0689697265625,1016.7801513671875,0.1432480812072754,456.0009460449219,1003.2394409179688,0.003963083028793335,462.440185546875,994.4375,0.007475823163986206,427.4457092285156,991.98779296875,0.0404629111289978,561.4182739257812,466.47027587890625,0.014604330062866211,454.5304260253906,990.6970825195312,0.16774949431419373,453.8445739746094,1009.0926513671875,0.03566765785217285,465.9979553222656,1025.1326904296875,0.4957123398780823,505.19219970703125,1001.9379272460938,0.017907142639160156,500.3131408691406,1002.0159912109375,0.8028643131256104,531.8678588867188,1041.2490234375,0.319225549697876,516.49462890625,1032.5955810546875,0.46359026432037354,556.5328369140625,1021.1729736328125,0.9760920405387878,704.9501953125,1046.3424072265625,0.8355376720428467
380,444.0115966796875,1020.816162109375,0.0524962842464447,436.7044372558594,1017.0881958007812,0.1943843960762024,458.1109924316406,1004.97119140625,0.00163307785987854,461.72845458984375,989.6974487304688,0.007405638694763184,457.39581298828125,986.4130249023438,0.024479806423187256,561.3280639648438,466.3606262207031,0.014681816101074219,453.9622497558594,990.0862426757812,0.07587248086929321,454.3128967285156,1007.2147827148438,0.025884538888931274,455.14105224609375,1000.2311401367188,0.3875832259654999,520.1275024414062,1002.3333740234375,0.004220426082611084,500.89923095703125,998.7342529296875,0.39835038781166077,538.6227416992188,1035.0330810546875,0.016077429056167603,508.2109375,1021.36328125,0.06453385949134827,555.62939453125,1022.0471801757812,0.957106351852417,704.406005859375,1045.93017578125,0.7646931409835815
381,444.0703430175781,1021.1393432617188,0.05774769186973572,436.55548095703125,1017.5664672851562,0.19276157021522522,446.8513488769531,1036.71923828125,0.0016616284847259521,461.62835693359375,989.772216796875,0.007145553827285767,457.1119079589844,986.5249633789062,0.030243277549743652,561.303466796875,466.3473205566406,0.014631718397140503,451.41741943359375,991.6411743164062,0.0887567400932312,447.1604919433594,1032.1953125,0.024707555770874023,455.11572265625,1000.2479248046875,0.3868255019187927,520.05224609375,1002.3552856445312,0.0040902793407440186,500.5859680175781,998.8796997070312,0.4125727713108063,538.5267333984375,1035.1497802734375,0.01837456226348877,507.8431091308594,1021.260986328125,0.07537850737571716,555.56298828125,1021.8757934570312,0.957366943359375,704.35791015625,1046.0491943359375,0.801353931427002
382,444.8479309082031,1019.9491577148438,0.038319408893585205,425.4140625,1018.23095703125,0.08936873078346252,456.829833984375,1011.4863891601562,0.0011181235313415527,460.6465759277344,989.3399047851562,0.004524320363998413,459.45025634765625,984.846435546875,0.011786282062530518,560.987060546875,466.3710632324219,0.014238089323043823,455.6054382324219,990.4850463867188,0.17719784379005432,450.8524169921875,1007.342529296875,0.034175992012023926,458.2093811035156,1008.1752319335938,0.6437654495239258,493.8268127441406,991.9307250976562,0.001843094825744629,499.7779235839844,995.9524536132812,0.24896401166915894,525.6251831054688,1041.162353515625,0.14319384098052979,523.0636596679688,1034.974609375,0.07606726884841919,558.17822265625,1023.8140869140625,0.9865468144416809,703.989990234375,1045.7666015625,0.7231721878051758
383,444.78350830078125,1019.768310546875,0.03495544195175171,425.58526611328125,1018.3372192382812,0.09245803952217102,456.6990966796875,1011.478271484375,0.001137077808380127,460.59027099609375,989.1311645507812,0.004467785358428955,459.6727294921875,984.7622680664062,0.010666102170944214,561.0269775390625,466.1827392578125,0.014273643493652344,455.5373229980469,990.0712280273438,0.19106245040893555,450.794189453125,1007.2609252929688,0.03126844763755798,458.25006103515625,1008.0096435546875,0.6670480370521545,493.8684387207031,992.1536254882812,0.0027009546756744385,500.1182556152344,996.1102294921875,0.3329068422317505,525.20751953125,1041.5906982421875,0.19262731075286865,522.3807983398438,1035.31298828125,0.07022926211357117,558.2432250976562,1024.060302734375,0.9871225357055664,704.0477294921875,1045.7637939453125,0.7372447848320007
384,441.54364013671875,1009.9485473632812,0.015964120626449585,431.7368469238281,1016.9122314453125,0.04563283920288086,450.4483337402344,1003.4948120117188,0.0014238357543945312,462.03509521484375,988.107421875,0.002501457929611206,480.66229248046875,985.8493041992188,0.006471872329711914,549.0963134765625,464.99896240234375,0.01439589262008667,463.7979431152344,989.2431030273438,0.04866290092468262,450.9917297363281,1006.3646850585938,0.054183006286621094,454.8431396484375,1001.330810546875,0.529848575592041,501.9010009765625,996.4221801757812,0.012536585330963135,499.0275573730469,998.0175170898438,0.81815505027771,523.9669799804688,1043.1053466796875,0.2220865786075592,493.7900695800781,1018.8721923828125,0.07758080959320068,558.082275390625,1027.8272705078125,0.9744817614555359,702.6215209960938,1044.5595703125,0.7517417669296265
385,441.83245849609375,1009.8380126953125,0.02248033881187439,432.1079406738281,1016.6842651367188,0.05464965105056763,450.1366271972656,1003.4205322265625,0.0014830827713012695,462.1923522949219,988.4345092773438,0.0030182301998138428,481.0126953125,985.9404296875,0.006379365921020508,549.1030883789062,464.98211669921875,0.01439550518989563,463.8235168457031,989.195068359375,0.059753626585006714,452.92242431640625,1012.7767944335938,0.062148839235305786,457.7806396484375,1007.1553955078125,0.5401314496994019,501.9974670410156,996.34814453125,0.015080809593200684,499.1325988769531,998.0740966796875,0.8461161255836487,523.8263549804688,1043.120361328125,0.2904297709465027,494.05328369140625,1019.3378295898438,0.09167426824569702,558.04150390625,1027.8182373046875,0.9737625122070312,702.6232299804688,1044.55908203125,0.7520300149917603
386,443.4693908691406,1010.657958984375,0.00586584210395813,439.0749206542969,1010.5670166015625,0.009677708148956299,450.0833740234375,1002.6043701171875,0.0004449784755706787,462.2696228027344,993.215576171875,0.000416487455368042,480.7803955078125,986.4560546875,0.00531497597694397,554.3152465820312,468.1253967285156,0.014628171920776367,464.05255126953125,989.8585815429688,0.016528546810150146,450.6600646972656,1021.5079345703125,0.01898285746574402,460.108154296875,1011.3887939453125,0.3405471444129944,505.2511901855469,1004.761474609375,0.010249614715576172,497.3163757324219,998.6610717773438,0.8937812447547913,512.5445556640625,1042.529052734375,0.5829451680183411,495.4733581542969,1027.0487060546875,0.23186549544334412,555.242431640625,1029.130615234375,0.9442852735519409,703.0481567382812,1043.51611328125,0.6800869703292847
387,443.4391784667969,1010.6417236328125,0.00568351149559021,439.2444763183594,1010.5787353515625,0.009198546409606934,450.044189453125,1002.5769653320312,0.0004565715789794922,462.2546081542969,993.1986083984375,0.0004158616065979004,480.79290771484375,986.5538330078125,0.005542069673538208,549.017578125,465.1412353515625,0.014683306217193604,464.15667724609375,989.8619384765625,0.01658007502555847,450.7525634765625,1021.4376220703125,0.019241511821746826,460.0937194824219,1011.27001953125,0.33824533224105835,505.2584533691406,1004.9556884765625,0.010947167873382568,497.2718505859375,998.6362915039062,0.8872255682945251,512.48095703125,1042.48876953125,0.5573045611381531,495.4480285644531,1026.9713134765625,0.22584813833236694,554.957275390625,1028.8443603515625,0.9510853886604309,703.264892578125,1043.3646240234375,0.6446988582611084
388,436.5859680175781,1026.804443359375,0.009999603033065796,412.6637268066406,1017.4857788085938,0.1576070487499237,450.10302734375,1010.1188354492188,0.0005406439304351807,462.5550537109375,989.4161987304688,0.0026322007179260254,461.82574462890625,984.5966186523438,0.015975356101989746,554.30615234375,468.8450622558594,0.014843940734863281,455.470947265625,988.2415161132812,0.08175984025001526,449.0374755859375,1019.213134765625,0.019977867603302002,454.53057861328125,1009.785888671875,0.6780478954315186,499.4097900390625,995.638427734375,0.009937137365341187,496.25079345703125,997.719482421875,0.8640385866165161,509.43585205078125,1046.41943359375,0.6321169137954712,495.850341796875,1028.3975830078125,0.37171274423599243,552.41650390625,1028.4105224609375,0.9519084692001343,703.2962036132812,1043.4671630859375,0.3574044406414032
389,436.5237121582031,1026.5389404296875,0.009675562381744385,412.8406677246094,1017.2876586914062,0.1515113115310669,449.9092712402344,1010.0825805664062,0.0005125999450683594,462.68267822265625,989.0927734375,0.002885580062866211,462.0563659667969,984.2047729492188,0.016564607620239258,731.395263671875,1636.8963623046875,0.016127705574035645,455.44049072265625,987.9525146484375,0.09311571717262268,448.8061828613281,1019.2298583984375,0.021023660898208618,454.3517761230469,1009.8422241210938,0.6938728094100952,499.43701171875,995.602783203125,0.009535402059555054,496.2509460449219,997.6328125,0.860806941986084,509.3752136230469,1046.3590087890625,0.6266335248947144,495.8965759277344,1028.435302734375,0.37444183230400085,552.4013061523438,1028.441650390625,0.9526300430297852,703.1550903320312,1043.4246826171875,0.39749255776405334
390,423.2750244140625,1005.089599609375,0.015329301357269287,410.1286315917969,1024.4102783203125,0.23798611760139465,456.6531677246094,1003.6530151367188,0.001832723617553711,464.81549072265625,1000.6972045898438,0.0017594099044799805,413.64898681640625,1002.116943359375,0.009434491395950317,733.0914306640625,1637.745849609375,0.016572415828704834,463.0910949707031,990.323486328125,0.028559863567352295,720.4061279296875,1626.2945556640625,0.012644320726394653,453.1620788574219,1011.0790405273438,0.4660942852497101,499.7531433105469,996.4378051757812,0.01196831464767456,496.5523681640625,998.9738159179688,0.848265528678894,509.2184753417969,1043.7115478515625,0.23971980810165405,491.34283447265625,1030.12255859375,0.49861904978752136,551.3023071289062,1028.4854736328125,0.951606810092926,704.6093139648438,1042.7523193359375,0.2128257155418396
391,423.6253662109375,1005.0736083984375,0.01811245083808899,411.37359619140625,1031.3277587890625,0.23671606183052063,456.2220764160156,1003.6448364257812,0.00205877423286438,465.2212829589844,1000.591064453125,0.001899033784866333,413.07354736328125,1002.78125,0.008763223886489868,548.9075317382812,465.6998596191406,0.015538185834884644,463.0764465332031,990.60205078125,0.029787659645080566,719.5453491210938,1626.07763671875,0.01248997449874878,452.6417541503906,1011.0147094726562,0.5096004605293274,500.02862548828125,996.7146606445312,0.01413649320602417,496.8487854003906,999.2206420898438,0.8636432886123657,508.9845275878906,1043.5091552734375,0.23026546835899353,491.5368347167969,1030.2705078125,0.5196290612220764,551.3780517578125,1028.4195556640625,0.9487534761428833,704.4806518554688,1042.6146240234375,0.19688937067985535
392,454.8944396972656,1026.5323486328125,0.3154839873313904,427.07537841796875,1009.0352783203125,0.28526878356933594,448.5468444824219,1005.4230346679688,0.009754151105880737,464.3009338378906,1003.2066040039062,0.02047613263130188,428.3629150390625,996.720458984375,0.08315393328666687,548.8662719726562,465.95965576171875,0.015485227108001709,450.9524841308594,991.7979736328125,0.20716145634651184,719.2689819335938,1625.7464599609375,0.011655151844024658,453.5909423828125,1014.5424194335938,0.3623068034648895,495.39178466796875,998.8753051757812,0.007803171873092651,496.8271484375,1004.634765625,0.7356869578361511,521.6292114257812,1044.332763671875,0.34560340642929077,508.8398132324219,1031.6146240234375,0.742044985294342,554.1251831054688,1027.5322265625,0.910048246383667,704.4736328125,1043.0252685546875,0.17163392901420593
393,455.0623779296875,1026.6358642578125,0.3182763457298279,426.5968322753906,1009.1307373046875,0.2606017291545868,448.8759765625,1005.4430541992188,0.009290575981140137,464.3004150390625,1003.5564575195312,0.01990962028503418,433.3059387207031,997.1307983398438,0.0787196159362793,548.78759765625,466.11419677734375,0.015450775623321533,450.9817199707031,991.6404418945312,0.19882187247276306,719.4989013671875,1625.7689208984375,0.011454969644546509,453.7957458496094,1014.75244140625,0.34030866622924805,499.0659484863281,999.85986328125,0.008926570415496826,496.453857421875,1004.4402465820312,0.7329543828964233,521.4287109375,1044.2230224609375,0.33045196533203125,508.7128601074219,1031.21484375,0.7412049770355225,554.177734375,1027.403076171875,0.9023280143737793,704.534423828125,1043.2259521484375,0.1965613067150116
394,445.10986328125,1027.27685546875,0.1311296820640564,411.87457275390625,1025.1136474609375,0.17000341415405273,453.4649658203125,1003.8662109375,0.0061792731285095215,461.35687255859375,1004.3974609375,0.018581807613372803,424.1575927734375,998.1089477539062,0.1924087107181549,553.166259765625,468.87200927734375,0.0172613263130188,449.075927734375,993.6347045898438,0.24176165461540222,719.7158203125,1625.65185546875,0.010464310646057129,467.17340087890625,1041.33740234375,0.3633247911930084,503.9128723144531,1006.7683715820312,0.007866442203521729,494.53704833984375,1005.9535522460938,0.7854081392288208,520.0752563476562,1046.973876953125,0.5465559363365173,506.39984130859375,1033.14501953125,0.6296100616455078,549.97265625,1026.48486328125,0.8790708780288696,703.883544921875,1043.6575927734375,0.3096798062324524
395,445.09246826171875,1027.259033203125,0.1280340552330017,411.8199768066406,1025.0992431640625,0.1710917353630066,453.5069274902344,1003.8273315429688,0.00612872838973999,461.2297668457031,1004.4701538085938,0.01826554536819458,424.0237121582031,998.1233520507812,0.1781061887741089,731.3165893554688,1637.552978515625,0.017308861017227173,448.9370422363281,993.5357666015625,0.2352723777294159,480.6220703125,436.5799255371094,0.00988239049911499,467.17572021484375,1041.1934814453125,0.3640819787979126,503.79534912109375,1006.6839599609375,0.008577108383178711,494.43804931640625,1006.098388671875,0.7935171723365784,519.757080078125,1047.12353515625,0.5115156173706055,506.38983154296875,1033.151611328125,0.6495115160942078,553.6038208007812,1027.851806640625,0.875219464302063,703.5911254882812,1043.730224609375,0.3204634189605713
396,450.8181457519531,1013.557373046875,0.037045180797576904,426.00189208984375,1006.5457763671875,0.13119885325431824,446.896728515625,1001.5022583007812,0.006449401378631592,460.7556457519531,1002.8048095703125,0.012019902467727661,422.2061462402344,997.9805297851562,0.06909075379371643,553.1240844726562,468.76513671875,0.017277181148529053,453.4091796875,989.6820678710938,0.06150546669960022,454.81927490234375,1012.0639038085938,0.031185537576675415,451.4781799316406,1020.8826904296875,0.4452987015247345,492.9977111816406,999.3966674804688,0.021347522735595703,494.0987243652344,1002.156005859375,0.79526686668396,520.5177612304688,1043.5596923828125,0.30007320642471313,505.4007873535156,1031.3116455078125,0.4511604309082031,549.3799438476562,1026.6854248046875,0.9214072823524475,703.2578735351562,1044.02490234375,0.3223961889743805
397,451.05804443359375,1013.1007080078125,0.038481563329696655,425.50579833984375,1006.5272827148438,0.1273723542690277,447.07061767578125,1001.312255859375,0.006275951862335205,460.7269287109375,1002.708984375,0.011597812175750732,422.3335266113281,998.0206298828125,0.0724850594997406,553.2986450195312,468.6817321777344,0.016934871673583984,453.3043212890625,989.23876953125,0.05633276700973511,454.8642272949219,1011.959228515625,0.03201514482498169,451.6408386230469,1020.7435913085938,0.41396862268447876,492.895263671875,999.37060546875,0.022384583950042725,493.9427490234375,1002.0941772460938,0.7956211566925049,520.3348388671875,1043.5079345703125,0.22451946139335632,505.0215759277344,1030.750732421875,0.4298195540904999,549.1083984375,1027.56298828125,0.9187008142471313,703.2613525390625,1044.0164794921875,0.32520490884780884
398,436.10723876953125,1012.76220703125,0.15895825624465942,416.73870849609375,1009.5200805664062,0.1858680546283722,446.33258056640625,1003.3421020507812,0.008911192417144775,462.1985168457031,1001.8951416015625,0.009260684251785278,420.7212829589844,996.4553833007812,0.0702749490737915,553.324951171875,469.4494934082031,0.017725765705108643,455.2571105957031,992.2449951171875,0.08089697360992432,449.0311584472656,1009.3250122070312,0.024412602186203003,460.4254150390625,1015.0855102539062,0.346271276473999,506.1719055175781,1014.6212768554688,0.011587023735046387,486.8480224609375,1003.7031860351562,0.779684841632843,518.3609619140625,1044.8309326171875,0.48789554834365845,501.9485168457031,1037.1307373046875,0.4117175340652466,546.7799682617188,1025.9398193359375,0.9489465951919556,700.8165283203125,1045.7103271484375,0.40478062629699707
399,436.1117858886719,1012.7662963867188,0.15931951999664307,416.73675537109375,1009.5271606445312,0.1863294541835785,446.33038330078125,1003.3576049804688,0.008926212787628174,462.2148132324219,1001.9138793945312,0.009269952774047852,420.733154296875,996.4505004882812,0.07125908136367798,553.2936401367188,469.4144287109375,0.017756491899490356,455.2398376464844,992.2700805664062,0.08030921220779419,449.017333984375,1009.3319702148438,0.024321794509887695,460.4261169433594,1015.0823974609375,0.3449346125125885,506.1705627441406,1014.6197509765625,0.011708259582519531,486.85211181640625,1003.712158203125,0.7798123359680176,518.3588256835938,1044.8345947265625,0.4881957769393921,501.94818115234375,1037.149169921875,0.4120199978351593,546.7816162109375,1025.9415283203125,0.9490025639533997,700.8427734375,1045.6904296875,0.4179353415966034
400,443.02862548828125,1019.672607421875,0.11976560950279236,410.7633056640625,1030.713134765625,0.04260373115539551,444.48223876953125,1005.64013671875,0.004387766122817993,446.8603210449219,1005.5228271484375,0.00956195592880249,463.88800048828125,990.1925659179688,0.012406975030899048,553.9839477539062,469.0831298828125,0.017565757036209106,448.1173400878906,991.6730346679688,0.021216154098510742,445.6686706542969,1009.0935668945312,0.029444009065628052,440.1040344238281,1012.9747924804688,0.35811254382133484,491.0396728515625,995.4283447265625,0.02337232232093811,489.47003173828125,998.434814453125,0.7827893495559692,481.6772155761719,1044.28857421875,0.07861658930778503,474.257080078125,1029.2003173828125,0.3320620059967041,546.6389770507812,1030.531494140625,0.829614520072937,697.30908203125,1044.9627685546875,0.5766757726669312
401,442.9701843261719,1019.80078125,0.12306848168373108,410.4516296386719,1030.8021240234375,0.051462918519973755,444.6768493652344,1005.9127807617188,0.004462927579879761,446.881103515625,1005.6591186523438,0.008601993322372437,463.9205017089844,990.1687622070312,0.01299595832824707,553.9300537109375,468.9791564941406,0.01721152663230896,448.2173156738281,991.6709594726562,0.022448748350143433,446.58062744140625,1009.0261840820312,0.028943508863449097,440.2563171386719,1012.950927734375,0.3681461215019226,491.3058166503906,995.4383544921875,0.024933427572250366,489.7113952636719,998.4059448242188,0.7642784118652344,481.7520446777344,1044.395751953125,0.09134450554847717,474.2909240722656,1029.1444091796875,0.3265736401081085,546.7289428710938,1030.353759765625,0.8464318513870239,697.291748046875,1044.9217529296875,0.5745936036109924
402,442.93853759765625,1011.8400268554688,0.04770353436470032,424.4756164550781,1004.23876953125,0.041230231523513794,440.9460754394531,1002.7066650390625,0.0014308691024780273,464.9370422363281,1003.3094482421875,0.0026555657386779785,480.0884094238281,988.3621215820312,0.009313017129898071,731.2429809570312,1637.7919921875,0.016431868076324463,449.0144958496094,989.4043579101562,0.0158136785030365,439.3457946777344,1025.9818115234375,0.018184542655944824,440.09039306640625,1012.4542846679688,0.6818517446517944,490.02960205078125,995.3351440429688,0.024747461080551147,488.90399169921875,997.8489990234375,0.6942561268806458,497.74383544921875,1042.0955810546875,0.10757642984390259,474.8807067871094,1025.5606689453125,0.3909726142883301,544.3726196289062,1030.163818359375,0.6698383092880249,692.8549194335938,1045.5201416015625,0.4609687030315399
403,442.8512878417969,1011.8057250976562,0.04480421543121338,424.53240966796875,1004.42578125,0.035146862268447876,440.97576904296875,1002.8801879882812,0.001522153615951538,464.899658203125,1003.2542114257812,0.0026857852935791016,480.0009765625,988.3184204101562,0.00993722677230835,731.3049926757812,1637.9423828125,0.015790164470672607,449.0692443847656,989.513916015625,0.016033560037612915,439.08917236328125,1025.83984375,0.016957849264144897,440.0915832519531,1012.30322265625,0.6775217056274414,489.83587646484375,995.3784790039062,0.02519848942756653,488.716552734375,998.0194702148438,0.7124004364013672,498.1329650878906,1042.641357421875,0.11999544501304626,474.9190673828125,1025.585205078125,0.3782212436199188,542.2821044921875,1030.1448974609375,0.6599905490875244,692.7528076171875,1045.7880859375,0.5104975700378418
404,445.1363525390625,1016.672607421875,0.06419435143470764,423.7975769042969,1001.4578247070312,0.009501755237579346,443.60540771484375,1001.8914184570312,0.001669764518737793,447.5382385253906,1006.0924072265625,0.00173109769821167,439.38909912109375,999.1270141601562,0.009092748165130615,731.2230224609375,1637.9278564453125,0.015919387340545654,455.63623046875,990.73974609375,0.02627021074295044,480.7410888671875,436.6285400390625,0.010692238807678223,439.8760986328125,1013.2318115234375,0.372433066368103,487.9990539550781,998.4404296875,0.016778767108917236,486.6142578125,1000.2850952148438,0.7865556478500366,495.984619140625,1045.455322265625,0.30935925245285034,480.466064453125,1029.0218505859375,0.7513324022293091,543.084716796875,1031.8092041015625,0.8400812149047852,691.7144165039062,1044.83349609375,0.49448931217193604
405,445.1358337402344,1016.716064453125,0.06493356823921204,423.7101745605469,1001.4534912109375,0.009892880916595459,443.6060791015625,1001.8658447265625,0.0017025768756866455,447.53619384765625,1006.0772094726562,0.0017529726028442383,439.3876647949219,999.1182250976562,0.009136676788330078,731.5462036132812,1637.7989501953125,0.01727864146232605,455.6154479980469,990.7267456054688,0.0267164409160614,480.6859130859375,436.5372314453125,0.010524123907089233,439.8307189941406,1013.2216186523438,0.37522000074386597,487.9829406738281,998.4522094726562,0.0168512761592865,486.5941162109375,1000.2909545898438,0.7872819900512695,495.96942138671875,1045.4508056640625,0.3093203008174896,480.47576904296875,1029.018798828125,0.7500741481781006,543.121337890625,1031.838134765625,0.8406273126602173,692.1357421875,1044.5794677734375,0.42850399017333984
406,444.7221374511719,1004.2393188476562,0.011280149221420288,442.246337890625,1031.015625,0.003988862037658691,442.4536437988281,1001.8248291015625,0.001186758279800415,429.9201354980469,1008.4639892578125,0.0009511709213256836,434.112548828125,998.4572143554688,0.013985157012939453,725.8170166015625,1636.6285400390625,0.01425883173942566,449.3992614746094,990.2785034179688,0.032411426305770874,480.7901306152344,436.30877685546875,0.010453402996063232,445.58868408203125,1011.87744140625,0.46983665227890015,489.2609558105469,1007.0142822265625,0.008193343877792358,482.63531494140625,1003.6558227539062,0.7869638204574585,499.0716247558594,1046.5806884765625,0.712589681148529,485.1595153808594,1036.2188720703125,0.603755533695221,540.85400390625,1032.40576171875,0.940481960773468,690.2492065429688,1045.016357421875,0.40917497873306274
407,444.61865234375,1004.182373046875,0.011549025774002075,424.5739440917969,1018.0162963867188,0.0037565231323242188,442.3765563964844,1001.745361328125,0.0012437403202056885,430.1627197265625,1013.5410766601562,0.0009274482727050781,434.2264404296875,998.53076171875,0.014208078384399414,725.9103393554688,1636.6170654296875,0.014333605766296387,449.24261474609375,990.137939453125,0.02971285581588745,480.8194274902344,436.3231201171875,0.010460436344146729,445.2510070800781,1011.7868041992188,0.4755709171295166,489.1982421875,1007.2281494140625,0.008634001016616821,482.50189208984375,1003.7017822265625,0.783824622631073,495.482666015625,1047.077880859375,0.6958752870559692,485.13140869140625,1036.1759033203125,0.6058204174041748,540.8322143554688,1032.373291015625,0.9420103430747986,690.3688354492188,1045.0858154296875,0.4216017425060272
408,444.5326843261719,1003.2739868164062,0.018585920333862305,440.7806701660156,1031.4461669921875,0.0048964619636535645,441.70611572265625,1002.6018676757812,0.0015888810157775879,449.1914978027344,1005.7830200195312,0.0017836987972259521,439.4302978515625,999.3046264648438,0.024929285049438477,726.050048828125,1636.9288330078125,0.014528900384902954,449.2130126953125,990.491455078125,0.02665075659751892,480.9268798828125,436.3927001953125,0.010138332843780518,438.5115661621094,1012.5811767578125,0.3723105788230896,482.6772155761719,997.829345703125,0.009687095880508423,480.5138244628906,1000.4328002929688,0.6714334487915039,492.3299560546875,1049.86669921875,0.5169452428817749,482.9832458496094,1035.2669677734375,0.4961080253124237,539.2506103515625,1032.5623779296875,0.9430922269821167,689.6231689453125,1046.4700927734375,0.4971318542957306
409,444.614501953125,1003.2822265625,0.017062634229660034,440.68499755859375,1031.49365234375,0.0047757625579833984,441.7937316894531,1002.6686401367188,0.0015353262424468994,430.6929626464844,1013.2742919921875,0.0016725659370422363,439.4869689941406,999.608642578125,0.022560715675354004,725.804931640625,1636.813232421875,0.014313489198684692,449.1597900390625,990.6155395507812,0.02477678656578064,719.0372924804688,1625.85986328125,0.010220855474472046,438.3312072753906,1012.6445922851562,0.3510946035385132,482.6065673828125,997.8590087890625,0.009394675493240356,480.39208984375,1000.4495849609375,0.6716533899307251,492.3572998046875,1049.896240234375,0.5161250829696655,473.23828125,1023.0144653320312,0.4998404383659363,539.2481689453125,1032.556396484375,0.9429463148117065,689.6154174804688,1046.4744873046875,0.498637318611145
410,444.302001953125,1017.67626953125,0.011299848556518555,541.2289428710938,446.61956787109375,0.0035490691661834717,411.5018615722656,1007.1788940429688,0.000632941722869873,429.9490051269531,1014.8553466796875,0.0012739300727844238,437.8910827636719,1000.3446044921875,0.026464134454727173,726.1535034179688,1636.9503173828125,0.014934062957763672,448.6790466308594,990.36376953125,0.015030145645141602,487.0954895019531,436.7352600097656,0.010460138320922852,429.8406982421875,1014.1243896484375,0.22259825468063354,481.275146484375,997.0407104492188,0.004029422998428345,478.390625,999.67578125,0.606542706489563,498.3096618652344,1046.2308349609375,0.6032353639602661,478.5643310546875,1028.2056884765625,0.6238048076629639,539.5281372070312,1033.0067138671875,0.9607377052307129,688.6513061523438,1046.7410888671875,0.3545859456062317
411,444.4650573730469,1017.7312622070312,0.010053008794784546,541.2402954101562,446.6332702636719,0.003534287214279175,412.17022705078125,1006.9454956054688,0.0006442666053771973,447.75347900390625,1016.9725952148438,0.0011686980724334717,437.4145202636719,1000.3309936523438,0.02580741047859192,726.5335083007812,1637.105224609375,0.014890432357788086,448.7790832519531,990.2365112304688,0.012780308723449707,487.0502014160156,436.7294006347656,0.010414421558380127,435.60321044921875,1015.7044677734375,0.2187168300151825,481.5090637207031,996.9381103515625,0.004489868879318237,478.84661865234375,999.66064453125,0.6581764817237854,498.5135192871094,1046.2911376953125,0.6247889995574951,478.734375,1028.225341796875,0.6326842308044434,539.4129638671875,1032.676025390625,0.9640830755233765,688.5831298828125,1046.82421875,0.3704691231250763
412,411.9886779785156,1013.9829711914062,0.027121007442474365,541.1774291992188,446.3927917480469,0.003545999526977539,425.7207946777344,1004.1510620117188,0.0010337233543395996,430.9161071777344,1015.3731689453125,0.0019218623638153076,441.060791015625,1000.462890625,0.01815134286880493,726.7166137695312,1636.9443359375,0.015340954065322876,441.8790283203125,990.560546875,0.014193505048751831,480.7505187988281,436.76995849609375,0.011137276887893677,435.2510986328125,1017.2854614257812,0.27977943420410156,480.9580993652344,997.0242919921875,0.005903512239456177,478.0289001464844,1000.6093139648438,0.7261727452278137,497.4122619628906,1046.845947265625,0.7572224736213684,474.57470703125,1026.59130859375,0.7937082052230835,537.7726440429688,1032.8768310546875,0.9590259790420532,688.197998046875,1046.999267578125,0.4849211871623993
413,412.0859680175781,1014.009765625,0.029130280017852783,407.7959899902344,1013.608642578125,0.003710716962814331,425.7231140136719,1004.2022705078125,0.001023024320602417,430.90411376953125,1015.4033203125,0.0019873082637786865,440.92474365234375,1000.4524536132812,0.01828482747077942,547.6470336914062,465.3037109375,0.014767110347747803,441.888427734375,990.5407104492188,0.014198869466781616,480.7401428222656,436.7757263183594,0.011156529188156128,435.2354431152344,1017.2191162109375,0.28039371967315674,480.8992614746094,997.0227661132812,0.005786418914794922,477.99322509765625,1000.6295776367188,0.7231110334396362,497.41363525390625,1046.8316650390625,0.755153238773346,474.5345764160156,1026.565185546875,0.7940006256103516,537.7345581054688,1032.906005859375,0.9590571522712708,688.259033203125,1046.8309326171875,0.4555894732475281
414,430.5425109863281,1017.7739868164062,0.043470174074172974,423.9483642578125,1018.757568359375,0.006055384874343872,425.5461730957031,1019.9124755859375,0.0033623576164245605,433.3229675292969,1016.57763671875,0.003967732191085815,441.1550598144531,1001.2304077148438,0.014618456363677979,726.9140014648438,1637.071044921875,0.01595097780227661,448.0542297363281,992.0185546875,0.0159568190574646,481.04998779296875,436.756103515625,0.011040329933166504,434.9618835449219,1017.5938110351562,0.4138743579387665,480.886474609375,1001.6673583984375,0.00813215970993042,478.39239501953125,1002.3826904296875,0.6274498105049133,496.93994140625,1048.11279296875,0.7313525080680847,485.9867248535156,1038.6094970703125,0.7100934982299805,536.7056274414062,1032.5245361328125,0.9630047082901001,682.9885864257812,1047.67724609375,0.3877829909324646
415,430.5362243652344,1017.7658081054688,0.04360005259513855,423.95428466796875,1018.7550048828125,0.006059437990188599,425.54376220703125,1019.9192504882812,0.003370434045791626,433.3121032714844,1016.5755615234375,0.003980785608291626,441.15087890625,1001.23291015625,0.014740943908691406,726.9309692382812,1637.0750732421875,0.016052067279815674,448.05902099609375,992.0249633789062,0.01596391201019287,481.038330078125,436.7439880371094,0.011033177375793457,434.9633483886719,1017.5952758789062,0.41356945037841797,480.8889465332031,1001.6673583984375,0.008150815963745117,478.38958740234375,1002.3864135742188,0.6280732154846191,496.94232177734375,1048.11279296875,0.7325330972671509,485.98907470703125,1038.6092529296875,0.7104017734527588,536.7225952148438,1032.53125,0.9630464315414429,683.0674438476562,1047.67529296875,0.39812904596328735
416,430.0414733886719,1019.2423095703125,0.03467109799385071,424.0333251953125,1019.8148193359375,0.0075695812702178955,424.7561340332031,1020.1060791015625,0.0027573108673095703,432.3360595703125,1016.4817504882812,0.0027093887329101562,461.30645751953125,991.0926513671875,0.02313259243965149,558.9886474609375,466.2945861816406,0.015762269496917725,447.1871032714844,992.5975341796875,0.01692327857017517,480.9196472167969,436.7783203125,0.010996758937835693,438.3334045410156,1016.5323486328125,0.4116542935371399,478.19024658203125,998.2622680664062,0.007039189338684082,479.1851501464844,1003.6138916015625,0.6961456537246704,496.2117004394531,1051.0150146484375,0.7051211595535278,486.67181396484375,1039.294677734375,0.7496713995933533,534.8059692382812,1033.1875,0.9638662934303284,682.6419677734375,1048.817138671875,0.44422653317451477
417,429.4366149902344,1019.3325805664062,0.035414159297943115,424.0469055175781,1019.6426391601562,0.006290912628173828,424.5359802246094,1020.3455200195312,0.0028870701789855957,432.0389404296875,1016.6002197265625,0.0024334490299224854,461.52056884765625,991.1981201171875,0.018820881843566895,558.990966796875,466.278564453125,0.015872269868850708,447.39544677734375,992.6121826171875,0.01587352156639099,480.9555969238281,436.753173828125,0.010915130376815796,438.6465148925781,1016.387939453125,0.39781588315963745,478.37286376953125,998.3795776367188,0.007155776023864746,479.285888671875,1003.7763061523438,0.6921546459197998,496.18359375,1051.0916748046875,0.7103582620620728,486.67364501953125,1039.4683837890625,0.7437548637390137,534.817138671875,1033.198486328125,0.9644979238510132,682.655029296875,1048.8560791015625,0.45327940583229065
418,421.2322998046875,1019.4078979492188,0.05210673809051514,418.2615661621094,1018.1914672851562,0.019976496696472168,443.7181396484375,1005.6846923828125,0.001835852861404419,446.956787109375,1021.0977172851562,0.002707958221435547,441.3890075683594,1002.7620239257812,0.016190052032470703,559.1830444335938,467.00628662109375,0.016328811645507812,440.66705322265625,999.6842041015625,0.019580155611038208,480.9024353027344,436.6400451660156,0.010681986808776855,444.8787841796875,1017.8630981445312,0.4767123758792877,480.5732727050781,1002.786865234375,0.01008528470993042,479.6282958984375,1004.1294555664062,0.7672459483146667,494.52703857421875,1053.328125,0.6020569801330566,485.2008361816406,1039.292236328125,0.6741898059844971,534.377197265625,1033.3157958984375,0.9658346176147461,682.2451171875,1051.78271484375,0.10911944508552551
419,421.2323303222656,1019.3916015625,0.052417367696762085,418.2579040527344,1018.2026977539062,0.01992979645729065,443.70654296875,1005.6767578125,0.0018516480922698975,446.9442138671875,1021.0966796875,0.0027045011520385742,441.40350341796875,1002.7490234375,0.016150474548339844,559.3004150390625,466.726806640625,0.016339659690856934,440.6532287597656,999.6702270507812,0.019644051790237427,719.2555541992188,1626.216552734375,0.010782212018966675,444.87799072265625,1017.86083984375,0.4772985279560089,480.5588073730469,1002.7814331054688,0.010214835405349731,479.6124572753906,1004.1361694335938,0.7681840658187866,494.5400085449219,1053.3480224609375,0.601240873336792,485.2014465332031,1039.300537109375,0.6744081377983093,534.37109375,1033.322998046875,0.9658557176589966,682.1975708007812,1051.8031005859375,0.12152829766273499
420,414.1756896972656,1016.239990234375,0.04296526312828064,412.5138244628906,1015.5213012695312,0.05148017406463623,443.19677734375,1005.69580078125,0.0021803975105285645,448.071044921875,1005.9860229492188,0.0014904439449310303,440.8647766113281,1002.0362548828125,0.04445761442184448,559.4606323242188,466.6075744628906,0.01641625165939331,439.9859313964844,1006.06591796875,0.03379145264625549,480.91290283203125,436.63787841796875,0.01068219542503357,445.63232421875,1015.870361328125,0.5836338996887207,480.6677551269531,1004.9886474609375,0.01124507188796997,480.8354797363281,1007.2842407226562,0.7948254346847534,494.1573791503906,1054.08447265625,0.5014808177947998,482.60498046875,1041.234130859375,0.6177324056625366,533.5311279296875,1034.3143310546875,0.9679272770881653,681.236328125,1052.314453125,0.4141581952571869
421,414.3473815917969,1016.3351440429688,0.03946337103843689,412.5447082519531,1015.6143188476562,0.05218842625617981,443.174560546875,1005.7344360351562,0.002131640911102295,448.047119140625,1006.0099487304688,0.0014861524105072021,440.8824157714844,1002.0682983398438,0.04502058029174805,559.4664306640625,466.595458984375,0.016326904296875,440.0467224121094,1006.11328125,0.03485289216041565,480.9103698730469,436.63916015625,0.010668784379959106,445.6606140136719,1015.8598022460938,0.5810695290565491,480.6953430175781,1004.9892578125,0.011552482843399048,480.8775329589844,1007.2435302734375,0.7946511507034302,494.0164489746094,1053.989013671875,0.4803089499473572,482.59686279296875,1041.194091796875,0.6173725128173828,533.3592529296875,1034.4178466796875,0.9669086933135986,681.1563720703125,1051.90576171875,0.3701901435852051
422,413.65557861328125,1017.4136962890625,0.07431373000144958,411.37908935546875,1016.3067016601562,0.0975484848022461,441.26513671875,1006.6904907226562,0.002652108669281006,446.9407958984375,1006.4989624023438,0.004306882619857788,440.5487365722656,1001.5247802734375,0.06500011682510376,559.45947265625,466.73748779296875,0.016181588172912598,439.79901123046875,1005.715087890625,0.08089154958724976,718.574462890625,1626.2159423828125,0.010701239109039307,437.23321533203125,1024.339599609375,0.7528067827224731,482.1453857421875,1004.9708251953125,0.021304607391357422,482.3898620605469,1006.7908325195312,0.8587082624435425,489.1212158203125,1056.0994873046875,0.4743439853191376,485.866455078125,1044.3074951171875,0.6747031211853027,534.2865600585938,1036.258544921875,0.9686625599861145,680.0206298828125,1053.42529296875,0.5900725722312927
423,413.6221008300781,1017.4583740234375,0.06843313574790955,411.06146240234375,1016.3023681640625,0.0987507700920105,440.986328125,1006.5162353515625,0.002669721841812134,446.7779541015625,1006.529296875,0.004406780004501343,440.4524230957031,1001.4033203125,0.05899477005004883,559.4207153320312,466.7759094238281,0.016183197498321533,439.5946044921875,1005.4596557617188,0.07686412334442139,480.8844299316406,436.63641357421875,0.010498404502868652,437.2405090332031,1024.4271240234375,0.7576821446418762,482.1476135253906,1004.9228515625,0.021087706089019775,482.4429931640625,1006.6931762695312,0.8570910692214966,489.10491943359375,1056.110107421875,0.4773211181163788,482.5806884765625,1042.5494384765625,0.6682324409484863,534.2472534179688,1036.2025146484375,0.9691565036773682,679.9703979492188,1053.5269775390625,0.4894775152206421
424,421.9402770996094,1019.389892578125,0.04313158988952637,403.12445068359375,1023.7245483398438,0.02720874547958374,441.0227966308594,1007.1707763671875,0.001810908317565918,446.1823425292969,1006.1173095703125,0.0026278793811798096,441.81976318359375,1001.9685668945312,0.05262017250061035,559.3065185546875,466.8468017578125,0.016615569591522217,440.6636047363281,1006.9441528320312,0.1397976279258728,480.7698974609375,436.67919921875,0.010531723499298096,439.5557556152344,1024.5567626953125,0.7251821756362915,484.3572082519531,1005.3613891601562,0.025703012943267822,484.3645935058594,1007.7985229492188,0.8343559503555298,494.5080871582031,1055.058349609375,0.4145561754703522,483.81414794921875,1042.105224609375,0.778350830078125,534.3182373046875,1037.4420166015625,0.9535599946975708,675.1348876953125,1055.3746337890625,0.7473715543746948
425,421.9734802246094,1019.5617065429688,0.04236826300621033,403.26983642578125,1023.8658447265625,0.026903480291366577,441.0259704589844,1007.2266845703125,0.0017904937267303467,446.16064453125,1006.1105346679688,0.0026434361934661865,441.892333984375,1001.7184448242188,0.05370166897773743,559.4488525390625,466.89129638671875,0.01646140217781067,440.5972900390625,1006.8235473632812,0.15365281701087952,480.7919616699219,436.6653137207031,0.010514169931411743,439.4028625488281,1024.5782470703125,0.7320548892021179,484.2612609863281,1005.3599853515625,0.024292081594467163,484.2594299316406,1007.8263549804688,0.8355610370635986,494.5606994628906,1055.072998046875,0.40814208984375,483.8059387207031,1042.072265625,0.7794278860092163,534.3125,1037.3983154296875,0.9526546597480774,675.0574951171875,1055.333984375,0.748611569404602
426,413.91363525390625,1019.0687866210938,0.05904707312583923,402.0029602050781,1031.339599609375,0.0627894401550293,439.5830383300781,1006.9644775390625,0.0015073418617248535,444.30438232421875,1005.9850463867188,0.0046406090259552,442.1012878417969,1001.296630859375,0.04504430294036865,559.1426391601562,466.8838195800781,0.016649723052978516,441.4736328125,1006.6145629882812,0.20731541514396667,480.7956237792969,436.79083251953125,0.01053658127784729,439.0628662109375,1025.224853515625,0.8737887740135193,484.3169860839844,1007.0440673828125,0.015053212642669678,484.03863525390625,1009.2941284179688,0.8196586966514587,495.0495300292969,1056.1031494140625,0.3444037437438965,486.5578918457031,1044.229736328125,0.7859447002410889,536.7743530273438,1039.6529541015625,0.9577571749687195,675.4149780273438,1056.350341796875,0.7795422077178955
427,413.8686218261719,1018.778564453125,0.07133021950721741,402.0725402832031,1031.4482421875,0.07015183568000793,439.598388671875,1007.1156005859375,0.0014315247535705566,444.39630126953125,1006.0430908203125,0.004354983568191528,442.1753845214844,1001.2423095703125,0.046714723110198975,559.1607666015625,466.8082275390625,0.01671600341796875,441.31854248046875,1006.56201171875,0.21569600701332092,480.79815673828125,436.80047607421875,0.010537058115005493,439.4142761230469,1025.321533203125,0.8628222346305847,481.7054138183594,1007.13525390625,0.01860901713371277,483.7221984863281,1009.4244995117188,0.8195931315422058,494.9718933105469,1056.209228515625,0.3819902539253235,486.5165710449219,1044.4658203125,0.7749341130256653,534.8772583007812,1038.8416748046875,0.9574688673019409,675.4912109375,1056.2962646484375,0.7301213145256042
428,420.7547607421875,1019.5634765625,0.0510917603969574,400.89227294921875,1030.8458251953125,0.10595908761024475,432.3735046386719,1007.7525634765625,0.0013982951641082764,444.537841796875,1005.8927001953125,0.00563424825668335,442.89300537109375,1001.163818359375,0.038028448820114136,559.094970703125,466.6976623535156,0.016784459352493286,441.0740966796875,1005.7097778320312,0.2388383150100708,718.7831420898438,1626.2054443359375,0.010918736457824707,439.1268615722656,1025.6627197265625,0.8620742559432983,482.5954284667969,1006.575927734375,0.030442893505096436,483.8695983886719,1008.572021484375,0.8516331911087036,495.27178955078125,1055.8463134765625,0.37239229679107666,487.1763000488281,1044.82275390625,0.7669105529785156,535.2888793945312,1039.4927978515625,0.9597029685974121,675.6254272460938,1057.9764404296875,0.5767494440078735
429,420.7544860839844,1019.71142578125,0.052060604095458984,400.9769287109375,1030.883056640625,0.12135258316993713,438.5892028808594,1006.33740234375,0.001474618911743164,444.50372314453125,1005.83544921875,0.0061657726764678955,442.8713684082031,1001.0750122070312,0.04025644063949585,559.1163940429688,466.596923828125,0.016702115535736084,441.0395812988281,1005.693603515625,0.24998590350151062,718.3733520507812,1626.03515625,0.010669857263565063,439.0736389160156,1025.6708984375,0.8620524406433105,482.4745788574219,1006.5397338867188,0.03264331817626953,483.67706298828125,1008.687255859375,0.8558171987533569,495.3138122558594,1055.8170166015625,0.380492240190506,487.0948486328125,1044.858642578125,0.765095055103302,535.3189086914062,1039.5787353515625,0.9608268737792969,675.6605834960938,1057.974853515625,0.5687015056610107
430,421.54302978515625,1020.7609252929688,0.04898688197135925,401.3997802734375,1030.92919921875,0.024558603763580322,439.90289306640625,1021.3685913085938,0.001468360424041748,444.75836181640625,1005.8141479492188,0.003188610076904297,460.811767578125,1000.89697265625,0.052630096673965454,559.0354614257812,466.6288146972656,0.01668637990951538,449.8138122558594,1005.8811645507812,0.2207469344139099,480.7740478515625,436.9523620605469,0.010774075984954834,440.0588684082031,1026.1552734375,0.8188784122467041,482.5898132324219,1006.9520874023438,0.03693851828575134,483.4056396484375,1009.1783447265625,0.8234719038009644,487.91302490234375,1054.34228515625,0.3830541968345642,486.4969482421875,1043.9521484375,0.727068305015564,535.2945556640625,1041.0413818359375,0.9405906796455383,680.1754150390625,1057.6053466796875,0.648662805557251
431,421.58203125,1020.70654296875,0.04777258634567261,401.3498229980469,1030.946044921875,0.02526530623435974,440.06298828125,1021.326904296875,0.0014758408069610596,444.67889404296875,1005.84716796875,0.003022700548171997,460.7886047363281,1000.9600219726562,0.05154070258140564,559.0173950195312,466.5716552734375,0.016693800687789917,449.86505126953125,1005.892333984375,0.21520626544952393,718.7821044921875,1626.1436767578125,0.01078006625175476,439.9831848144531,1026.0897216796875,0.8222913146018982,487.80267333984375,1010.7557983398438,0.036385565996170044,483.4605407714844,1009.1868896484375,0.8226701021194458,487.9271545410156,1054.282470703125,0.3835728168487549,486.50616455078125,1043.910888671875,0.7275710105895996,535.2828979492188,1041.0545654296875,0.9419095516204834,680.167236328125,1057.61669921875,0.6392760872840881
432,421.6977233886719,1020.5035400390625,0.03197205066680908,401.8409118652344,1030.1077880859375,0.018430233001708984,439.90185546875,1021.4160766601562,0.004090845584869385,446.471923828125,1022.4017333984375,0.002214282751083374,460.3591613769531,1002.1915283203125,0.03227534890174866,559.0791625976562,466.4654235839844,0.016560792922973633,449.2713317871094,1006.6655883789062,0.1417342722415924,480.70648193359375,436.999267578125,0.010797113180160522,441.0102233886719,1026.59130859375,0.7677508592605591,486.7339782714844,1012.0684204101562,0.021911710500717163,482.58538818359375,1010.6070556640625,0.7500326633453369,495.931396484375,1056.9739990234375,0.6130489706993103,482.7864685058594,1043.4927978515625,0.7258761525154114,535.3292236328125,1042.99755859375,0.9473053812980652,679.9581909179688,1057.97802734375,0.7768193483352661
433,421.83819580078125,1020.612548828125,0.034520357847213745,401.778564453125,1030.193359375,0.021289050579071045,439.7351989746094,1021.4234619140625,0.004150271415710449,446.394287109375,1022.4114990234375,0.002200573682785034,460.21514892578125,1002.1739501953125,0.03345951437950134,559.1026611328125,466.4169921875,0.016596287488937378,449.26141357421875,1006.6720581054688,0.15327659249305725,480.72991943359375,437.02313232421875,0.010807991027832031,441.0736999511719,1026.58154296875,0.7637552618980408,486.8260803222656,1012.0762329101562,0.02269577980041504,482.6218566894531,1010.5160522460938,0.7596850395202637,495.9078674316406,1057.015625,0.6099218726158142,482.7791748046875,1043.5692138671875,0.7277237176895142,535.362060546875,1043.0745849609375,0.9480230212211609,680.0457153320312,1058.135498046875,0.7389301657676697
434,436.16864013671875,1021.7769775390625,0.019657135009765625,395.1708984375,1028.9764404296875,0.0065934062004089355,440.65155029296875,1021.3383178710938,0.0037656426429748535,447.59185791015625,1022.2881469726562,0.0018082857131958008,459.94903564453125,1002.399658203125,0.012254506349563599,725.9874877929688,1636.52490234375,0.016423791646957397,449.101318359375,1006.1762084960938,0.0941300094127655,480.63275146484375,437.1542053222656,0.011014193296432495,441.8659362792969,1027.732421875,0.763450026512146,480.70220947265625,1008.3137817382812,0.010318219661712646,482.3998107910156,1010.096435546875,0.6176652312278748,496.76177978515625,1059.899658203125,0.814246416091919,482.2148742675781,1043.8037109375,0.6816904544830322,537.6220703125,1044.777587890625,0.9566507935523987,680.7249145507812,1059.1954345703125,0.8805572986602783
435,436.17767333984375,1021.6487426757812,0.018936514854431152,401.997314453125,1030.1961669921875,0.005885452032089233,440.7332763671875,1021.3271484375,0.0036165714263916016,447.523681640625,1022.3277587890625,0.001757979393005371,460.01690673828125,1002.436767578125,0.012755781412124634,559.122802734375,466.3664855957031,0.016376882791519165,449.190673828125,1006.2650146484375,0.09605780243873596,480.5996398925781,437.17291259765625,0.011016488075256348,441.9465026855469,1027.7476806640625,0.7613732814788818,480.8310852050781,1008.2992553710938,0.01020541787147522,482.43585205078125,1010.0761108398438,0.6226425170898438,496.8547668457031,1059.916259765625,0.8145299553871155,482.28704833984375,1043.7867431640625,0.6751919388771057,537.6046142578125,1044.697021484375,0.9566526412963867,680.765869140625,1059.2220458984375,0.875282883644104
436,422.3421630859375,1020.7994995117188,0.009517133235931396,390.4096374511719,1036.6063232421875,0.005839675664901733,441.14617919921875,1021.7603149414062,0.002233952283859253,448.0008850097656,1022.0198364257812,0.0010705292224884033,460.365966796875,1003.3056640625,0.006613433361053467,539.673095703125,467.67291259765625,0.018011003732681274,448.2602233886719,1006.2114868164062,0.05055055022239685,480.6628723144531,437.30584716796875,0.011106044054031372,441.6932373046875,1027.6912841796875,0.7882024049758911,480.6689453125,1013.096923828125,0.00785025954246521,482.07720947265625,1010.107666015625,0.5573668479919434,496.46417236328125,1060.1507568359375,0.780034065246582,481.1052551269531,1043.5224609375,0.7111705541610718,534.763916015625,1043.3402099609375,0.96037757396698,681.7024536132812,1060.283935546875,0.9301351308822632
437,422.34942626953125,1021.0045776367188,0.009739845991134644,390.4217529296875,1036.7059326171875,0.0062223076820373535,441.1910400390625,1021.73583984375,0.0022864937782287598,447.95343017578125,1022.05322265625,0.0010896921157836914,460.330322265625,1003.3041381835938,0.006795525550842285,539.8650512695312,467.6727600097656,0.01771637797355652,448.2864685058594,1006.2378540039062,0.05260246992111206,480.68719482421875,437.2547912597656,0.01115560531616211,441.7904052734375,1027.6439208984375,0.8001968264579773,480.67791748046875,1013.1102294921875,0.007965147495269775,482.0672912597656,1010.1338500976562,0.5580841302871704,496.4753112792969,1060.1593017578125,0.7801165580749512,481.0948486328125,1043.5379638671875,0.7108322978019714,534.7609252929688,1043.3409423828125,0.9603996276855469,681.70068359375,1060.2864990234375,0.9303551912307739
438,422.0538635253906,1021.3734130859375,0.01285254955291748,391.0147399902344,1036.9080810546875,0.007989048957824707,441.0481872558594,1021.1888427734375,0.002015233039855957,447.5269775390625,1022.255126953125,0.0013308525085449219,460.67059326171875,1003.0777587890625,0.012320935726165771,539.5816650390625,467.584228515625,0.01742616295814514,447.9302673339844,1005.8583374023438,0.06015270948410034,480.71124267578125,437.3331298828125,0.011254727840423584,441.0135192871094,1026.9588623046875,0.8384832143783569,485.2505798339844,1012.6616821289062,0.009302645921707153,481.63494873046875,1010.513671875,0.5758312940597534,496.5826416015625,1059.8836669921875,0.7249026298522949,481.00640869140625,1044.04736328125,0.603751003742218,534.8154296875,1043.395751953125,0.9603756666183472,682.3938598632812,1061.1502685546875,0.8914940357208252
439,422.1119384765625,1021.3413696289062,0.012804388999938965,391.010009765625,1036.8692626953125,0.007686108350753784,440.7852478027344,1021.2064819335938,0.0019780993461608887,447.3682556152344,1022.4656982421875,0.001269608736038208,460.7272644042969,1003.0856323242188,0.01156628131866455,539.5592651367188,467.6160583496094,0.017475992441177368,448.0175476074219,1005.87744140625,0.05965045094490051,480.6824951171875,437.3108215332031,0.011222094297409058,441.0313720703125,1027.0919189453125,0.8384340405464172,485.3775634765625,1012.6333618164062,0.008386164903640747,481.8674621582031,1010.595703125,0.5858690142631531,496.6258850097656,1059.895263671875,0.7257956266403198,480.98870849609375,1044.060302734375,0.6168583631515503,537.0535888671875,1043.2596435546875,0.961350679397583,682.3063354492188,1061.1910400390625,0.8783566951751709
440,421.99139404296875,1021.4691772460938,0.0125465989112854,393.2315673828125,1030.5111083984375,0.007808476686477661,440.7247619628906,1020.7688598632812,0.0027599036693573,447.8791198730469,1021.4303588867188,0.0017660558223724365,460.0498962402344,1002.8489379882812,0.025553971529006958,539.586669921875,467.72900390625,0.0178489089012146,447.5108642578125,1006.4039916992188,0.09521380066871643,480.57452392578125,437.3585205078125,0.01170012354850769,441.0405578613281,1027.238525390625,0.788955569267273,485.11602783203125,1013.110595703125,0.01805552840232849,481.0799255371094,1011.3522338867188,0.6589144468307495,496.2887268066406,1060.1561279296875,0.7913554310798645,475.2432556152344,1042.5687255859375,0.6963922381401062,534.68896484375,1043.8052978515625,0.9595627784729004,681.7659301757812,1060.8499755859375,0.8966976404190063
441,421.98468017578125,1021.493896484375,0.01282644271850586,391.0924377441406,1037.63623046875,0.008044153451919556,440.75018310546875,1020.7674560546875,0.0028638243675231934,447.9053955078125,1021.4712524414062,0.001824885606765747,460.0638732910156,1002.8404541015625,0.025316208600997925,539.6824951171875,467.7227478027344,0.017707854509353638,447.5665588378906,1006.4006958007812,0.09526285529136658,480.58062744140625,437.27532958984375,0.011506348848342896,441.0419616699219,1027.24462890625,0.791193962097168,485.0743103027344,1013.1039428710938,0.017697781324386597,481.115234375,1011.3499755859375,0.6604271531105042,496.3060302734375,1060.1954345703125,0.7884868383407593,475.2466735839844,1042.5643310546875,0.6952154040336609,534.6569213867188,1043.787841796875,0.9597549438476562,681.7701416015625,1060.83740234375,0.8958871364593506
442,420.1304931640625,1025.8441162109375,0.021090954542160034,394.27001953125,1031.3016357421875,0.014522790908813477,440.1427001953125,1020.5319213867188,0.004880070686340332,448.16656494140625,1020.8433837890625,0.004273891448974609,459.32318115234375,1002.8515625,0.07586842775344849,539.8909912109375,467.6424560546875,0.01694008708000183,446.83367919921875,1006.9384155273438,0.17056292295455933,480.6531677246094,436.9640197753906,0.011279106140136719,439.09283447265625,1026.76806640625,0.8134533762931824,485.0106506347656,1013.2302856445312,0.01896539330482483,480.66851806640625,1013.3614501953125,0.6697668433189392,495.97357177734375,1060.6480712890625,0.8013078570365906,475.8923645019531,1043.425048828125,0.6873769760131836,533.5909423828125,1043.8472900390625,0.9692879319190979,681.6927490234375,1060.6375732421875,0.9010050296783447
443,421.39410400390625,1021.2470703125,0.01863887906074524,394.2676086425781,1031.45166015625,0.014987409114837646,440.4191589355469,1020.5879516601562,0.004592478275299072,448.3163757324219,1020.8096923828125,0.0037495195865631104,459.3935546875,1002.9077758789062,0.07564249634742737,552.4109497070312,467.60400390625,0.015912413597106934,447.0009460449219,1006.9938354492188,0.15638446807861328,480.5908203125,436.91448974609375,0.011238694190979004,439.2510986328125,1026.66552734375,0.7943211793899536,484.8799133300781,1013.250732421875,0.019126057624816895,480.62982177734375,1013.374267578125,0.6580023765563965,495.89276123046875,1060.7017822265625,0.798935055732727,475.9045104980469,1043.3651123046875,0.6874030828475952,533.6256713867188,1043.720703125,0.9689083099365234,681.7581787109375,1060.7459716796875,0.8925617337226868
444,420.1673583984375,1022.2879638671875,0.02836880087852478,392.3295593261719,1039.60888671875,0.035384565591812134,438.98388671875,1020.0626220703125,0.0025241971015930176,447.6159973144531,1020.8585205078125,0.0036104023456573486,459.1780090332031,1002.4814453125,0.07551845908164978,552.5426635742188,466.95050048828125,0.0141659677028656,445.9485778808594,1007.423583984375,0.17425182461738586,480.74530029296875,436.7887268066406,0.01099136471748352,437.4852600097656,1027.9180908203125,0.8243203163146973,484.75299072265625,1013.4169311523438,0.02197164297103882,480.4226379394531,1013.5462036132812,0.6733797192573547,494.8050537109375,1060.7083740234375,0.8295583128929138,475.4414978027344,1044.4625244140625,0.6151458621025085,531.9327392578125,1043.001953125,0.9651738405227661,680.9743041992188,1060.1241455078125,0.8047113418579102
445,420.21368408203125,1022.4468383789062,0.028350770473480225,392.32421875,1039.62353515625,0.036013275384902954,438.9123229980469,1020.1859741210938,0.0027253925800323486,447.5808410644531,1020.9952392578125,0.003824174404144287,459.2222595214844,1002.4453125,0.07072904706001282,724.8775634765625,1635.901611328125,0.014199793338775635,445.9109802246094,1007.32177734375,0.17858070135116577,480.7280578613281,436.805419921875,0.011035919189453125,437.4574279785156,1027.9075927734375,0.8278007507324219,484.78814697265625,1013.4215698242188,0.02344605326652527,480.4115295410156,1013.4577026367188,0.6722971796989441,494.7989196777344,1060.652099609375,0.8307334184646606,475.3994140625,1044.396240234375,0.6207537055015564,531.9105224609375,1043.0126953125,0.9634140729904175,680.9869995117188,1060.1097412109375,0.8044781684875488
446,406.8200378417969,1021.5890502929688,0.09307825565338135,386.15960693359375,1023.3569946289062,0.13704994320869446,439.62628173828125,1020.8645629882812,0.0029775500297546387,446.9222106933594,1020.5196533203125,0.0038859546184539795,458.88958740234375,1002.90673828125,0.014840036630630493,546.7137451171875,463.8379821777344,0.013220340013504028,433.38848876953125,1004.3728637695312,0.2748515009880066,480.5233459472656,436.8289489746094,0.010874718427658081,437.73272705078125,1026.998779296875,0.7838449478149414,484.7896423339844,1013.6093139648438,0.015675455331802368,481.0811767578125,1013.6412353515625,0.6651879549026489,495.6338806152344,1060.24560546875,0.7776282429695129,474.6936950683594,1044.826171875,0.7187469005584717,532.4192504882812,1043.2476806640625,0.9637977480888367,678.1834106445312,1059.518798828125,0.728513240814209
447,406.90460205078125,1021.6183471679688,0.09177097678184509,385.9694519042969,1023.3631591796875,0.12633627653121948,439.52557373046875,1020.7890625,0.002843618392944336,446.896484375,1020.4989013671875,0.004012972116470337,458.7968444824219,1002.9027709960938,0.014681249856948853,546.7913208007812,463.71722412109375,0.013118952512741089,433.1943359375,1004.4301147460938,0.29619449377059937,480.58575439453125,436.83038330078125,0.010903209447860718,437.6245422363281,1027.069091796875,0.7964698076248169,484.7545471191406,1013.6316528320312,0.015496134757995605,481.05682373046875,1013.6806030273438,0.6675894856452942,495.6445617675781,1060.2669677734375,0.7789344787597656,474.6726989746094,1044.84814453125,0.7246415615081787,532.4124145507812,1043.245849609375,0.9634362459182739,678.2194213867188,1059.6715087890625,0.7543859481811523
448,404.0550842285156,1021.782958984375,0.10870927572250366,385.93048095703125,1025.0457763671875,0.13606148958206177,432.6629943847656,1021.5752563476562,0.0012598037719726562,399.99456787109375,1007.9039306640625,0.0020572543144226074,391.0652160644531,1008.9409790039062,0.025499433279037476,559.8290405273438,465.8471374511719,0.013319581747055054,433.19378662109375,1004.7537841796875,0.31158795952796936,480.72406005859375,436.5802001953125,0.01042965054512024,438.1354675292969,1027.8184814453125,0.8321531414985657,483.1614990234375,1013.7435913085938,0.01407092809677124,479.9541015625,1014.4212646484375,0.7522354125976562,496.1054382324219,1060.064208984375,0.7980186343193054,474.0059814453125,1045.09326171875,0.6680429577827454,531.0106201171875,1042.876708984375,0.9665172100067139,676.7689819335938,1059.7464599609375,0.7661786079406738
449,403.9359130859375,1021.7876586914062,0.10500440001487732,386.612548828125,1025.244384765625,0.10222470760345459,432.6244201660156,1021.682373046875,0.0012711882591247559,399.2774353027344,1007.7693481445312,0.0024076104164123535,397.3331298828125,1005.7107543945312,0.022997558116912842,559.8272705078125,465.71832275390625,0.01313704252243042,432.8754577636719,1005.1731567382812,0.3117034435272217,480.69384765625,436.6224670410156,0.010599017143249512,437.8595886230469,1027.861083984375,0.8421658277511597,483.16400146484375,1013.6482543945312,0.013755500316619873,479.9272766113281,1014.3757934570312,0.7679362297058105,496.11328125,1060.0540771484375,0.7972801923751831,473.984375,1045.017578125,0.6675094962120056,530.9716796875,1042.9769287109375,0.9663439989089966,676.7665405273438,1059.86962890625,0.7824329137802124
450,401.1429138183594,1020.1865234375,0.17133840918540955,384.6983337402344,1025.152587890625,0.139581561088562,417.3268127441406,1023.673583984375,0.0008755624294281006,396.3376159667969,1018.366943359375,0.0031466782093048096,390.96295166015625,1005.33349609375,0.023033827543258667,546.9275512695312,463.8573303222656,0.013121843338012695,431.890380859375,1005.5234375,0.3978991210460663,718.1156005859375,1625.8382568359375,0.010553419589996338,438.1060791015625,1029.7672119140625,0.8440959453582764,486.2973327636719,1021.7557983398438,0.01621648669242859,477.0458984375,1015.5569458007812,0.8095295429229736,495.9504699707031,1059.939208984375,0.8452891111373901,473.8975524902344,1045.8756103515625,0.6895447969436646,530.3750610351562,1042.8115234375,0.9673527479171753,676.6541137695312,1060.8770751953125,0.6597562432289124
451,401.191162109375,1020.1504516601562,0.1729181706905365,381.7994384765625,1023.692626953125,0.15736091136932373,417.5126037597656,1023.7066650390625,0.0008789300918579102,396.57763671875,1018.2572631835938,0.0032671093940734863,390.9299621582031,1005.254150390625,0.023764967918395996,546.9381713867188,463.93701171875,0.013167649507522583,431.8801574707031,1005.4354858398438,0.4255249500274658,717.688232421875,1625.83740234375,0.01093202829360962,438.1271057128906,1029.7974853515625,0.8465781211853027,486.29022216796875,1021.7106323242188,0.01607269048690796,479.780517578125,1015.02880859375,0.8179733753204346,495.9754638671875,1059.9481201171875,0.8474565148353577,473.961669921875,1045.8076171875,0.6899182796478271,530.4532470703125,1042.8143310546875,0.967831015586853,676.6694946289062,1060.8997802734375,0.652294933795929
452,398.00262451171875,1014.92919921875,0.07511341571807861,405.9858703613281,1029.9940185546875,0.021584272384643555,424.1430969238281,1022.4986572265625,0.00238075852394104,429.1745300292969,1022.3699340820312,0.00378379225730896,443.358154296875,1002.4172973632812,0.020473867654800415,559.436279296875,465.7759094238281,0.013325095176696777,433.6773986816406,1007.700439453125,0.3738294839859009,480.8390808105469,436.521240234375,0.010497957468032837,435.2684020996094,1029.8653564453125,0.834453821182251,486.47393798828125,1021.2816772460938,0.019021332263946533,477.0794372558594,1015.834228515625,0.8490304350852966,488.3109130859375,1060.07373046875,0.7430921792984009,485.81280517578125,1050.56591796875,0.7312194108963013,530.2841796875,1043.5242919921875,0.9694303274154663,675.6519775390625,1060.82470703125,0.5464618802070618
453,397.61614990234375,1014.660888671875,0.05713912844657898,406.2624206542969,1030.109375,0.02327108383178711,424.5732421875,1022.2474975585938,0.0019935965538024902,429.3882751464844,1022.1207885742188,0.003259897232055664,443.46832275390625,1002.3905639648438,0.018528342247009277,546.9161376953125,463.97369384765625,0.013372838497161865,433.41778564453125,1007.7533569335938,0.4000759720802307,480.8511962890625,436.54559326171875,0.010551244020462036,435.00067138671875,1029.7996826171875,0.851161777973175,486.5115661621094,1021.2421264648438,0.01929524540901184,477.0839538574219,1015.7565307617188,0.8469589948654175,488.3174133300781,1060.1427001953125,0.7405984401702881,485.7369689941406,1050.6044921875,0.7316094040870667,530.2735595703125,1043.506591796875,0.9694133996963501,675.6224365234375,1060.831298828125,0.543908417224884
454,411.65167236328125,1033.7694091796875,0.0628519058227539,407.6846923828125,1030.4127197265625,0.018567293882369995,425.1774597167969,1022.5718383789062,0.0014449059963226318,429.8190002441406,1023.00537109375,0.002685248851776123,458.23931884765625,1005.4786987304688,0.015680640935897827,559.1968994140625,465.9938049316406,0.014195024967193604,431.4279479980469,1010.5803833007812,0.23970812559127808,717.29638671875,1625.722412109375,0.010469675064086914,436.8469543457031,1032.485107421875,0.8533585667610168,477.31121826171875,1015.4078369140625,0.032420188188552856,475.4798278808594,1016.3988647460938,0.8361730575561523,495.5042419433594,1060.8818359375,0.8373361825942993,485.0262145996094,1050.9478759765625,0.6767820119857788,530.5280151367188,1044.3897705078125,0.9732673168182373,675.2337646484375,1061.6982421875,0.5027986764907837
455,411.57958984375,1033.781982421875,0.06762933731079102,407.3940734863281,1030.3131103515625,0.018300771713256836,425.03485107421875,1022.6668090820312,0.0015961527824401855,429.84674072265625,1023.0169677734375,0.0030092597007751465,458.3253479003906,1005.4483032226562,0.015992283821105957,559.1744384765625,465.8533935546875,0.014163970947265625,431.61669921875,1010.7639770507812,0.2513883709907532,480.9386901855469,436.4986267089844,0.01041993498802185,436.8670959472656,1032.5101318359375,0.8535593748092651,477.47735595703125,1015.3637084960938,0.032559722661972046,475.7943420410156,1016.4828491210938,0.8424029350280762,495.5244140625,1060.8262939453125,0.8397586345672607,484.86614990234375,1050.619384765625,0.712849497795105,530.420166015625,1044.4490966796875,0.9706320762634277,675.329345703125,1061.72314453125,0.5481346249580383
456,410.8681640625,1033.8961181640625,0.060281962156295776,407.2658386230469,1030.2176513671875,0.01569187641143799,425.4771728515625,1023.0853271484375,0.0017188489437103271,430.3514099121094,1022.7906494140625,0.002190321683883667,434.6933898925781,1003.985107421875,0.011794507503509521,546.38427734375,464.5787048339844,0.014791041612625122,433.2661437988281,1008.1790771484375,0.3182249069213867,480.848876953125,436.72576904296875,0.010599642992019653,435.1613464355469,1032.8299560546875,0.8790960907936096,478.71673583984375,1018.2517700195312,0.043365657329559326,474.759521484375,1016.880126953125,0.8520558476448059,487.8076171875,1061.5416259765625,0.7616679668426514,483.59857177734375,1050.60986328125,0.694766104221344,529.239501953125,1044.2674560546875,0.9679770469665527,674.8483276367188,1061.5455322265625,0.33699071407318115
457,405.0096435546875,1027.8917236328125,0.0528264045715332,399.3595886230469,1030.930419921875,0.023750990629196167,425.49395751953125,1022.6893310546875,0.0017155110836029053,430.33673095703125,1022.6881713867188,0.00225985050201416,444.31005859375,1003.6826171875,0.012850135564804077,546.5545043945312,464.7282409667969,0.01446443796157837,432.7743835449219,1008.2473754882812,0.33990567922592163,480.87664794921875,436.7034912109375,0.010677695274353027,434.264404296875,1033.8819580078125,0.8961234092712402,478.23681640625,1018.39306640625,0.03390711545944214,474.210693359375,1017.4339599609375,0.8275599479675293,493.9735412597656,1061.4466552734375,0.747597336769104,483.22210693359375,1050.3760986328125,0.7195637226104736,528.2434692382812,1043.714599609375,0.9709631204605103,672.6141967773438,1061.23876953125,0.4609508812427521
458,404.66021728515625,1027.963623046875,0.052149802446365356,399.5848388671875,1031.16845703125,0.023001879453659058,425.4167175292969,1022.3919677734375,0.0016669631004333496,430.1766357421875,1022.41796875,0.002062678337097168,444.4960632324219,1003.4346313476562,0.012949258089065552,546.3992919921875,464.6566467285156,0.014270931482315063,432.6841125488281,1008.3515014648438,0.3365665078163147,480.9259948730469,436.783935546875,0.01078575849533081,434.4411315917969,1033.625,0.8997781276702881,478.2322082519531,1018.9269409179688,0.0402161180973053,474.4393310546875,1017.696044921875,0.8241806030273438,494.15887451171875,1061.4384765625,0.7512151002883911,483.4380798339844,1050.2452392578125,0.7250228524208069,528.270751953125,1043.6558837890625,0.9706818461418152,673.5621337890625,1061.00244140625,0.5413867831230164
459,404.76788330078125,1027.993896484375,0.05456629395484924,399.74517822265625,1031.2225341796875,0.023528099060058594,425.69805908203125,1022.36328125,0.0015774071216583252,430.1402893066406,1022.4553833007812,0.0019131898880004883,444.47930908203125,1003.6331787109375,0.013164669275283813,546.449951171875,464.6206359863281,0.01416081190109253,432.3751525878906,1008.4636840820312,0.32669174671173096,480.93597412109375,436.7686462402344,0.01077154278755188,434.0969543457031,1033.4366455078125,0.9010790586471558,477.908447265625,1019.071533203125,0.035401880741119385,474.2958679199219,1017.73876953125,0.8197020292282104,494.32666015625,1061.3677978515625,0.7426552176475525,483.3519592285156,1050.1922607421875,0.7100660800933838,528.299072265625,1043.5821533203125,0.9711827635765076,673.4210815429688,1060.9134521484375,0.6063706874847412
460,397.2688293457031,1019.3511352539062,0.10200920701026917,397.7914733886719,1031.4794921875,0.022630631923675537,419.0855407714844,1022.35693359375,0.0013259649276733398,430.85455322265625,1022.9634399414062,0.0013624131679534912,444.1289978027344,1003.7077026367188,0.016240864992141724,558.9559936523438,465.96807861328125,0.015032649040222168,431.8897705078125,1007.835205078125,0.3916972875595093,480.91754150390625,436.6676940917969,0.01068568229675293,433.2781982421875,1032.6661376953125,0.8826573491096497,476.98480224609375,1018.5252685546875,0.04763829708099365,473.7663879394531,1017.45458984375,0.84630286693573,489.849365234375,1060.565673828125,0.7116286754608154,475.8187255859375,1048.927734375,0.7006574273109436,527.0949096679688,1043.414794921875,0.9711465835571289,671.8339233398438,1061.273193359375,0.5068666934967041
461,397.5840148925781,1019.730224609375,0.11104044318199158,391.0692138671875,1031.247802734375,0.02845093607902527,418.9873962402344,1022.5152587890625,0.001294553279876709,430.9350280761719,1022.9140014648438,0.001401752233505249,443.7305908203125,1003.886474609375,0.019708693027496338,559.0625610351562,465.8924865722656,0.01484614610671997,431.9566650390625,1008.4160766601562,0.46803033351898193,480.88848876953125,436.6832275390625,0.010711610317230225,433.2906494140625,1032.74951171875,0.8752654790878296,477.27838134765625,1017.9802856445312,0.04843699932098389,473.977294921875,1017.026123046875,0.8568739891052246,485.9571533203125,1061.5953369140625,0.7347713708877563,475.57611083984375,1049.2952880859375,0.6866243481636047,527.1336669921875,1043.48828125,0.96947181224823,671.6097412109375,1061.29296875,0.5431504249572754
462,404.3684997558594,1037.69091796875,0.02624332904815674,390.01763916015625,1027.552490234375,0.061606645584106445,425.7082214355469,1022.6845092773438,0.0004500746726989746,445.1277160644531,1018.458251953125,0.000837475061416626,443.7594299316406,1004.043212890625,0.012156367301940918,558.9996948242188,465.9710388183594,0.014602124691009521,429.76226806640625,1007.60595703125,0.4023577868938446,717.34716796875,1625.8370361328125,0.010852783918380737,434.04119873046875,1033.452392578125,0.8155880570411682,476.3487548828125,1019.3617553710938,0.03182139992713928,473.3447570800781,1018.7428588867188,0.798039972782135,486.6041564941406,1060.3056640625,0.6226865649223328,476.41259765625,1048.5244140625,0.7534876465797424,526.7272338867188,1042.9862060546875,0.9728795289993286,671.7551879882812,1061.3350830078125,0.5654469728469849
463,404.4339294433594,1037.723388671875,0.021269917488098145,389.8349304199219,1031.403564453125,0.09531858563423157,828.0093994140625,1276.2347412109375,0.0004763007164001465,445.4200439453125,1018.4761352539062,0.0007531642913818359,434.10321044921875,1003.1242065429688,0.01111745834350586,559.0016479492188,465.83929443359375,0.014379322528839111,429.7808532714844,1007.4261474609375,0.39172378182411194,717.4219360351562,1625.791259765625,0.011119365692138672,434.2245788574219,1033.0384521484375,0.8045037984848022,476.56317138671875,1019.2362060546875,0.03560015559196472,473.3587341308594,1018.6629638671875,0.7945888042449951,486.76531982421875,1060.2205810546875,0.6250610947608948,476.5567321777344,1048.3424072265625,0.7652776837348938,526.830078125,1043.1236572265625,0.970937967300415,671.751708984375,1061.3048095703125,0.5562511086463928
464,402.56939697265625,1037.02978515625,0.03781291842460632,388.4044189453125,1033.5380859375,0.06394132971763611,427.1884765625,1021.6290893554688,0.0008725821971893311,446.9454040527344,1018.0979614257812,0.0013066232204437256,459.56219482421875,1004.7899780273438,0.006781786680221558,546.3236083984375,464.731201171875,0.014669865369796753,423.716796875,1010.206787109375,0.3781544268131256,480.9591369628906,436.73193359375,0.010975152254104614,431.62835693359375,1032.4564208984375,0.8749281764030457,473.3716125488281,1019.0151977539062,0.02806687355041504,472.4189453125,1019.2990112304688,0.8041461706161499,485.8878173828125,1060.8836669921875,0.5918430089950562,469.6057434082031,1046.08447265625,0.6972134709358215,525.8156127929688,1042.8363037109375,0.9699066877365112,673.2598876953125,1061.086669921875,0.6100809574127197
465,402.5726623535156,1037.0252685546875,0.03746524453163147,388.40301513671875,1033.5521240234375,0.0633401870727539,427.1492919921875,1021.5679931640625,0.0008901059627532959,446.8511962890625,1018.1090698242188,0.0013374686241149902,459.6593017578125,1004.7288208007812,0.006441175937652588,546.1328125,464.8154602050781,0.014731734991073608,423.7491455078125,1010.2184448242188,0.3797481060028076,481.0122375488281,436.7472229003906,0.010987460613250732,431.63092041015625,1032.525634765625,0.8770440816879272,473.5441589355469,1019.1597900390625,0.026585012674331665,472.4454040527344,1019.385009765625,0.800677478313446,486.1402893066406,1061.031982421875,0.5931814908981323,469.8588562011719,1046.2008056640625,0.7020657658576965,526.1026000976562,1042.532470703125,0.9733601808547974,673.3309936523438,1061.093017578125,0.6016952395439148
466,395.0285949707031,1035.3875732421875,0.07143795490264893,394.3675231933594,1034.882568359375,0.048820555210113525,408.7989501953125,1035.47509765625,0.0014984309673309326,414.2037048339844,1034.1441650390625,0.003190547227859497,412.8074645996094,1007.2085571289062,0.0217437744140625,546.1381225585938,464.41845703125,0.015430331230163574,424.23968505859375,1010.2627563476562,0.5852996706962585,432.5196533203125,1043.6014404296875,0.011826515197753906,428.16845703125,1035.033935546875,0.8697227239608765,472.3250427246094,1018.5675048828125,0.02421647310256958,472.8065185546875,1019.9906005859375,0.8370888233184814,489.3748474121094,1060.7265625,0.6321799755096436,470.4910888671875,1048.06884765625,0.7164911031723022,526.2958984375,1042.911376953125,0.9724191427230835,671.3379516601562,1061.3651123046875,0.5858452916145325
467,400.87384033203125,1037.4293212890625,0.06679442524909973,394.5121765136719,1034.8338623046875,0.05129128694534302,408.78936767578125,1035.4996337890625,0.0015530288219451904,447.5029296875,1017.896240234375,0.0032261013984680176,412.7829895019531,1007.1614379882812,0.022592782974243164,546.0512084960938,464.4825744628906,0.015397459268569946,424.3741149902344,1010.3095092773438,0.5751301050186157,432.56976318359375,1043.6019287109375,0.012586057186126709,428.1976013183594,1035.1046142578125,0.8703339099884033,472.4463806152344,1018.719482421875,0.0235292911529541,472.8382873535156,1020.1204223632812,0.8413777351379395,489.5569152832031,1060.874267578125,0.625986635684967,470.5606994628906,1048.105712890625,0.7306436896324158,526.277587890625,1042.8682861328125,0.9718778133392334,671.2863159179688,1061.3262939453125,0.5684133768081665
468,394.96807861328125,1035.029541015625,0.1203201413154602,394.4603271484375,1035.58056640625,0.035775333642959595,408.3040771484375,1035.1954345703125,0.0014871656894683838,433.0946960449219,1020.8899536132812,0.002690821886062622,445.2798156738281,1005.8029174804688,0.020173072814941406,545.5943603515625,464.6660461425781,0.015820026397705078,423.772705078125,1011.2813720703125,0.5739240646362305,396.8159484863281,1034.8494873046875,0.01270836591720581,427.5303649902344,1034.830078125,0.8428738117218018,482.5728759765625,1028.7415771484375,0.024079233407974243,471.13909912109375,1020.8346557617188,0.8357741832733154,489.5316467285156,1060.6378173828125,0.6064231991767883,469.855224609375,1048.5185546875,0.7569745182991028,525.957275390625,1043.2149658203125,0.9728416800498962,672.3245849609375,1061.0743408203125,0.6564757823944092
469,395.0442199707031,1035.0045166015625,0.1165984570980072,394.4681701660156,1035.4713134765625,0.03720960021018982,408.51275634765625,1035.3212890625,0.0014233291149139404,413.7547302246094,1034.2401123046875,0.0024990439414978027,445.409423828125,1005.9241943359375,0.017610520124435425,545.6641845703125,464.6644592285156,0.01594206690788269,423.6473388671875,1011.5093994140625,0.5630936622619629,416.22998046875,1037.6873779296875,0.012290716171264648,427.7629089355469,1034.9080810546875,0.8575441837310791,471.5820617675781,1018.6798095703125,0.02602863311767578,471.47564697265625,1020.5262451171875,0.8172178864479065,489.4371032714844,1060.4949951171875,0.6208928823471069,469.982177734375,1048.7515869140625,0.7539800405502319,525.8132934570312,1043.2950439453125,0.9713244438171387,672.3221435546875,1061.1234130859375,0.6997309923171997
470,389.5382385253906,1035.6673583984375,0.10585358738899231,383.5086364746094,1032.9400634765625,0.09724894165992737,408.3254699707031,1036.5272216796875,0.0013405382633209229,413.9647216796875,1034.8079833984375,0.0028913915157318115,445.61737060546875,1005.2306518554688,0.01652964949607849,545.7874755859375,464.9504699707031,0.01655641198158264,421.7171936035156,1011.7351684570312,0.5388695001602173,718.6527709960938,1625.9444580078125,0.011398345232009888,427.4476623535156,1033.44189453125,0.8437756896018982,483.1000061035156,1028.2318115234375,0.017551898956298828,471.0411682128906,1020.1349487304688,0.896246075630188,489.4952392578125,1060.2503662109375,0.5767905116081238,471.34600830078125,1048.0509033203125,0.8593651056289673,525.650390625,1043.558837890625,0.965700626373291,670.6503295898438,1061.5784912109375,0.5968999862670898
471,389.45758056640625,1035.996826171875,0.1317901611328125,383.7301330566406,1033.0721435546875,0.09862175583839417,407.62078857421875,1037.01611328125,0.001473754644393921,413.4173278808594,1035.2918701171875,0.003099292516708374,413.1175842285156,1008.4927368164062,0.01877877116203308,545.7219848632812,464.9253234863281,0.01629805564880371,421.727294921875,1011.9652709960938,0.6148934960365295,713.1747436523438,1624.902587890625,0.012372702360153198,427.48382568359375,1033.638427734375,0.840027391910553,483.0951232910156,1028.1572265625,0.01693636178970337,470.86077880859375,1020.4435424804688,0.8994214534759521,489.91888427734375,1060.2496337890625,0.5833393931388855,471.3061828613281,1048.4296875,0.8566946983337402,525.7396850585938,1043.712646484375,0.9663337469100952,670.6361083984375,1061.4307861328125,0.5635831952095032
472,403.753173828125,1039.7762451171875,0.08760526776313782,382.9037780761719,1030.294921875,0.5995128750801086,425.976806640625,1021.5711059570312,0.0006867647171020508,431.361083984375,1021.0968017578125,0.001948028802871704,423.99420166015625,1013.38671875,0.019404590129852295,545.6112060546875,464.9599304199219,0.01603066921234131,419.48248291015625,1011.0657958984375,0.5886432528495789,747.0057983398438,1630.073974609375,0.011911273002624512,428.30377197265625,1033.5941162109375,0.8475626707077026,474.6222229003906,1023.7979736328125,0.01589643955230713,469.7660827636719,1020.063232421875,0.8344647884368896,493.7823791503906,1060.403564453125,0.5753653645515442,471.0204162597656,1048.63134765625,0.84035325050354,524.9423217773438,1044.72314453125,0.9654371738433838,671.9966430664062,1061.067138671875,0.5998928546905518
473,403.8782653808594,1040.0042724609375,0.09029272198677063,382.81475830078125,1030.5745849609375,0.6282334327697754,426.07421875,1021.4768676757812,0.0006609857082366943,445.8547668457031,1018.2467041015625,0.0018920302391052246,424.0356750488281,1013.3080444335938,0.018233418464660645,545.5838623046875,464.8734436035156,0.01585492491722107,419.45184326171875,1010.9879760742188,0.5905837416648865,747.4276123046875,1630.1429443359375,0.010550439357757568,428.32830810546875,1033.514404296875,0.8458957672119141,474.5472106933594,1023.7913208007812,0.015370488166809082,469.7914733886719,1020.078857421875,0.8345544338226318,493.718017578125,1060.3900146484375,0.5732783675193787,471.0376281738281,1048.633056640625,0.8377496600151062,524.8471069335938,1044.75146484375,0.9641704559326172,672.0009155273438,1061.529541015625,0.558857262134552
474,394.8468322753906,1032.8231201171875,0.14882570505142212,389.1689147949219,1030.5,0.3920459747314453,425.80938720703125,1020.914306640625,0.0021930932998657227,431.865966796875,1021.8087158203125,0.0017747581005096436,423.67718505859375,1015.5977172851562,0.024883657693862915,545.24853515625,464.8668518066406,0.015738606452941895,422.5037841796875,1011.8197631835938,0.2752988934516907,747.4109497070312,1629.8389892578125,0.011401444673538208,428.8914794921875,1030.9251708984375,0.8624404668807983,475.7743835449219,1023.0158081054688,0.013433605432510376,468.2835388183594,1020.0941162109375,0.8380527496337891,484.6925048828125,1060.56591796875,0.7167696952819824,474.39202880859375,1051.4970703125,0.7995777130126953,523.388671875,1045.9222412109375,0.9620182514190674,671.7520141601562,1061.4461669921875,0.5348813533782959
475,395.035888671875,1032.8648681640625,0.15074804425239563,388.9863586425781,1030.3541259765625,0.400063693523407,425.8676452636719,1020.9779663085938,0.002627074718475342,431.8979187011719,1021.7549438476562,0.0020689070224761963,423.6710205078125,1015.5031127929688,0.019891411066055298,545.273681640625,464.70037841796875,0.01546427607536316,420.0723571777344,1011.2225341796875,0.25150758028030396,747.3338012695312,1630.0419921875,0.010838091373443604,429.2297058105469,1030.99951171875,0.8371641635894775,475.4813232421875,1022.8402099609375,0.012436747550964355,468.5334167480469,1019.8311767578125,0.8394798040390015,484.6755065917969,1060.825439453125,0.7119328379631042,474.1866760253906,1051.4871826171875,0.7961030006408691,523.5601806640625,1046.0947265625,0.9625989198684692,671.7090454101562,1061.2857666015625,0.5552228093147278
476,392.52911376953125,1031.8067626953125,0.08206352591514587,397.3449401855469,1032.7523193359375,0.08927711844444275,426.90228271484375,1020.3609619140625,0.006487995386123657,432.369873046875,1020.4368286132812,0.005673527717590332,444.59490966796875,1005.6156005859375,0.05560925602912903,545.1715087890625,464.58758544921875,0.01548612117767334,433.1133117675781,1009.758056640625,0.13889369368553162,431.43310546875,1029.546630859375,0.013355076313018799,429.3007507324219,1031.4715576171875,0.728598952293396,474.6493225097656,1022.32080078125,0.014915406703948975,466.01043701171875,1018.8324584960938,0.7984203100204468,484.2436828613281,1061.2415771484375,0.8150730133056641,477.18365478515625,1055.3753662109375,0.7257114052772522,521.9282836914062,1046.7908935546875,0.9620590209960938,671.9750366210938,1060.9461669921875,0.5413032174110413
477,392.542236328125,1031.6947021484375,0.09407541155815125,392.7825012207031,1033.3502197265625,0.09573677182197571,426.6723937988281,1020.4537353515625,0.008201897144317627,432.5181884765625,1020.4281616210938,0.006999194622039795,444.59930419921875,1005.687744140625,0.06221646070480347,733.6080932617188,1637.56884765625,0.015568047761917114,432.92987060546875,1009.7037353515625,0.1496814489364624,431.003662109375,1029.554443359375,0.016012370586395264,429.09893798828125,1031.4261474609375,0.7257205247879028,474.4869689941406,1022.3526611328125,0.016405940055847168,465.9031677246094,1018.8255004882812,0.7905932664871216,484.31744384765625,1061.154541015625,0.7978975772857666,477.086669921875,1055.1805419921875,0.7262314558029175,522.0992431640625,1046.8509521484375,0.9637781381607056,671.7720336914062,1060.9476318359375,0.35104602575302124
478,393.96063232421875,1030.358642578125,0.07090285420417786,392.6504821777344,1032.419677734375,0.027537286281585693,425.4839782714844,1020.9672241210938,0.005404531955718994,431.6341247558594,1020.6783447265625,0.004895836114883423,443.7960510253906,1006.1768188476562,0.02270716428756714,537.156982421875,467.03619384765625,0.016014575958251953,432.784912109375,1009.418701171875,0.06248113512992859,747.3011474609375,1630.2069091796875,0.011346548795700073,432.104248046875,1032.204345703125,0.7131009697914124,473.6169128417969,1017.5625610351562,0.013247638940811157,465.56744384765625,1018.4970092773438,0.6983678936958313,484.3625183105469,1060.68603515625,0.8171700239181519,476.6148986816406,1054.6064453125,0.753909707069397,521.9744262695312,1047.433837890625,0.9601688385009766,671.8792114257812,1060.9564208984375,0.45125865936279297
479,393.92926025390625,1030.2327880859375,0.06028467416763306,393.4009704589844,1032.51904296875,0.020562201738357544,425.4779968261719,1021.0467529296875,0.005057036876678467,431.5880432128906,1020.7647094726562,0.004743605852127075,443.9337158203125,1006.1032104492188,0.019916057586669922,537.0574340820312,467.05682373046875,0.016037791967391968,432.8702697753906,1009.2774047851562,0.05586838722229004,747.5521240234375,1629.92529296875,0.011175841093063354,431.9394836425781,1032.1209716796875,0.7061116099357605,473.6504821777344,1017.4052124023438,0.013731598854064941,465.53863525390625,1018.397705078125,0.7000117897987366,484.38507080078125,1060.6695556640625,0.8192580938339233,476.6755676269531,1054.6163330078125,0.7497749924659729,521.9627685546875,1047.447021484375,0.960090160369873,671.7728881835938,1061.00439453125,0.48049086332321167
480,395.4025573730469,1031.1160888671875,0.055992841720581055,405.3843994140625,1026.99267578125,0.011124283075332642,426.33880615234375,1021.11279296875,0.007752776145935059,433.0737609863281,1020.6096801757812,0.005510419607162476,425.1501159667969,1015.6463012695312,0.012951463460922241,537.9496459960938,466.90802001953125,0.01616653800010681,432.8207092285156,1008.0791015625,0.020173460245132446,430.5393981933594,1030.8560791015625,0.022943109273910522,429.56085205078125,1029.5784912109375,0.5814122557640076,472.65081787109375,1017.4816284179688,0.013449996709823608,465.1380310058594,1018.9323120117188,0.7205334305763245,484.243408203125,1060.408447265625,0.7782204747200012,474.3250427246094,1053.768310546875,0.6248816251754761,521.9364013671875,1047.8480224609375,0.9660738706588745,668.7103881835938,1062.2137451171875,0.4915383458137512
481,395.4207458496094,1030.992919921875,0.06442272663116455,405.1634521484375,1026.91650390625,0.01277807354927063,426.3376770019531,1021.0795288085938,0.006909847259521484,433.27984619140625,1020.6787719726562,0.005349546670913696,444.484375,1006.32080078125,0.01263129711151123,538.0623779296875,466.9049987792969,0.0162370502948761,432.9273681640625,1007.95654296875,0.02110832929611206,430.20709228515625,1030.8555908203125,0.02101883292198181,429.37261962890625,1029.6021728515625,0.5748517513275146,433.1981506347656,1020.456298828125,0.013702839612960815,465.0314636230469,1019.1048583984375,0.7383764386177063,484.19329833984375,1060.11767578125,0.7633950710296631,473.66827392578125,1053.2607421875,0.6305468082427979,521.9104614257812,1047.8348388671875,0.9681696891784668,668.7636108398438,1062.1646728515625,0.5112015008926392
482,428.9180908203125,1019.3762817382812,0.008267492055892944,380.0451965332031,1033.415771484375,0.0065468549728393555,424.44927978515625,1022.6964111328125,0.003595113754272461,432.6299743652344,1021.833251953125,0.003157883882522583,426.7503356933594,1017.2098999023438,0.011330962181091309,537.8756103515625,467.0882568359375,0.015949875116348267,418.17230224609375,1014.7904663085938,0.018733203411102295,400.4596252441406,1047.3426513671875,0.012349128723144531,430.8353576660156,1033.3037109375,0.6043012142181396,434.2103576660156,1023.1134643554688,0.017847895622253418,464.01898193359375,1019.0534057617188,0.7369754314422607,484.4970703125,1061.3515625,0.849520206451416,473.0498962402344,1055.479736328125,0.5126514434814453,521.9615478515625,1048.4686279296875,0.9644004106521606,667.9781494140625,1062.67919921875,0.6498938798904419
483,428.81622314453125,1019.3883666992188,0.008217394351959229,380.096435546875,1033.33544921875,0.005822211503982544,424.30548095703125,1022.6858520507812,0.0034052133560180664,432.5382080078125,1021.924072265625,0.0031508803367614746,426.8662109375,1017.1741943359375,0.01048499345779419,537.8903198242188,467.0755310058594,0.015908539295196533,417.9064636230469,1014.853759765625,0.017543017864227295,400.3926086425781,1047.0291748046875,0.016344904899597168,430.19525146484375,1033.4295654296875,0.5746403932571411,433.8805847167969,1023.0608520507812,0.018387794494628906,463.9417419433594,1019.1612548828125,0.7399484515190125,484.3983459472656,1061.4444580078125,0.8506467938423157,473.0484924316406,1055.5772705078125,0.513827383518219,521.945068359375,1048.4356689453125,0.9639496803283691,667.9874877929688,1062.8916015625,0.6045094132423401
484,435.47900390625,1024.372314453125,0.0013295114040374756,541.0498046875,446.9706726074219,0.0038841962814331055,827.4287109375,1261.7418212890625,0.0004013478755950928,434.95611572265625,1031.90283203125,0.0004335641860961914,427.1081237792969,1027.6298828125,0.0014922022819519043,538.4700317382812,467.12774658203125,0.01577591896057129,770.8438720703125,1643.475830078125,0.004631251096725464,747.5936889648438,1629.9219970703125,0.011667817831039429,424.7007141113281,1032.1285400390625,0.1947917938232422,471.58251953125,1029.9478759765625,0.004726290702819824,462.2253723144531,1018.5238647460938,0.5150084495544434,481.0087890625,1062.8729248046875,0.8822228908538818,458.3367919921875,1042.5255126953125,0.3003455400466919,521.1643676757812,1049.1422119140625,0.95527184009552,667.1746826171875,1063.0872802734375,0.34013715386390686
485,797.6190795898438,1757.116943359375,0.0014105141162872314,541.0714721679688,447.0169982910156,0.003836333751678467,827.3370361328125,1261.7840576171875,0.0003981292247772217,435.5611267089844,1032.34814453125,0.0003921687602996826,427.1540222167969,1027.794677734375,0.0016610026359558105,743.5828857421875,1639.72021484375,0.016160935163497925,773.1947021484375,1647.1087646484375,0.005321919918060303,747.3488159179688,1630.5684814453125,0.01138395071029663,433.65435791015625,1034.17041015625,0.16954398155212402,471.7178649902344,1029.6275634765625,0.006483703851699829,462.08135986328125,1018.2291259765625,0.4667675793170929,480.9684143066406,1062.7091064453125,0.8757256269454956,457.6727600097656,1042.3314208984375,0.35545623302459717,521.1536254882812,1049.18115234375,0.9572193622589111,669.51904296875,1062.2408447265625,0.4033431112766266
486,428.94708251953125,1031.7666015625,0.005763888359069824,541.0107421875,446.8313903808594,0.003889918327331543,426.97265625,1038.5006103515625,0.00040540099143981934,435.5450744628906,1033.35302734375,0.001467972993850708,431.1233825683594,1008.4465942382812,0.00499492883682251,743.6170654296875,1639.802490234375,0.015851914882659912,424.5152282714844,1009.4933471679688,0.014442384243011475,747.2694091796875,1630.5078125,0.011520624160766602,432.7063293457031,1030.3116455078125,0.12160894274711609,457.5450439453125,1014.6441650390625,0.003245413303375244,461.2340087890625,1018.50244140625,0.41545432806015015,482.1393737792969,1062.8597412109375,0.9271954298019409,457.9371643066406,1044.0594482421875,0.37917518615722656,521.2958374023438,1048.9779052734375,0.9570895433425903,669.6454467773438,1062.6058349609375,0.3553365468978882
487,429.3604736328125,1031.623779296875,0.004135996103286743,540.9561157226562,446.93365478515625,0.0038481056690216064,426.57232666015625,1038.5614013671875,0.00033783912658691406,435.9122314453125,1033.391357421875,0.0011470913887023926,455.0282287597656,1005.7962036132812,0.003603816032409668,743.6976318359375,1639.7685546875,0.0162392258644104,424.6651916503906,1009.2666625976562,0.015872985124588013,747.3052978515625,1630.5648193359375,0.011398136615753174,432.95538330078125,1030.259033203125,0.12300726771354675,457.7587585449219,1014.9462890625,0.003938049077987671,462.136962890625,1018.9642333984375,0.4030923545360565,481.4654235839844,1062.8775634765625,0.9291960000991821,458.6764221191406,1044.9801025390625,0.3799476623535156,521.237060546875,1049.2489013671875,0.9466445446014404,669.7109375,1062.504150390625,0.25502368807792664
488,413.72027587890625,1026.7913818359375,0.0043527185916900635,540.9136352539062,446.7532958984375,0.0038417577743530273,414.7181396484375,1018.4468383789062,0.0004616677761077881,434.5199279785156,1032.8453369140625,0.0010130107402801514,428.3462219238281,1029.602783203125,0.0021633803844451904,743.7315063476562,1639.7791748046875,0.01613125205039978,773.1747436523438,1647.142333984375,0.005283653736114502,747.3561401367188,1630.5980224609375,0.011133790016174316,433.458740234375,1029.346923828125,0.10343503952026367,466.0818786621094,1030.2103271484375,0.003152787685394287,460.3168640136719,1016.742431640625,0.24379044771194458,480.230712890625,1063.04638671875,0.9120007753372192,450.2579345703125,1046.939697265625,0.295780211687088,521.3536376953125,1049.7945556640625,0.9492833018302917,669.3269653320312,1062.1407470703125,0.4077773988246918
489,413.719970703125,1026.6192626953125,0.003905564546585083,540.9389038085938,446.7720947265625,0.0038293302059173584,414.6868591308594,1018.4800415039062,0.0003941059112548828,434.66448974609375,1032.690185546875,0.00104445219039917,428.58331298828125,1029.3984375,0.002101421356201172,743.552490234375,1639.852294921875,0.015587031841278076,773.174560546875,1647.1160888671875,0.005205988883972168,747.2127075195312,1630.37939453125,0.011124789714813232,433.3396911621094,1029.330322265625,0.0964784324169159,456.95489501953125,1014.0045776367188,0.0038795769214630127,460.3643493652344,1016.744140625,0.24602043628692627,480.1995544433594,1063.00830078125,0.9113613367080688,450.17034912109375,1046.8359375,0.30266982316970825,521.4061279296875,1049.8106689453125,0.9509243965148926,669.137939453125,1062.183837890625,0.4737132787704468
490,409.75286865234375,1033.164794921875,0.004845231771469116,540.9508666992188,446.8376159667969,0.003814995288848877,827.8699951171875,1276.5604248046875,0.0003215670585632324,433.9143371582031,1033.41162109375,0.0007846355438232422,747.774169921875,1260.8426513671875,0.0011395812034606934,733.611083984375,1637.634521484375,0.015542328357696533,773.12060546875,1647.237548828125,0.0053556859493255615,747.380859375,1630.5694580078125,0.011001348495483398,435.9984436035156,1029.564453125,0.10347914695739746,456.75433349609375,1014.3672485351562,0.005912303924560547,459.5878601074219,1015.5830688476562,0.17668497562408447,478.3630065917969,1064.0673828125,0.9419105052947998,453.78277587890625,1042.260498046875,0.4047969579696655,521.1202392578125,1049.73486328125,0.9541547298431396,665.8739013671875,1063.2017822265625,0.40471020340919495
491,409.7105712890625,1033.0164794921875,0.005540192127227783,540.9261474609375,446.8320617675781,0.0038069188594818115,827.8378295898438,1276.6944580078125,0.00023177266120910645,434.41595458984375,1033.161376953125,0.0006002187728881836,425.9715881347656,1022.41162109375,0.0010588765144348145,733.4978637695312,1637.60205078125,0.015096664428710938,772.8839111328125,1647.1500244140625,0.00535169243812561,747.1206665039062,1630.3641357421875,0.010653793811798096,418.44024658203125,1029.6048583984375,0.11647140979766846,466.1632080078125,1028.874755859375,0.006302386522293091,459.8949890136719,1016.2052001953125,0.1438916027545929,478.14990234375,1064.076171875,0.9460350275039673,453.8750305175781,1042.9193115234375,0.4022594094276428,521.1407470703125,1049.6666259765625,0.9543373584747314,665.8653564453125,1063.2354736328125,0.409715473651886
492,413.4184265136719,1032.6741943359375,0.004669636487960815,378.2922668457031,1053.703857421875,0.004340559244155884,411.27667236328125,1016.7173461914062,0.00021961331367492676,419.7274475097656,1033.5562744140625,0.0005255043506622314,428.9247741699219,1030.0732421875,0.0012245774269104004,743.3359375,1639.759765625,0.015142381191253662,772.9560546875,1647.0931396484375,0.005222588777542114,747.2152099609375,1630.197265625,0.010881155729293823,414.9830627441406,1031.47900390625,0.08053946495056152,466.015380859375,1030.4508056640625,0.006171315908432007,454.9232177734375,1020.3087768554688,0.11985459923744202,477.6757507324219,1065.399169921875,0.9551278352737427,454.0097961425781,1043.1302490234375,0.30751752853393555,519.5134887695312,1049.2752685546875,0.9539271593093872,665.6163940429688,1063.28955078125,0.3991375267505646
493,412.88275146484375,1033.215576171875,0.004643291234970093,378.1603088378906,1054.0301513671875,0.008015453815460205,810.9448852539062,1262.917236328125,0.00020897388458251953,418.87060546875,1033.9754638671875,0.00044223666191101074,426.95660400390625,1022.9180297851562,0.0013687610626220703,733.03955078125,1637.55078125,0.014415651559829712,772.9197998046875,1647.1776123046875,0.0052224695682525635,481.05438232421875,436.97015380859375,0.010582387447357178,416.1943054199219,1031.2393798828125,0.08508482575416565,466.1366271972656,1029.9884033203125,0.0063943564891815186,454.9942626953125,1020.033203125,0.11839857697486877,478.1625061035156,1065.4642333984375,0.9625949263572693,453.583251953125,1043.081298828125,0.3474542498588562,519.8015747070312,1049.1322021484375,0.9553560018539429,665.7117919921875,1063.361572265625,0.40102463960647583
494,425.3936767578125,1027.9676513671875,0.005509704351425171,540.8662109375,446.7884826660156,0.0039389729499816895,811.0718383789062,1262.914794921875,0.0002403557300567627,434.083740234375,1030.2786865234375,0.0006760656833648682,429.73974609375,1026.892578125,0.0012434720993041992,732.5028076171875,1637.359130859375,0.013414621353149414,772.9814453125,1647.386474609375,0.005161315202713013,481.123779296875,436.7576904296875,0.010282844305038452,414.74298095703125,1028.76904296875,0.05424374341964722,432.59197998046875,1020.5228881835938,0.004213422536849976,459.66455078125,1016.8140258789062,0.08116745948791504,480.62774658203125,1064.6805419921875,0.9599431753158569,453.5639343261719,1042.0828857421875,0.3097102642059326,519.5369873046875,1048.9349365234375,0.9561941623687744,665.629638671875,1063.31103515625,0.3642774820327759
495,425.3673400878906,1027.93994140625,0.006047666072845459,540.8766479492188,446.7941589355469,0.0039727091789245605,811.1275634765625,1262.7904052734375,0.00024065375328063965,434.35174560546875,1030.1285400390625,0.0007461011409759521,430.1944274902344,1026.55712890625,0.0013949871063232422,732.5390014648438,1637.376953125,0.01339709758758545,770.5438842773438,1643.891357421875,0.004976153373718262,396.39605712890625,1034.97607421875,0.010761469602584839,414.494140625,1028.8338623046875,0.06585347652435303,432.5909729003906,1020.5043334960938,0.0051621198654174805,459.6346130371094,1017.0510864257812,0.08508050441741943,480.5142822265625,1064.6556396484375,0.9570153951644897,453.6904296875,1042.20751953125,0.31605297327041626,519.4063110351562,1048.9652099609375,0.957431435585022,665.6028442382812,1063.2418212890625,0.35663849115371704
496,409.21240234375,1029.9837646484375,0.0032328665256500244,540.866943359375,446.767578125,0.003959357738494873,811.5094604492188,1262.8450927734375,0.0005067288875579834,417.7459411621094,1030.9154052734375,0.0006244480609893799,412.67742919921875,1027.6361083984375,0.002390235662460327,726.9241943359375,1636.4359130859375,0.013940513134002686,772.9127197265625,1647.1221923828125,0.004998058080673218,383.7208557128906,1032.984619140625,0.02382943034172058,412.9452819824219,1026.470703125,0.1060073971748352,473.4606018066406,1030.0892333984375,0.006798803806304932,460.54736328125,1016.8901977539062,0.06319823861122131,480.2395935058594,1064.2137451171875,0.9585626125335693,448.3982849121094,1039.1729736328125,0.45473337173461914,518.7891845703125,1049.0164794921875,0.9505143165588379,665.6043701171875,1062.860107421875,0.38948267698287964
497,409.111328125,1029.89306640625,0.003291398286819458,540.8759155273438,446.77032470703125,0.003971397876739502,811.8971557617188,1263.24609375,0.00042366981506347656,417.5796203613281,1030.802490234375,0.0006380975246429443,412.63104248046875,1027.5640869140625,0.00237274169921875,732.7125854492188,1637.4990234375,0.014350861310958862,772.8567504882812,1647.155029296875,0.004986554384231567,383.4826354980469,1033.1044921875,0.022634774446487427,412.84814453125,1026.486572265625,0.09692844748497009,473.497314453125,1030.1015625,0.007091492414474487,460.59954833984375,1016.8942260742188,0.06585890054702759,480.2059326171875,1064.072509765625,0.9577252864837646,448.4107666015625,1039.2164306640625,0.4586193561553955,518.6779174804688,1049.0113525390625,0.9506951570510864,665.7073364257812,1062.951171875,0.42031997442245483
498,409.9874267578125,1029.1671142578125,0.004356086254119873,540.9237060546875,446.8237609863281,0.003988534212112427,811.5202026367188,1245.4873046875,0.00015679001808166504,417.7132263183594,1030.91943359375,0.0007537603378295898,412.66375732421875,1029.2340087890625,0.0006684660911560059,732.7047119140625,1637.436767578125,0.014103412628173828,770.5039672851562,1643.785400390625,0.0048789381980896,388.38043212890625,1032.6492919921875,0.03208324313163757,414.2179870605469,1026.1839599609375,0.22471433877944946,473.83514404296875,1029.844970703125,0.007355391979217529,459.3547668457031,1016.4810791015625,0.0978509783744812,480.5205383300781,1064.1475830078125,0.9657408595085144,447.52435302734375,1038.6627197265625,0.39225566387176514,518.408447265625,1049.841064453125,0.9470461010932922,665.8663940429688,1063.1175537109375,0.3327178657054901
499,409.9852294921875,1029.1690673828125,0.0043579936027526855,540.9237060546875,446.8237609863281,0.003988474607467651,811.5202026367188,1245.4873046875,0.00015679001808166504,417.71099853515625,1030.9202880859375,0.0007538199424743652,412.66259765625,1029.234375,0.0006681680679321289,732.7047119140625,1637.436767578125,0.014103412628173828,770.5039672851562,1643.785400390625,0.0048789381980896,388.3809814453125,1032.6500244140625,0.03209230303764343,414.2171630859375,1026.1837158203125,0.2246677279472351,473.83563232421875,1029.8421630859375,0.007424145936965942,459.3546142578125,1016.48486328125,0.0976594090461731,480.52001953125,1064.148193359375,0.9657332897186279,447.5257568359375,1038.6630859375,0.3919796645641327,518.4097290039062,1049.8385009765625,0.9470657110214233,665.866455078125,1063.1175537109375,0.33270037174224854
500,411.1636047363281,1030.22607421875,0.0011692941188812256,541.04150390625,446.72308349609375,0.004019111394882202,812.2152099609375,1247.0428466796875,0.0003420114517211914,432.20892333984375,1029.4573974609375,0.00025388598442077637,447.0768127441406,1006.281005859375,0.0009667873382568359,546.0457763671875,464.3036804199219,0.013859212398529053,773.6491088867188,1647.4158935546875,0.006057322025299072,481.1827697753906,436.6559143066406,0.009415507316589355,415.9066162109375,1029.4515380859375,0.16964077949523926,454.8353271484375,1018.3418579101562,0.031293898820877075,455.4303283691406,1019.1170043945312,0.5867065787315369,477.9632568359375,1065.028564453125,0.9549981355667114,444.6974182128906,1040.979248046875,0.6943805813789368,519.5923461914062,1049.1876220703125,0.9589961171150208,666.3789672851562,1062.1707763671875,0.5889357924461365
501,411.1999816894531,1030.1278076171875,0.0011278986930847168,541.0181274414062,446.6622619628906,0.004068851470947266,825.9259643554688,1261.40478515625,0.0003650784492492676,432.066650390625,1029.3648681640625,0.0002569258213043213,447.1965637207031,1006.285400390625,0.0010203421115875244,539.0350952148438,466.6787414550781,0.013691306114196777,773.5935668945312,1647.3984375,0.006081134080886841,481.2148742675781,436.72149658203125,0.009537488222122192,416.1748046875,1029.397216796875,0.1753753423690796,454.84930419921875,1018.3051147460938,0.030319005250930786,455.499267578125,1019.078857421875,0.583139181137085,477.9492492675781,1064.9857177734375,0.9552875757217407,444.6416320800781,1040.88037109375,0.6935057044029236,519.5966186523438,1049.19677734375,0.9588055610656738,666.4136962890625,1062.1849365234375,0.5874459743499756
502,796.7739868164062,1758.1800537109375,0.0010998845100402832,541.0524291992188,446.6659240722656,0.004013478755950928,826.1482543945312,1261.3779296875,0.0004126131534576416,415.1623229980469,1031.3873291015625,0.0003409087657928467,446.8169250488281,1006.4832763671875,0.0012143254280090332,545.8948364257812,464.2212829589844,0.01368209719657898,773.541015625,1647.382080078125,0.006109654903411865,481.2796936035156,436.6323547363281,0.009305238723754883,413.1082458496094,1025.5224609375,0.4029579162597656,454.93060302734375,1017.5460205078125,0.047561079263687134,455.43798828125,1016.3768310546875,0.6242611408233643,477.32684326171875,1063.5863037109375,0.9350131154060364,442.13934326171875,1041.937744140625,0.6927942037582397,519.3296508789062,1048.8587646484375,0.9646837711334229,666.6755981445312,1062.167236328125,0.6429685354232788
503,796.7738037109375,1758.179931640625,0.0010998249053955078,541.043701171875,446.7665100097656,0.003987103700637817,795.7625122070312,1263.32568359375,0.0003064870834350586,414.9466857910156,1031.3660888671875,0.0003439784049987793,446.7314453125,1006.3090209960938,0.0012209117412567139,545.9026489257812,464.2278137207031,0.013957768678665161,773.5400390625,1647.38134765625,0.006110548973083496,481.29144287109375,436.6602783203125,0.009322673082351685,413.3245849609375,1025.1793212890625,0.377189964056015,455.0019226074219,1017.60009765625,0.04767671227455139,455.6728210449219,1016.4469604492188,0.6148244142532349,477.31561279296875,1063.43212890625,0.9339026212692261,442.2371826171875,1041.845703125,0.696905791759491,519.3328857421875,1048.9310302734375,0.9637534618377686,666.82080078125,1062.24169921875,0.6493841409683228
504,796.808349609375,1758.189208984375,0.0011199116706848145,541.0239868164062,446.7272033691406,0.004026681184768677,826.3695678710938,1260.6339111328125,0.0009622871875762939,415.245849609375,1038.227783203125,0.0001989603042602539,433.62451171875,1014.2415161132812,0.0016065537929534912,545.7814331054688,464.1340637207031,0.013855606317520142,421.77899169921875,1012.1319580078125,0.009060442447662354,481.2933044433594,436.6354675292969,0.009257972240447998,411.6722412109375,1028.1881103515625,0.6611005067825317,471.0314025878906,1029.31494140625,0.04798606038093567,459.24432373046875,1017.392333984375,0.8342480063438416,470.7095642089844,1063.5535888671875,0.9199687242507935,458.4781494140625,1055.15869140625,0.5611366033554077,518.881591796875,1048.85693359375,0.9503767490386963,666.7760009765625,1062.3115234375,0.5612314939498901
505,796.7898559570312,1758.2373046875,0.0011748969554901123,541.0169677734375,446.7164611816406,0.004029184579849243,825.8085327148438,1260.743408203125,0.0011501312255859375,414.97772216796875,1032.429931640625,0.000210493803024292,433.4452209472656,1014.1854858398438,0.0017338991165161133,545.7738647460938,464.15679931640625,0.013841331005096436,421.8076171875,1012.3292846679688,0.008545935153961182,481.3050537109375,436.6447448730469,0.00926274061203003,411.74053955078125,1028.3060302734375,0.6557506918907166,470.8957824707031,1029.91943359375,0.035598933696746826,458.9242248535156,1017.1070556640625,0.8101921677589417,470.7071533203125,1063.80810546875,0.9196529388427734,458.08770751953125,1055.0169677734375,0.5399860143661499,519.0067749023438,1048.5963134765625,0.9549503326416016,666.6414794921875,1062.177978515625,0.5661225914955139
506,388.1794738769531,1034.362060546875,0.014946281909942627,374.77545166015625,1034.2640380859375,0.05083093047142029,394.21142578125,1019.4478149414062,0.001315295696258545,417.56085205078125,1018.8780517578125,0.0016118288040161133,394.72796630859375,1016.9036865234375,0.015076667070388794,545.8086547851562,464.15692138671875,0.01399153470993042,414.75762939453125,1012.25390625,0.05505743622779846,408.4283752441406,1043.0535888671875,0.025410443544387817,404.3265686035156,1032.764892578125,0.7527119517326355,472.0482482910156,1029.185791015625,0.043045252561569214,464.5426330566406,1021.59619140625,0.8360421657562256,471.78265380859375,1064.4525146484375,0.6710006594657898,458.8731384277344,1053.147705078125,0.7746949791908264,519.1641235351562,1048.592041015625,0.9597249031066895,666.599609375,1062.255615234375,0.5213902592658997
507,388.1540222167969,1034.3511962890625,0.014296352863311768,375.0010681152344,1034.27783203125,0.04613679647445679,408.0068054199219,1018.5863037109375,0.0012410283088684082,417.2302551269531,1018.8195190429688,0.001525282859802246,394.67303466796875,1016.733154296875,0.014404147863388062,545.6961669921875,464.0857238769531,0.013726115226745605,414.98199462890625,1012.1976928710938,0.06459355354309082,390.5191650390625,1037.5374755859375,0.024656832218170166,404.50543212890625,1032.718017578125,0.7446390986442566,472.2809143066406,1028.7845458984375,0.052116990089416504,464.7139587402344,1021.4789428710938,0.8517163991928101,471.6975402832031,1065.064208984375,0.6673223376274109,459.4779052734375,1053.7049560546875,0.7690723538398743,519.0784912109375,1048.5955810546875,0.9577376842498779,666.5253295898438,1061.9932861328125,0.570064127445221
508,394.685791015625,1033.930419921875,0.015501052141189575,391.0609436035156,1019.7271728515625,0.02281227707862854,408.3037414550781,1019.4342651367188,0.0018017888069152832,413.6014099121094,1018.7784423828125,0.003801286220550537,430.4449157714844,1013.8526611328125,0.01302078366279602,538.7074584960938,466.8856201171875,0.014390259981155396,416.0502014160156,1013.7355346679688,0.08576810359954834,409.9757385253906,1042.0919189453125,0.023959696292877197,408.3803405761719,1032.193115234375,0.552389919757843,471.4427185058594,1028.0404052734375,0.021338552236557007,465.0157775878906,1019.9764404296875,0.8795180320739746,470.0915222167969,1067.185302734375,0.6597127914428711,469.5949401855469,1059.579345703125,0.5490605235099792,519.2689208984375,1049.0985107421875,0.9634718894958496,666.7600708007812,1062.0677490234375,0.5863629579544067
509,394.6208801269531,1033.8323974609375,0.015279173851013184,391.0617370605469,1019.8780517578125,0.021550655364990234,400.92535400390625,1019.6624145507812,0.0018448829650878906,413.5684509277344,1018.7699584960938,0.004105746746063232,430.4413146972656,1013.8802490234375,0.012693405151367188,545.6824340820312,464.3172302246094,0.0139942467212677,416.0220642089844,1013.7516479492188,0.09429273009300232,409.92999267578125,1042.1527099609375,0.022862344980239868,408.091064453125,1032.1787109375,0.540945291519165,471.35546875,1028.32666015625,0.020741194486618042,464.9634704589844,1019.96240234375,0.8774726986885071,470.6651306152344,1065.9244384765625,0.6813288331031799,469.7890930175781,1059.7894287109375,0.5396177172660828,519.3458251953125,1049.123046875,0.961432933807373,666.5509643554688,1062.032958984375,0.6007338166236877
510,397.7831726074219,1035.189453125,0.016248881816864014,362.39117431640625,1034.097900390625,0.0371992290019989,416.3935546875,1019.5770263671875,0.0018937885761260986,431.0284118652344,1019.1646728515625,0.0029639601707458496,418.1118469238281,1014.9649658203125,0.015676677227020264,538.4655151367188,466.692626953125,0.014787495136260986,417.6018371582031,1012.71044921875,0.17668744921684265,481.42657470703125,436.69000244140625,0.009158015251159668,418.29083251953125,1030.5419921875,0.5143980383872986,472.2819519042969,1025.9854736328125,0.023155778646469116,464.0946044921875,1018.9989013671875,0.925976037979126,468.29888916015625,1066.63134765625,0.808054506778717,460.4794006347656,1047.3548583984375,0.4093095064163208,518.2508544921875,1048.7138671875,0.9652548432350159,666.8447875976562,1062.023193359375,0.5160496830940247
511,397.9429016113281,1035.3369140625,0.012436449527740479,391.760009765625,1020.8850708007812,0.03506278991699219,416.343017578125,1019.4739379882812,0.001814514398574829,431.02288818359375,1018.9923095703125,0.002763599157333374,418.21954345703125,1014.9744873046875,0.014868378639221191,538.4837646484375,466.70343017578125,0.014758080244064331,417.75689697265625,1012.680419921875,0.15964943170547485,487.590576171875,436.7766418457031,0.00910574197769165,418.37774658203125,1030.6259765625,0.5373369455337524,472.4976501464844,1026.3919677734375,0.023979216814041138,463.8811950683594,1018.9622192382812,0.9206151962280273,468.47637939453125,1066.716064453125,0.8258635401725769,460.3633117675781,1047.5433349609375,0.3974885642528534,518.414794921875,1048.686279296875,0.9665334224700928,666.8810424804688,1062.0245361328125,0.5122041702270508
512,410.5160827636719,1042.6038818359375,0.027847200632095337,392.645263671875,1020.7272338867188,0.14515528082847595,409.2926940917969,1018.037841796875,0.0028399527072906494,413.7948303222656,1016.7798461914062,0.005487889051437378,455.6662902832031,1006.8973388671875,0.01744946837425232,538.3976440429688,467.0672607421875,0.015287846326828003,423.3366394042969,1013.62158203125,0.25579914450645447,481.402099609375,436.7102966308594,0.009186148643493652,420.32330322265625,1030.24462890625,0.4755324125289917,459.05810546875,1016.0806274414062,0.057391345500946045,463.0101013183594,1021.7857055664062,0.9449427723884583,465.21343994140625,1062.6695556640625,0.7180456519126892,458.7510986328125,1053.7584228515625,0.4658409357070923,518.7688598632812,1046.8397216796875,0.965328574180603,666.3024291992188,1061.7916259765625,0.5274823904037476
513,410.5975036621094,1042.39794921875,0.028212428092956543,392.3162536621094,1020.62890625,0.14338204264640808,409.41265869140625,1018.1923217773438,0.002950012683868408,413.66143798828125,1016.9241333007812,0.005519300699234009,417.8936767578125,1013.9744873046875,0.01476028561592102,538.3063354492188,467.0428466796875,0.01509132981300354,423.3064880371094,1013.6400146484375,0.24797576665878296,481.4373779296875,436.7896728515625,0.009426712989807129,420.1446228027344,1029.9454345703125,0.4504269063472748,459.2244873046875,1016.134765625,0.05680397152900696,462.91009521484375,1021.5584716796875,0.9445867538452148,465.077880859375,1062.785400390625,0.6950078010559082,458.8075866699219,1054.13720703125,0.45777472853660583,518.6408081054688,1046.8017578125,0.9623411893844604,667.0877075195312,1061.8388671875,0.5621346831321716
514,402.4231872558594,1027.5562744140625,0.06475582718849182,401.53314208984375,1050.0826416015625,0.029135018587112427,401.6054992675781,1019.095703125,0.0030022263526916504,412.00897216796875,1019.5545043945312,0.006658375263214111,428.4171142578125,1012.7162475585938,0.010812103748321533,538.0661010742188,466.9769287109375,0.014818012714385986,420.2562561035156,1014.0892333984375,0.24053317308425903,384.7618713378906,1045.284423828125,0.016768217086791992,420.0317687988281,1030.9993896484375,0.4948578476905823,461.2555847167969,1019.5891723632812,0.06867766380310059,463.9961853027344,1021.8678588867188,0.9610539078712463,464.0470275878906,1062.37060546875,0.5262574553489685,456.61810302734375,1052.2413330078125,0.4528142213821411,518.220947265625,1045.7530517578125,0.9591127634048462,668.0760498046875,1061.2965087890625,0.5258898735046387
515,402.40399169921875,1027.62744140625,0.06743729114532471,401.3480529785156,1050.2039794921875,0.03136828541755676,401.5060119628906,1019.0850219726562,0.0031179189682006836,411.93756103515625,1019.3822631835938,0.006989628076553345,429.57598876953125,1008.99267578125,0.01187846064567566,538.2239379882812,467.044677734375,0.015167951583862305,420.1551513671875,1014.1375732421875,0.2615516185760498,384.689697265625,1045.1802978515625,0.01678648591041565,419.8753662109375,1031.098388671875,0.5117849707603455,461.2149963378906,1019.6670532226562,0.06387642025947571,463.83294677734375,1021.8197021484375,0.9595338106155396,464.0031433105469,1062.4730224609375,0.5170081257820129,456.6259460449219,1052.30712890625,0.4440567195415497,518.451416015625,1045.9522705078125,0.9625500440597534,668.0679931640625,1061.2955322265625,0.5550189018249512
516,396.8050537109375,1051.29052734375,0.21546891331672668,395.1208190917969,1050.4759521484375,0.21537214517593384,410.1820983886719,1019.7392578125,0.0057981014251708984,415.339599609375,1018.1038208007812,0.016736000776290894,428.03955078125,1010.2264404296875,0.03349405527114868,538.0422973632812,467.189453125,0.014896303415298462,423.5679931640625,1014.2898559570312,0.2923564910888672,420.5614318847656,1025.472412109375,0.023781627416610718,424.2765197753906,1027.8779296875,0.2737201154232025,461.461669921875,1019.2603759765625,0.056219786405563354,463.49444580078125,1021.2974853515625,0.9370574355125427,464.9603576660156,1061.0,0.3263765573501587,456.44049072265625,1048.90283203125,0.41608142852783203,519.1564331054688,1046.2142333984375,0.9701171517372131,667.6666870117188,1060.687255859375,0.5964921116828918
517,396.65789794921875,1051.140625,0.21405178308486938,381.2704772949219,1025.3553466796875,0.20159462094306946,409.8740234375,1019.6287231445312,0.00595545768737793,415.3135986328125,1018.245849609375,0.0184919536113739,427.8957214355469,1010.2418212890625,0.03076079487800598,537.8226928710938,467.2674255371094,0.015156000852584839,423.4482727050781,1014.17626953125,0.28668391704559326,420.12237548828125,1025.5987548828125,0.020944565534591675,424.0447998046875,1027.951171875,0.2815159559249878,461.27850341796875,1019.4143676757812,0.055812716484069824,463.4295959472656,1021.3573608398438,0.9381383657455444,464.99102783203125,1061.0367431640625,0.3188413381576538,456.3493347167969,1048.7991943359375,0.423199862241745,519.0805053710938,1046.1678466796875,0.9700890183448792,667.735595703125,1060.65478515625,0.6152307391166687
518,415.4523010253906,1019.4987182617188,0.10245886445045471,396.2409973144531,1051.3701171875,0.15600937604904175,411.54327392578125,1020.6357421875,0.003593653440475464,416.74127197265625,1020.3086547851562,0.02995738387107849,428.4704895019531,1008.1680297851562,0.030528932809829712,537.7572021484375,467.3720397949219,0.015680938959121704,420.4941711425781,1011.3468017578125,0.3606312870979309,429.908203125,1028.7303466796875,0.012708991765975952,424.5432434082031,1029.4013671875,0.4472033977508545,461.7003479003906,1019.009521484375,0.04524460434913635,464.2250061035156,1022.0523071289062,0.9402347803115845,465.8939208984375,1062.0523681640625,0.2666753828525543,456.6805114746094,1050.859619140625,0.34083712100982666,519.3899536132812,1045.5860595703125,0.9729191660881042,668.6259765625,1060.079833984375,0.7225390672683716
519,415.61065673828125,1019.5177001953125,0.13434547185897827,396.27960205078125,1051.360107421875,0.15558695793151855,411.4096984863281,1020.9896240234375,0.004543423652648926,416.95928955078125,1020.4751586914062,0.038980066776275635,404.6102600097656,1012.3746337890625,0.02776104211807251,537.526123046875,467.3968505859375,0.015599817037582397,422.5882263183594,1012.9388427734375,0.32925522327423096,429.6535949707031,1028.4521484375,0.012982696294784546,424.2339782714844,1029.5914306640625,0.45455798506736755,461.6053466796875,1019.0751953125,0.03557866811752319,464.23065185546875,1022.4251098632812,0.9414224028587341,466.4066162109375,1061.9637451171875,0.2861403822898865,456.8258056640625,1050.2381591796875,0.3828571140766144,518.6453247070312,1045.771484375,0.9699286818504333,668.3088989257812,1059.9326171875,0.7296748757362366
520,411.5216979980469,1055.1402587890625,0.20346900820732117,387.0093688964844,1013.9132080078125,0.13491854071617126,421.11492919921875,1020.5940551757812,0.006363570690155029,415.93255615234375,1016.3516845703125,0.027817636728286743,431.63238525390625,999.1749877929688,0.018461942672729492,537.7271118164062,467.5840759277344,0.01569715142250061,421.7462463378906,1005.095947265625,0.5355607867240906,426.59375,1029.6982421875,0.06608200073242188,420.9737243652344,1043.278564453125,0.7177249789237976,462.0647277832031,1015.4154663085938,0.04745393991470337,465.21380615234375,1018.681884765625,0.9218131899833679,468.8333740234375,1061.630615234375,0.514227569103241,458.31890869140625,1051.155029296875,0.5011748671531677,517.765625,1045.9654541015625,0.9690076112747192,667.8966674804688,1059.94970703125,0.7111718058586121
521,411.5149230957031,1055.123046875,0.2350163459777832,387.4373474121094,1014.3237915039062,0.13169416785240173,421.52490234375,1020.7705078125,0.006706207990646362,416.02459716796875,1017.3770751953125,0.030658364295959473,431.8069152832031,999.4706420898438,0.017942041158676147,537.6787719726562,467.520263671875,0.015731751918792725,422.0647888183594,1005.4161987304688,0.5346616506576538,427.03118896484375,1029.60595703125,0.05943313241004944,420.7396545410156,1042.85986328125,0.6993139386177063,461.9742431640625,1015.4854125976562,0.05051413178443909,465.1483154296875,1018.7899780273438,0.9223474264144897,468.76202392578125,1061.6832275390625,0.5267852544784546,458.43817138671875,1051.345947265625,0.502428412437439,517.43115234375,1046.0767822265625,0.9683569669723511,667.7800903320312,1059.8082275390625,0.7572425603866577
522,405.9095764160156,1018.7857055664062,0.11715462803840637,386.9267883300781,1004.4264526367188,0.3838198184967041,379.69158935546875,1017.3723754882812,0.004753738641738892,415.28204345703125,1019.2316284179688,0.006033778190612793,447.2863464355469,1001.0404052734375,0.01428869366645813,537.9541625976562,467.6099853515625,0.015038132667541504,423.6377258300781,1003.8047485351562,0.37555792927742004,399.8121032714844,1050.3056640625,0.027549773454666138,423.28656005859375,1041.3363037109375,0.3401455283164978,459.0766906738281,1014.1123046875,0.027261942625045776,461.6963806152344,1020.3153076171875,0.855520486831665,459.1539306640625,1059.6951904296875,0.3102390766143799,454.0458679199219,1047.638427734375,0.45933273434638977,516.2891845703125,1046.4671630859375,0.9480074644088745,666.4237060546875,1059.6893310546875,0.7311888933181763
523,405.91888427734375,1018.9618530273438,0.10986202955245972,386.7608642578125,1003.9686889648438,0.36752235889434814,379.5491027832031,1017.37841796875,0.004557371139526367,415.2466735839844,1019.2338256835938,0.005866497755050659,447.2953186035156,1001.0044555664062,0.01344946026802063,537.9544677734375,467.69537353515625,0.015038162469863892,423.5744323730469,1003.6843872070312,0.3754656910896301,399.8458251953125,1050.065673828125,0.0293140709400177,423.2402648925781,1041.3197021484375,0.344691663980484,458.99176025390625,1014.1882934570312,0.02588421106338501,461.55523681640625,1020.3568725585938,0.8569337129592896,459.3766174316406,1059.7978515625,0.31222787499427795,454.15753173828125,1047.6240234375,0.46659889817237854,516.5399780273438,1046.4517822265625,0.9526770114898682,666.2380981445312,1059.6343994140625,0.7453630566596985
524,405.265625,1019.3814086914062,0.08601614832878113,386.30010986328125,1008.541748046875,0.49473077058792114,380.510498046875,1021.1189575195312,0.0030499398708343506,415.7535705566406,1037.5054931640625,0.004960060119628906,445.5069580078125,1000.4395141601562,0.02066701650619507,537.6565551757812,467.6476135253906,0.01481252908706665,431.568359375,1002.8453979492188,0.1134023368358612,395.6084899902344,1055.33154296875,0.024107247591018677,413.4959716796875,1026.1571044921875,0.2939015328884125,461.6083068847656,1008.3311157226562,0.025227010250091553,464.86248779296875,1013.8087158203125,0.8643113374710083,460.0638732910156,1061.9769287109375,0.7680907845497131,456.5930480957031,1047.2918701171875,0.3869531750679016,514.9204711914062,1046.865478515625,0.9517936706542969,664.8589477539062,1059.1475830078125,0.7700792551040649
525,405.100830078125,1019.4716796875,0.09400388598442078,386.34429931640625,1008.6292114257812,0.5085214972496033,380.232421875,1021.3021850585938,0.0032308101654052734,415.4888610839844,1037.6544189453125,0.0053678154945373535,445.5395202636719,1000.3825073242188,0.019895881414413452,537.8219604492188,467.40625,0.01494184136390686,431.583984375,1002.7538452148438,0.11896711587905884,395.64697265625,1055.549560546875,0.02364325523376465,413.51873779296875,1026.1490478515625,0.3035429120063782,461.6245422363281,1008.318359375,0.024751991033554077,464.9081726074219,1013.7734985351562,0.8651341199874878,460.3094482421875,1061.9306640625,0.7777813673019409,456.550537109375,1047.37646484375,0.38597893714904785,515.234619140625,1046.9969482421875,0.957352876663208,664.807861328125,1059.141357421875,0.7863265872001648
526,412.815185546875,1020.34130859375,0.05658024549484253,388.2873229980469,1005.4519653320312,0.3621721863746643,402.5252380371094,1022.1104125976562,0.0019482970237731934,415.9502868652344,1020.064208984375,0.005467742681503296,430.7812194824219,998.07763671875,0.0107499361038208,537.8217163085938,467.12628173828125,0.014450818300247192,423.4629821777344,1002.0885620117188,0.07576766610145569,397.88702392578125,1051.5882568359375,0.049108535051345825,415.08758544921875,1029.0919189453125,0.5471528172492981,460.3528747558594,1007.9939575195312,0.03795725107192993,463.6698913574219,1014.0155639648438,0.8764268159866333,460.51080322265625,1059.9781494140625,0.6599938273429871,456.1177673339844,1045.806396484375,0.31190845370292664,515.5335693359375,1047.103515625,0.9575252532958984,664.110595703125,1057.76513671875,0.8643167018890381
527,412.6430358886719,1020.3677368164062,0.060233235359191895,388.2501220703125,1005.5941772460938,0.3673945665359497,402.4176940917969,1022.1439208984375,0.0020709633827209473,415.828125,1020.0421142578125,0.005892843008041382,430.6424865722656,998.0088500976562,0.011134475469589233,537.8679809570312,467.13189697265625,0.01438334584236145,423.4011535644531,1002.0698852539062,0.07454663515090942,397.8465881347656,1051.6300048828125,0.04908066987991333,415.063720703125,1029.1422119140625,0.5447956323623657,460.1916809082031,1008.13037109375,0.03295403718948364,463.65948486328125,1013.79248046875,0.8788414001464844,460.782470703125,1059.99267578125,0.6647745966911316,456.1402282714844,1045.6942138671875,0.3162226676940918,515.5201416015625,1047.0589599609375,0.9597628116607666,664.10986328125,1057.527099609375,0.8832532167434692
528,415.4474792480469,1023.6805419921875,0.2383553683757782,396.373779296875,1009.64697265625,0.8742448091506958,419.4245910644531,1006.3112182617188,0.006840765476226807,429.8647766113281,1004.8701782226562,0.05295860767364502,444.7906494140625,1000.6929931640625,0.03399428725242615,537.525390625,467.1980895996094,0.014903873205184937,431.119384765625,1004.2224731445312,0.3772733807563782,399.9689025878906,1049.3511962890625,0.034878045320510864,429.108154296875,1021.7097778320312,0.46635574102401733,461.292236328125,1010.211181640625,0.04122176766395569,464.94464111328125,1015.3140869140625,0.8761634826660156,460.6825256347656,1060.055419921875,0.657130777835846,459.96337890625,1043.2255859375,0.46907755732536316,515.8412475585938,1046.011474609375,0.9404082298278809,663.937255859375,1056.9237060546875,0.8731002807617188
529,414.99798583984375,1023.8154296875,0.27018308639526367,396.57611083984375,1009.6936645507812,0.8583502769470215,420.66455078125,1006.96435546875,0.006945133209228516,430.2206115722656,1005.3695678710938,0.0570891797542572,444.40460205078125,1000.6187744140625,0.04518401622772217,524.8168334960938,468.4373474121094,0.014845341444015503,430.99176025390625,1003.852783203125,0.3916999101638794,400.03076171875,1049.5478515625,0.021442115306854248,430.271728515625,1022.2073974609375,0.47165846824645996,462.3598937988281,1008.9122924804688,0.037846893072128296,465.5425109863281,1015.6133422851562,0.8544420599937439,460.1278381347656,1060.5230712890625,0.5956906080245972,459.3190612792969,1043.321533203125,0.4632296562194824,515.8386840820312,1045.9373779296875,0.9428690075874329,663.9662475585938,1057.25,0.8728277087211609
530,415.6221923828125,1020.1556396484375,0.375203013420105,390.6097717285156,1005.106689453125,0.7934824228286743,420.5422058105469,1039.9891357421875,0.01391613483428955,433.1239318847656,1034.114013671875,0.05127006769180298,429.0254211425781,996.1045532226562,0.04614904522895813,524.73876953125,468.4201965332031,0.01543194055557251,432.732177734375,1004.5242309570312,0.19155120849609375,421.5927429199219,1032.2021484375,0.013617396354675293,431.7574768066406,1019.4722290039062,0.41633784770965576,461.9218444824219,1008.94970703125,0.06602194905281067,465.3627624511719,1015.9757080078125,0.7209059000015259,456.4651184082031,1062.3760986328125,0.5939005613327026,454.9012145996094,1050.9124755859375,0.23991432785987854,516.7426147460938,1046.3558349609375,0.9291434288024902,663.997802734375,1057.1778564453125,0.8217227458953857
531,415.83941650390625,1019.8693237304688,0.37795937061309814,390.2989807128906,1004.949951171875,0.803388237953186,420.57977294921875,1040.0814208984375,0.014730393886566162,433.3382263183594,1034.150634765625,0.05179494619369507,428.951171875,996.1119995117188,0.045955389738082886,524.7753295898438,468.3701477050781,0.015089035034179688,432.7724609375,1004.4717407226562,0.19310304522514343,421.5584411621094,1032.139892578125,0.014386206865310669,431.87689208984375,1019.442626953125,0.42654919624328613,462.05169677734375,1008.9049072265625,0.06630820035934448,465.4803161621094,1015.94482421875,0.7230601906776428,456.4355163574219,1062.384765625,0.5871268510818481,454.8521728515625,1050.826171875,0.23892077803611755,516.7352905273438,1046.3631591796875,0.9284859895706177,664.1913452148438,1057.27783203125,0.8133166432380676
532,406.4222717285156,1016.6657104492188,0.3466407358646393,390.8772888183594,1002.1243896484375,0.7222368121147156,402.431884765625,1012.3284301757812,0.005528777837753296,431.5871276855469,1006.4427490234375,0.022803038358688354,427.2474670410156,992.2752075195312,0.03176754713058472,524.7318725585938,468.511474609375,0.014978229999542236,428.5026550292969,1001.1668701171875,0.3267996311187744,406.0601806640625,1043.70654296875,0.012425810098648071,417.7961120605469,1026.7828369140625,0.3983395993709564,460.5713806152344,1009.7450561523438,0.030590027570724487,464.18682861328125,1016.8240356445312,0.8319241404533386,456.75164794921875,1061.26513671875,0.2860923707485199,455.9831237792969,1052.0390625,0.2809266448020935,517.4918823242188,1046.0609130859375,0.9387825131416321,664.628662109375,1057.2918701171875,0.27653002738952637
533,406.42041015625,1016.4963989257812,0.35920950770378113,390.8727111816406,1001.854736328125,0.7230104207992554,402.4547119140625,1012.2197875976562,0.00598791241645813,431.4866943359375,1006.5125122070312,0.023619502782821655,427.165283203125,992.28515625,0.032899677753448486,524.8622436523438,468.2472229003906,0.014595359563827515,428.55230712890625,1001.227294921875,0.3178291320800781,398.0438232421875,1046.9527587890625,0.015162736177444458,417.7935485839844,1026.91064453125,0.4104800522327423,460.5787048339844,1009.8251953125,0.02859094738960266,464.494140625,1017.0362548828125,0.8338673114776611,456.7662658691406,1061.489013671875,0.2885218858718872,453.08868408203125,1048.407470703125,0.306290864944458,517.7315673828125,1046.04248046875,0.936872124671936,664.4612426757812,1056.9642333984375,0.31410348415374756
534,401.2111511230469,1037.9833984375,0.30207186937332153,393.9909362792969,1001.4539184570312,0.7154050469398499,393.72894287109375,1025.21142578125,0.007005631923675537,419.68450927734375,1005.209716796875,0.017451882362365723,413.1499328613281,993.0151977539062,0.09333613514900208,524.821044921875,468.3733825683594,0.014832884073257446,424.8816223144531,998.038330078125,0.2531600594520569,398.934814453125,1060.748291015625,0.012872099876403809,417.03369140625,1028.384765625,0.40130406618118286,460.8105163574219,1012.1236572265625,0.019579917192459106,464.6427917480469,1015.7850952148438,0.873259425163269,451.1180725097656,1059.7318115234375,0.3156956434249878,449.4043884277344,1045.8299560546875,0.3598495423793793,517.8124389648438,1046.22021484375,0.9441357254981995,664.176513671875,1056.0491943359375,0.17509615421295166
535,400.4051818847656,1037.7926025390625,0.23186203837394714,393.95306396484375,1000.6016235351562,0.6775670647621155,379.2741394042969,1004.0040283203125,0.007787436246871948,419.8558044433594,1004.8641967773438,0.022015094757080078,413.7418212890625,993.0721435546875,0.09003812074661255,524.8392333984375,468.4145202636719,0.014990359544754028,430.9647521972656,1000.40673828125,0.21207383275032043,398.8406066894531,1060.6439208984375,0.011556535959243774,417.22943115234375,1028.4764404296875,0.4024707078933716,460.69830322265625,1012.2711791992188,0.015589237213134766,464.7061767578125,1016.0693969726562,0.880871057510376,451.06036376953125,1059.7635498046875,0.2860811948776245,453.7186279296875,1047.7669677734375,0.35138124227523804,518.0386352539062,1046.10693359375,0.9466216564178467,664.1665649414062,1055.8160400390625,0.23363077640533447
536,400.80072021484375,1043.6920166015625,0.10022902488708496,391.8086242675781,1005.6973266601562,0.6466899514198303,392.92083740234375,1023.8864135742188,0.004607498645782471,432.4840087890625,1005.7179565429688,0.008969992399215698,429.060302734375,995.3209838867188,0.3475276231765747,525.064208984375,468.22637939453125,0.014490664005279541,432.26470947265625,1004.95703125,0.3691061735153198,397.3435974121094,1047.084716796875,0.04723849892616272,414.8670959472656,1037.7825927734375,0.4326232075691223,455.0920715332031,1010.8309936523438,0.012074053287506104,459.18572998046875,1016.3844604492188,0.8246725797653198,439.6947021484375,1054.2401123046875,0.16126945614814758,455.6615905761719,1053.1151123046875,0.5116999745368958,519.3070678710938,1046.04296875,0.9395039081573486,656.99560546875,1053.5694580078125,0.05338132381439209
537,400.8975830078125,1043.3458251953125,0.07355731725692749,392.06500244140625,1004.7079467773438,0.6419874429702759,393.6148376464844,1016.2938232421875,0.004501134157180786,432.5711364746094,1005.820068359375,0.009205847978591919,429.1195068359375,995.4545288085938,0.33362269401550293,524.9503173828125,468.29949951171875,0.014573991298675537,432.2516174316406,1004.7215576171875,0.3405953049659729,397.1127014160156,1047.10205078125,0.029882490634918213,415.04559326171875,1037.422119140625,0.3996194899082184,455.100830078125,1010.8340454101562,0.012131363153457642,464.004638671875,1016.2838134765625,0.8257553577423096,449.6639099121094,1060.2099609375,0.14732113480567932,451.013427734375,1052.4842529296875,0.5343006253242493,519.2572631835938,1045.997314453125,0.9398452043533325,856.5385131835938,582.7220458984375,0.056605011224746704
538,399.6454772949219,1019.6825561523438,0.07347485423088074,401.601318359375,1000.4329833984375,0.4472295045852661,394.6109313964844,1017.0816650390625,0.00714874267578125,431.6883239746094,1008.3311157226562,0.009088575839996338,428.8802795410156,996.0126342773438,0.21923455595970154,524.7838134765625,468.1717529296875,0.014275610446929932,431.5560302734375,1003.0147094726562,0.3697301149368286,395.9207458496094,1047.27685546875,0.02288222312927246,415.8853759765625,1036.2501220703125,0.32812148332595825,456.86688232421875,1010.9298095703125,0.009337306022644043,465.9933166503906,1020.1052856445312,0.8411688804626465,457.4024353027344,1061.6165771484375,0.13230034708976746,459.7066955566406,1053.733642578125,0.5579074621200562,519.32861328125,1046.159912109375,0.8871062994003296,778.5145263671875,819.5984497070312,0.03350937366485596
539,399.0672912597656,1019.3082885742188,0.06276944279670715,401.3662109375,1001.6133422851562,0.4522295296192169,394.0602722167969,1016.9019165039062,0.005914449691772461,431.3753967285156,1008.3193969726562,0.006964623928070068,428.62799072265625,996.3265991210938,0.2097640037536621,524.7717895507812,468.1565246582031,0.014267951250076294,431.3236999511719,1003.1127319335938,0.3997110426425934,396.212646484375,1047.832763671875,0.023201853036880493,415.569091796875,1036.392333984375,0.36691543459892273,456.5794677734375,1010.662109375,0.009582161903381348,465.8060607910156,1019.8109130859375,0.8347617983818054,456.8890686035156,1061.7049560546875,0.09755060076713562,459.14385986328125,1054.0333251953125,0.551735520362854,519.3731079101562,1046.2110595703125,0.9001696109771729,778.4959716796875,819.5347900390625,0.030991971492767334
540,430.87713623046875,1025.6085205078125,0.2384277880191803,405.9016418457031,1010.9190063476562,0.76016765832901,415.80755615234375,1037.2371826171875,0.012858092784881592,433.638671875,1033.756591796875,0.01257312297821045,441.8852844238281,1000.232421875,0.31192734837532043,525.017578125,468.1116638183594,0.014445871114730835,434.72589111328125,1003.5326538085938,0.5335712432861328,423.9601135253906,1044.273681640625,0.011045694351196289,437.2815246582031,1035.2684326171875,0.31938278675079346,455.5192565917969,1010.32177734375,0.012032300233840942,465.9125671386719,1020.1802978515625,0.7816836833953857,439.9981994628906,1052.9044189453125,0.12655645608901978,458.1725158691406,1048.8076171875,0.6042925715446472,523.4303588867188,1045.569091796875,0.9169849157333374,779.0026245117188,819.8901977539062,0.05525928735733032
541,431.3543701171875,1025.2957763671875,0.24703943729400635,406.2039794921875,1011.08984375,0.7673966884613037,415.79437255859375,1037.166748046875,0.012099653482437134,433.7558288574219,1033.6812744140625,0.01324242353439331,442.1264953613281,999.996337890625,0.32001352310180664,537.7591552734375,466.6606750488281,0.01449093222618103,435.0026550292969,1003.6011352539062,0.4930787980556488,423.9788513183594,1044.3150634765625,0.010825812816619873,437.0262756347656,1035.297119140625,0.30672669410705566,455.4131774902344,1010.2911376953125,0.012302666902542114,465.6853332519531,1020.1219482421875,0.7892051935195923,439.8201599121094,1052.9527587890625,0.119072824716568,458.2019958496094,1048.85888671875,0.6085575222969055,523.29248046875,1045.6126708984375,0.9259465932846069,779.2656860351562,819.7838745117188,0.0625477135181427
542,430.1293640136719,1026.978271484375,0.11231383681297302,409.9339294433594,1008.3161010742188,0.879650354385376,417.135009765625,1039.2025146484375,0.009098708629608154,434.5129089355469,1019.0332641601562,0.007564127445220947,433.5199279785156,998.2112426757812,0.23280605673789978,524.950439453125,468.1336669921875,0.014301419258117676,435.7749328613281,1003.19970703125,0.4286809265613556,423.0174560546875,1044.8009033203125,0.015953034162521362,438.0482177734375,1035.3941650390625,0.21318921446800232,454.5691833496094,1004.7329711914062,0.006102412939071655,467.09259033203125,1018.7254638671875,0.7069509625434875,442.3713073730469,1053.7156982421875,0.11724838614463806,472.02203369140625,1055.8961181640625,0.6121991872787476,523.8601684570312,1045.958984375,0.9148720502853394,853.828369140625,579.2622680664062,0.05604022741317749
543,430.16717529296875,1027.0335693359375,0.10630032420158386,409.7261047363281,1007.939453125,0.8772494792938232,417.39752197265625,1039.3568115234375,0.008615851402282715,434.71282958984375,1019.0968017578125,0.007599085569381714,433.6033935546875,998.1766967773438,0.2408059537410736,524.9638671875,468.0508728027344,0.014435291290283203,435.7243347167969,1003.1293334960938,0.4028751850128174,422.98406982421875,1044.575439453125,0.01532071828842163,437.7384338378906,1015.4517822265625,0.20486405491828918,454.70782470703125,1004.6569213867188,0.006275355815887451,467.0235900878906,1018.6759033203125,0.7076249718666077,442.414794921875,1053.6082763671875,0.11284494400024414,472.05462646484375,1055.8929443359375,0.6205916404724121,523.8960571289062,1046.0494384765625,0.9195404648780823,779.4210815429688,819.5543212890625,0.0546112060546875
544,426.77362060546875,1038.9139404296875,0.23051083087921143,404.2205505371094,1006.742431640625,0.6880970001220703,421.3006286621094,1040.036865234375,0.014805227518081665,438.1224365234375,1018.5665283203125,0.012241542339324951,429.0768737792969,993.2933959960938,0.06711342930793762,524.535888671875,468.3208312988281,0.014757990837097168,432.92889404296875,1000.8242797851562,0.22366055846214294,433.54669189453125,1038.515869140625,0.020788908004760742,443.10272216796875,1034.0565185546875,0.2500085234642029,460.07049560546875,993.6963500976562,0.01308751106262207,472.4523620605469,1017.7630004882812,0.5376877784729004,460.73004150390625,1056.5382080078125,0.20509961247444153,475.24603271484375,1052.9088134765625,0.5651456713676453,523.9073486328125,1046.57666015625,0.890501856803894,441.9378662109375,994.563720703125,0.13133379817008972
545,426.841552734375,1039.203125,0.22999867796897888,404.2266845703125,1006.9033813476562,0.6907967925071716,421.265380859375,1039.9312744140625,0.013757556676864624,438.0693664550781,1018.504638671875,0.012606978416442871,429.1283874511719,993.3740234375,0.07274666428565979,524.5658569335938,468.2236328125,0.014464914798736572,432.971435546875,1000.8887329101562,0.21273577213287354,433.5230712890625,1038.472412109375,0.020258665084838867,443.2081298828125,1034.1884765625,0.25462234020233154,459.95367431640625,993.9068603515625,0.01301315426826477,472.5132751464844,1017.921142578125,0.5370818376541138,460.7145080566406,1056.6783447265625,0.20084238052368164,475.1412353515625,1053.1905517578125,0.5763038396835327,523.899658203125,1046.603515625,0.8946590423583984,441.84405517578125,994.4545288085938,0.12501466274261475
546,427.0837097167969,1033.974853515625,0.3649139106273651,410.44580078125,1011.34228515625,0.6755861639976501,416.6916198730469,1038.774658203125,0.005565822124481201,435.90533447265625,1003.9194946289062,0.018900662660598755,431.97314453125,994.04443359375,0.12229335308074951,524.393798828125,468.11505126953125,0.0145338773727417,443.3082580566406,1004.8473510742188,0.2522822320461273,481.45233154296875,437.0817565917969,0.009601503610610962,437.5575866699219,1033.9693603515625,0.2956755757331848,470.0500793457031,1015.8700561523438,0.0219154953956604,471.60797119140625,1012.5516357421875,0.38709187507629395,460.52532958984375,1061.506591796875,0.18388789892196655,476.3414001464844,1052.641357421875,0.42928022146224976,523.6129760742188,1044.4827880859375,0.972504734992981,852.9600830078125,577.8733520507812,0.09383660554885864
547,426.8609619140625,1034.54833984375,0.3868290185928345,410.8045654296875,1011.26611328125,0.6736162900924683,416.6112365722656,1039.0908203125,0.006461024284362793,435.2715148925781,1003.6630859375,0.018311262130737305,431.593994140625,993.8562622070312,0.11444815993309021,524.2767333984375,468.2044677734375,0.014557957649230957,439.25872802734375,1001.9955444335938,0.24253487586975098,481.5052490234375,437.0924377441406,0.009588867425918579,437.3913879394531,1033.9918212890625,0.32166996598243713,469.7436828613281,1016.0730590820312,0.020039409399032593,471.675537109375,1012.5604248046875,0.3923622965812683,460.59844970703125,1061.4638671875,0.18351677060127258,476.47393798828125,1052.7947998046875,0.43957817554473877,523.6445922851562,1044.4918212890625,0.9733103513717651,852.63818359375,577.7971801757812,0.06576728820800781
548,427.6471252441406,1043.592041015625,0.7431716918945312,416.0092468261719,1019.2402954101562,0.5944967269897461,810.9356689453125,1245.22412109375,0.0018595755100250244,435.9027404785156,1051.55126953125,0.0075709521770477295,442.8847961425781,998.7598876953125,0.026185929775238037,544.0846557617188,463.3504638671875,0.013848066329956055,441.2846984863281,1005.8568115234375,0.12008830904960632,481.4182434082031,437.08941650390625,0.009544432163238525,438.5644836425781,1026.3880615234375,0.1801775097846985,470.3686218261719,1011.8101196289062,0.008592009544372559,471.76708984375,1007.5991821289062,0.377483606338501,486.1783142089844,1058.607666015625,0.14171242713928223,476.4532165527344,1040.767578125,0.26285454630851746,523.8009643554688,1042.6668701171875,0.9622632265090942,851.6721801757812,577.4283447265625,0.023481100797653198
549,427.6944580078125,1043.5059814453125,0.7478588223457336,415.8254089355469,1019.0997924804688,0.5854760408401489,811.0392456054688,1245.21533203125,0.001429438591003418,435.9764709472656,1051.579833984375,0.00745508074760437,442.71368408203125,998.7451171875,0.028616726398468018,544.0858154296875,463.36773681640625,0.013810217380523682,441.02850341796875,1005.923095703125,0.11403632164001465,804.6824951171875,1226.802734375,0.011457443237304688,438.4542541503906,1016.473876953125,0.18575146794319153,470.37103271484375,1011.9584350585938,0.008257299661636353,471.8393859863281,1007.82080078125,0.3785204291343689,486.4624938964844,1058.7362060546875,0.18144410848617554,476.3856506347656,1040.750732421875,0.25258299708366394,523.5897216796875,1042.5615234375,0.961833119392395,852.0827026367188,577.0421142578125,0.036905109882354736
550,413.7080383300781,1033.4891357421875,0.0597510039806366,399.25262451171875,1024.673095703125,0.5828793048858643,404.6505126953125,1004.42138671875,0.000870436429977417,432.8108825683594,1003.494384765625,0.005209088325500488,435.97320556640625,998.4229125976562,0.03437545895576477,544.0706176757812,463.3907470703125,0.014077812433242798,424.01751708984375,1003.4158935546875,0.3302755355834961,435.9103698730469,1022.7852172851562,0.012873619794845581,433.2786865234375,1024.4296875,0.45260903239250183,475.59051513671875,1019.919677734375,0.014938801527023315,472.05938720703125,1022.0298461914062,0.449537992477417,490.5757751464844,1056.241943359375,0.5072811841964722,477.1391906738281,1047.09423828125,0.27412813901901245,524.4703979492188,1041.8265380859375,0.9808197021484375,851.3968505859375,576.9733276367188,0.02780604362487793
551,413.6858215332031,1033.4007568359375,0.054220497608184814,399.2537841796875,1024.5274658203125,0.5751942992210388,404.6266784667969,1004.2164916992188,0.0008987188339233398,432.9407958984375,1003.3938598632812,0.005532622337341309,436.1166076660156,998.44580078125,0.03209415078163147,544.1487426757812,463.4297790527344,0.01414594054222107,424.0110168457031,1003.5252075195312,0.32126814126968384,413.7099304199219,1020.377197265625,0.013937294483184814,433.197509765625,1024.0858154296875,0.4185159206390381,475.5797424316406,1020.3405151367188,0.012122571468353271,472.2469177246094,1022.5244750976562,0.4513482451438904,491.51873779296875,1056.21044921875,0.4808206260204315,477.31182861328125,1047.072021484375,0.32793545722961426,525.0839233398438,1042.1376953125,0.9656515121459961,851.5523071289062,577.0240478515625,0.035349369049072266
552,379.0315856933594,1018.2100219726562,0.1301741898059845,398.10845947265625,1035.567626953125,0.801507830619812,417.6453857421875,1021.4078979492188,0.0026292800903320312,430.5693664550781,1004.4545288085938,0.013048052787780762,409.53997802734375,1003.3123168945312,0.08497270941734314,536.80517578125,466.1365966796875,0.014237374067306519,419.8398742675781,1007.427001953125,0.5865917801856995,431.4544677734375,1031.726318359375,0.011036068201065063,428.7000427246094,1027.010009765625,0.7168574333190918,482.7004089355469,1024.4776611328125,0.01747027039527893,467.7657470703125,1010.038330078125,0.6669098138809204,491.0953674316406,1054.2874755859375,0.745074987411499,493.168212890625,1050.3529052734375,0.41346660256385803,523.5747680664062,1037.8878173828125,0.956143856048584,848.963623046875,574.6422729492188,0.03312498331069946
553,379.23260498046875,1018.84521484375,0.10952413082122803,398.03778076171875,1036.426513671875,0.8494108319282532,417.8445739746094,1021.563720703125,0.002687603235244751,430.49945068359375,1004.5092163085938,0.011177390813827515,409.5693054199219,1003.6211547851562,0.0737612247467041,536.7487182617188,466.0960388183594,0.014132648706436157,419.9517517089844,1007.5762329101562,0.5793611407279968,431.6968994140625,1031.9471435546875,0.010205477476119995,428.9991760253906,1027.3714599609375,0.6946612596511841,482.6722106933594,1024.5238037109375,0.016540467739105225,467.7203674316406,1010.0512084960938,0.6624601483345032,491.0973205566406,1054.2327880859375,0.732656717300415,493.188720703125,1050.3304443359375,0.4044426679611206,523.596435546875,1037.9522705078125,0.9541127681732178,846.1758422851562,573.944580078125,0.030360370874404907
554,413.62042236328125,1045.3214111328125,0.14828291535377502,389.8620300292969,1037.3465576171875,0.8153355121612549,418.2919006347656,1031.526611328125,0.002698838710784912,429.2626647949219,1020.3291625976562,0.012015819549560547,396.3476867675781,1007.1264038085938,0.2688071131706238,523.6341552734375,468.0205078125,0.01470947265625,426.3348693847656,1009.4467163085938,0.801140308380127,481.3484802246094,437.4582824707031,0.010217338800430298,432.7146301269531,1037.62890625,0.782092809677124,482.91455078125,1027.2060546875,0.027931034564971924,470.4195861816406,1022.3732299804688,0.8640098571777344,487.5754699707031,1056.6907958984375,0.6950658559799194,489.9639892578125,1054.1800537109375,0.3672988712787628,524.5712890625,1038.5875244140625,0.9690917730331421,716.3663940429688,644.8346557617188,0.026079922914505005
555,413.8988952636719,1045.1484375,0.14779844880104065,388.6071472167969,1036.794921875,0.803765058517456,418.43121337890625,1031.51806640625,0.002657085657119751,429.3282165527344,1020.1996459960938,0.013100683689117432,396.5002136230469,1007.315673828125,0.2688390016555786,523.5695190429688,468.02984619140625,0.014545202255249023,426.3066711425781,1009.3612060546875,0.8076518774032593,432.6585388183594,1039.7755126953125,0.011171847581863403,432.97747802734375,1037.637939453125,0.7780933380126953,482.4884033203125,1027.2161865234375,0.025249898433685303,470.0783996582031,1022.4956665039062,0.844571590423584,487.3886413574219,1056.4970703125,0.7071974277496338,489.48504638671875,1054.1578369140625,0.3587586283683777,524.48681640625,1038.2991943359375,0.9694008231163025,848.3136596679688,574.5159912109375,0.026982784271240234
556,412.5859680175781,1045.6080322265625,0.2518765926361084,386.4558410644531,1036.809326171875,0.8174393773078918,416.68743896484375,1037.830078125,0.003946959972381592,429.6504821777344,1019.742431640625,0.016583383083343506,408.37664794921875,1004.0479125976562,0.31571245193481445,523.6860961914062,468.14422607421875,0.01451835036277771,420.9606628417969,1009.7692260742188,0.7988535761833191,441.4651794433594,1053.929443359375,0.02481091022491455,432.30535888671875,1039.037841796875,0.7952616214752197,481.4566345214844,1027.5377197265625,0.022178441286087036,469.4178161621094,1021.7645263671875,0.8932174444198608,486.3819885253906,1056.18310546875,0.7858338356018066,487.7717590332031,1054.2677001953125,0.48942330479621887,524.5093994140625,1040.447265625,0.973095715045929,715.863037109375,649.974609375,0.031769752502441406
557,412.6278381347656,1045.6334228515625,0.25287044048309326,386.5715637207031,1036.91259765625,0.8118715286254883,416.66827392578125,1037.8206787109375,0.00385090708732605,429.13055419921875,1019.666259765625,0.016788244247436523,408.2236022949219,1004.1000366210938,0.30630365014076233,523.9642944335938,468.07940673828125,0.014491498470306396,420.794677734375,1009.8191528320312,0.7996008396148682,441.805419921875,1054.2730712890625,0.0226762592792511,432.3993835449219,1039.0966796875,0.7924482822418213,481.3699951171875,1027.84130859375,0.020662546157836914,469.0442199707031,1022.025146484375,0.8997979760169983,486.59588623046875,1056.3065185546875,0.7636737823486328,487.7698974609375,1054.4400634765625,0.4787576496601105,524.4329223632812,1040.0821533203125,0.9715431928634644,715.837158203125,649.9451904296875,0.02909719944000244
558,410.972900390625,1045.5025634765625,0.2564874291419983,385.9132995605469,1033.8096923828125,0.8771078586578369,397.8558044433594,1003.3895263671875,0.003083258867263794,429.1590576171875,1036.4241943359375,0.010874062776565552,410.0509033203125,1001.6348266601562,0.4590165913105011,524.0744018554688,468.263916015625,0.014228135347366333,424.3934631347656,1009.0009155273438,0.8158406019210815,434.7701721191406,1054.270751953125,0.0272122323513031,429.74346923828125,1046.079345703125,0.793117880821228,479.14141845703125,1020.763671875,0.01586359739303589,466.6193542480469,1019.7047729492188,0.8687069416046143,486.6908264160156,1054.5609130859375,0.5605003833770752,483.0767822265625,1052.545166015625,0.6644564270973206,517.9166870117188,1037.6817626953125,0.9681873321533203,666.34033203125,1048.19140625,0.08665108680725098
559,410.952392578125,1045.469970703125,0.25398173928260803,385.9183654785156,1033.7803955078125,0.8763704299926758,397.9164123535156,1003.3616333007812,0.003096342086791992,429.1532287597656,1036.396240234375,0.010518193244934082,410.02008056640625,1001.6334838867188,0.45245373249053955,523.9891357421875,468.2541809082031,0.014208346605300903,424.39373779296875,1008.7788696289062,0.8162885904312134,434.7803039550781,1054.1656494140625,0.027949750423431396,429.785888671875,1046.0780029296875,0.7926870584487915,479.1160888671875,1020.66650390625,0.015611857175827026,466.675537109375,1019.4813232421875,0.8736926317214966,486.71197509765625,1054.6292724609375,0.5385949611663818,483.195068359375,1052.6058349609375,0.6754690408706665,518.059814453125,1037.828125,0.9670727252960205,666.2526245117188,1048.2662353515625,0.09771701693534851
560,413.3246154785156,1057.0457763671875,0.8495760560035706,381.26123046875,1035.3046875,0.9471131563186646,416.1988220214844,1072.15087890625,0.0030656158924102783,425.0171203613281,1064.68408203125,0.00792953372001648,396.67169189453125,1004.1663818359375,0.1806964874267578,257.4251708984375,1108.9720458984375,0.018444567918777466,420.0690612792969,1008.5626220703125,0.8424233198165894,442.9742431640625,1055.258056640625,0.018381088972091675,429.8222351074219,1053.4090576171875,0.8896223306655884,478.8207702636719,1019.5224609375,0.006883949041366577,459.876220703125,1018.5181274414062,0.7671407461166382,475.3219909667969,1056.1207275390625,0.47034963965415955,474.5877990722656,1050.613525390625,0.5208075642585754,515.3213500976562,1038.28857421875,0.965656042098999,664.986328125,1047.68310546875,0.07987478375434875
561,413.4204406738281,1057.0858154296875,0.8440751433372498,381.3839416503906,1035.44287109375,0.9464410543441772,416.32373046875,1072.16357421875,0.003096848726272583,425.264404296875,1064.744140625,0.007016241550445557,396.7828674316406,1004.142333984375,0.16942280530929565,524.077880859375,468.12200927734375,0.01425623893737793,420.1365966796875,1008.47900390625,0.8434433341026306,442.96173095703125,1055.2386474609375,0.017007917165756226,429.8900451660156,1053.3599853515625,0.8872957229614258,478.9621276855469,1019.4125366210938,0.007315695285797119,459.9543762207031,1018.5118408203125,0.7700865268707275,475.5016784667969,1056.087646484375,0.46407467126846313,474.6136474609375,1050.6224365234375,0.5338074564933777,515.098876953125,1038.4468994140625,0.9696820974349976,664.9344482421875,1047.6654052734375,0.09219849109649658
562,408.6680603027344,1047.24365234375,0.3450466990470886,376.5780029296875,1025.1505126953125,0.9737818241119385,414.492431640625,1025.3406982421875,0.006995111703872681,418.62799072265625,1022.574462890625,0.012246489524841309,406.5827331542969,1003.7719116210938,0.09672597050666809,557.40869140625,463.5054626464844,0.013943493366241455,418.1706237792969,1007.2281494140625,0.6886014342308044,418.5223693847656,1039.8609619140625,0.032167404890060425,428.5777587890625,1048.7305908203125,0.7487227320671082,486.8327941894531,1020.2755126953125,0.023552924394607544,455.0455627441406,1006.1589965820312,0.7385271191596985,492.8314208984375,1050.0970458984375,0.5913853049278259,476.9898986816406,1042.476318359375,0.502997100353241,509.52581787109375,1035.56787109375,0.9688760042190552,664.5941772460938,1047.4404296875,0.14897873997688293
563,408.63006591796875,1047.215087890625,0.3466378450393677,376.60223388671875,1025.200439453125,0.9737381935119629,414.4648742675781,1025.3358154296875,0.007246196269989014,418.59124755859375,1022.5280151367188,0.012830972671508789,406.6588134765625,1003.8096923828125,0.10640507936477661,258.2872314453125,1109.7052001953125,0.020931869745254517,418.0955810546875,1007.4637451171875,0.6925442814826965,418.4367980957031,1039.7618408203125,0.0341830849647522,428.4975280761719,1048.8560791015625,0.7549655437469482,486.77618408203125,1020.2549438476562,0.023094385862350464,455.0821838378906,1006.3238525390625,0.7336499691009521,492.8300476074219,1050.2174072265625,0.5893058776855469,477.078125,1042.5841064453125,0.4989219903945923,509.5354919433594,1035.5050048828125,0.9691736102104187,664.5614013671875,1047.2928466796875,0.13048478960990906
564,405.48626708984375,1028.0233154296875,0.4661498963832855,385.3446350097656,1023.1639404296875,0.7890387773513794,417.8636169433594,1006.9198608398438,0.004239261150360107,429.8063659667969,1002.3751831054688,0.015527039766311646,407.02386474609375,1004.34375,0.24964109063148499,557.3048095703125,463.07073974609375,0.013904839754104614,422.8891906738281,1004.6001586914062,0.2681122124195099,415.1542053222656,1049.917236328125,0.04958605766296387,430.2992248535156,1027.031005859375,0.42072945833206177,472.02862548828125,1018.3223876953125,0.008138149976730347,455.0949401855469,1004.0745239257812,0.7078042030334473,477.5495300292969,1055.1798095703125,0.5809540748596191,476.43060302734375,1046.03076171875,0.49189305305480957,515.1858520507812,1041.8702392578125,0.8944739103317261,657.2590942382812,1046.1357421875,0.24287769198417664
565,404.8818054199219,1028.104248046875,0.5193275809288025,384.810791015625,1022.9282836914062,0.7711125612258911,417.5572814941406,1007.0860595703125,0.0035267174243927,413.6282958984375,1020.4668579101562,0.016123026609420776,407.1391296386719,1004.4004516601562,0.2743772864341736,557.3377075195312,463.06689453125,0.013786226511001587,422.790283203125,1004.7400512695312,0.2986208200454712,415.5603942871094,1049.9730224609375,0.06594043970108032,429.85382080078125,1027.250244140625,0.43121522665023804,471.8865051269531,1018.244384765625,0.007876187562942505,455.24188232421875,1004.3366088867188,0.710375189781189,477.5088806152344,1055.31005859375,0.5777463912963867,476.45703125,1046.1663818359375,0.49230802059173584,515.2288208007812,1041.8148193359375,0.8945531249046326,657.2340087890625,1046.1622314453125,0.2338484823703766
566,408.27801513671875,1030.7042236328125,0.16532346606254578,388.7886657714844,1025.541259765625,0.6730244159698486,415.2342834472656,1005.8111572265625,0.007692128419876099,428.14398193359375,1000.3480834960938,0.04301777482032776,407.2574157714844,1001.1707763671875,0.13676342368125916,557.3323974609375,462.9111633300781,0.013902604579925537,421.162353515625,1001.353515625,0.2974466383457184,429.2950439453125,1032.371826171875,0.019757866859436035,427.9686584472656,1021.302978515625,0.6436881422996521,472.9269104003906,1016.8372192382812,0.020517408847808838,458.1599426269531,1006.383544921875,0.9055681228637695,472.2918395996094,1058.8057861328125,0.8851709365844727,472.2115173339844,1050.9791259765625,0.49992889165878296,512.2057495117188,1037.6600341796875,0.9688942432403564,656.9125366210938,1045.942138671875,0.2712360620498657
567,408.2655334472656,1030.7554931640625,0.1586710512638092,388.6617431640625,1025.4171142578125,0.6633588075637817,415.3304748535156,1005.8623046875,0.007521271705627441,427.9583740234375,1000.4091186523438,0.041440755128860474,402.0318603515625,1000.949951171875,0.13477954268455505,557.5087280273438,462.82086181640625,0.013621211051940918,421.18499755859375,1001.3788452148438,0.2941601276397705,798.01708984375,1226.8616943359375,0.019222289323806763,427.91278076171875,1021.3543701171875,0.6431056261062622,475.0465393066406,1023.3800659179688,0.021507233381271362,458.1058044433594,1006.4191284179688,0.903294026851654,472.2969970703125,1058.9144287109375,0.8877400755882263,472.29632568359375,1051.1224365234375,0.5102415084838867,512.0806274414062,1037.602294921875,0.9675290584564209,656.9501342773438,1045.6444091796875,0.39173758029937744
568,406.3457946777344,1031.537841796875,0.06630644202232361,385.458740234375,1015.1383056640625,0.57239830493927,414.2714538574219,1005.2763671875,0.005474686622619629,428.15576171875,1001.6959838867188,0.02687138319015503,402.53570556640625,1000.2840576171875,0.07792112231254578,557.293701171875,462.531005859375,0.013397693634033203,419.390625,1000.886474609375,0.2534726858139038,417.68780517578125,1022.6524047851562,0.038665443658828735,424.96575927734375,1019.8348999023438,0.6597936153411865,469.1346740722656,1015.3236694335938,0.027204304933547974,453.71771240234375,1008.4866333007812,0.8328752517700195,471.25506591796875,1058.3538818359375,0.9249460697174072,462.0310363769531,1040.1976318359375,0.3962002396583557,509.46112060546875,1036.381103515625,0.9870514273643494,656.7434692382812,1046.8720703125,0.5675313472747803
569,406.28460693359375,1031.730712890625,0.07499748468399048,385.56842041015625,1015.1098022460938,0.6046791076660156,414.1353759765625,1005.4889526367188,0.00569838285446167,428.35955810546875,1001.8613891601562,0.02829679846763611,407.1656799316406,1000.4013061523438,0.09239885210990906,543.4989013671875,462.30206298828125,0.013387948274612427,420.4589538574219,1003.5619506835938,0.2832719683647156,417.80352783203125,1022.6983032226562,0.038102537393569946,424.8571472167969,1019.9116821289062,0.6677215099334717,473.3293151855469,1021.4293212890625,0.0264052152633667,454.0666198730469,1008.885986328125,0.8366787433624268,471.3810119628906,1058.39501953125,0.9263762831687927,462.2426452636719,1040.4388427734375,0.3867659568786621,509.38311767578125,1036.447265625,0.9869032502174377,656.744140625,1046.8583984375,0.5484066605567932
570,398.74322509765625,1026.7991943359375,0.16744914650917053,383.8131103515625,1013.64013671875,0.6234808564186096,404.19317626953125,1037.6256103515625,0.0027166903018951416,414.71038818359375,1003.5780029296875,0.02776998281478882,409.7623291015625,994.0885620117188,0.04608887434005737,557.0841674804688,462.36279296875,0.013853728771209717,410.7642517089844,999.6126098632812,0.534121036529541,414.2117004394531,1031.51953125,0.05137869715690613,417.19482421875,1028.49169921875,0.7894793748855591,468.8910827636719,1016.2896118164062,0.02793782949447632,454.898681640625,1013.139892578125,0.8453860282897949,471.0201721191406,1057.2911376953125,0.7393170595169067,462.7574462890625,1040.5703125,0.5005589127540588,507.5486755371094,1035.3192138671875,0.9860190153121948,656.5257568359375,1046.5128173828125,0.6628991365432739
571,397.9963073730469,1027.0531005859375,0.17449653148651123,384.0587463378906,1013.3721313476562,0.6435668468475342,404.33538818359375,1037.603271484375,0.002706676721572876,414.16815185546875,1003.8469848632812,0.027721285820007324,408.89801025390625,994.1380615234375,0.037369340658187866,557.0941772460938,462.2267150878906,0.01375889778137207,415.3764343261719,999.6387939453125,0.5063170790672302,414.281494140625,1031.2200927734375,0.05136150121688843,417.3285217285156,1028.5057373046875,0.7806939482688904,469.03143310546875,1016.3155517578125,0.02786862850189209,454.9539489746094,1013.1091918945312,0.8415542840957642,471.1550598144531,1057.43359375,0.7565517425537109,462.6965637207031,1040.58056640625,0.4842297434806824,507.3246154785156,1035.751708984375,0.9844444990158081,656.3201904296875,1045.1422119140625,0.5305048227310181
572,396.5359802246094,1026.9376220703125,0.3133842647075653,371.95440673828125,1015.4796752929688,0.7948869466781616,406.3691711425781,1018.1957397460938,0.002800881862640381,415.822021484375,1003.605712890625,0.016731232404708862,410.1388854980469,987.887939453125,0.041674911975860596,557.4237670898438,462.2935791015625,0.013464748859405518,407.0339660644531,998.2562866210938,0.5971231460571289,413.5028381347656,1032.305908203125,0.07946702837944031,414.0050048828125,1029.1142578125,0.8684597015380859,471.3350830078125,1023.1253662109375,0.02309677004814148,455.8580627441406,1015.4334716796875,0.8333847522735596,480.4383239746094,1050.9439697265625,0.5988172292709351,462.21063232421875,1039.1968994140625,0.5008576512336731,507.35028076171875,1034.9024658203125,0.9660609364509583,656.4814453125,1044.927734375,0.5926395058631897
573,391.4784240722656,1025.266357421875,0.32370316982269287,372.31524658203125,1015.1784057617188,0.7824733853340149,406.34539794921875,1018.1691284179688,0.0028291642665863037,415.81060791015625,1003.690673828125,0.01933494210243225,396.227783203125,995.8731689453125,0.04548141360282898,557.4254150390625,462.2965087890625,0.013508111238479614,407.1387634277344,998.1921997070312,0.6027225255966187,413.40533447265625,1032.0604248046875,0.0868869423866272,414.0445251464844,1028.7764892578125,0.8650259971618652,471.2991943359375,1023.0478515625,0.023601680994033813,455.6404724121094,1014.9393310546875,0.8450944423675537,477.2600402832031,1051.267578125,0.600684404373169,462.3047180175781,1039.1112060546875,0.5064058303833008,507.1971130371094,1034.844482421875,0.9671652317047119,656.6334838867188,1044.7801513671875,0.537398099899292
574,389.6877136230469,1025.5970458984375,0.23599779605865479,371.203857421875,1017.8782348632812,0.6036441922187805,395.15325927734375,1033.7813720703125,0.004585325717926025,400.2324523925781,1019.6220703125,0.015364766120910645,385.7400207519531,1005.3464965820312,0.14840808510780334,557.3955688476562,462.0308532714844,0.013295024633407593,404.9622497558594,999.7554321289062,0.5420117378234863,404.88299560546875,1036.0128173828125,0.1671087145805359,412.77532958984375,1028.9156494140625,0.7990468740463257,467.5546569824219,1017.603759765625,0.0175936222076416,454.2361145019531,1015.0098266601562,0.8968898057937622,480.52081298828125,1051.4674072265625,0.36736029386520386,460.383544921875,1037.2838134765625,0.5021055340766907,506.2782287597656,1033.5262451171875,0.9650914669036865,656.0405883789062,1044.4422607421875,0.620568573474884
575,389.6705627441406,1025.2896728515625,0.24498936533927917,371.17242431640625,1017.6217041015625,0.5821416974067688,395.1734619140625,1033.8143310546875,0.004216879606246948,400.0345153808594,1019.5681762695312,0.015592575073242188,385.9162902832031,1005.262939453125,0.15114951133728027,557.378173828125,462.0697937011719,0.013211667537689209,404.8484191894531,999.622314453125,0.5636188983917236,404.8562316894531,1035.942626953125,0.15415874123573303,412.8569641113281,1028.8416748046875,0.8028261661529541,467.7232360839844,1017.3728637695312,0.018380850553512573,454.02862548828125,1014.7650146484375,0.8914989233016968,476.9732666015625,1052.6607666015625,0.3614034056663513,460.348388671875,1037.3880615234375,0.5134414434432983,506.1036071777344,1033.92333984375,0.9612022638320923,656.2913818359375,1044.528076171875,0.6508558988571167
576,386.7696838378906,1028.57177734375,0.5872369408607483,370.0738220214844,1018.1582641601562,0.9173056483268738,386.0575256347656,1037.643798828125,0.008125990629196167,399.672607421875,1021.46826171875,0.02232179045677185,389.6772155761719,1004.689453125,0.49577367305755615,557.3003540039062,461.8122253417969,0.01366010308265686,400.3691711425781,1006.3035888671875,0.6438252329826355,402.3892517089844,1037.248779296875,0.07234948873519897,409.8990173339844,1035.0274658203125,0.856865406036377,467.9194030761719,1015.1791381835938,0.019966065883636475,451.30657958984375,1011.7388305664062,0.8842260241508484,476.2500305175781,1050.13623046875,0.5740676522254944,460.54693603515625,1042.26611328125,0.5831543207168579,505.8360290527344,1033.28125,0.9524658918380737,656.04345703125,1043.9234619140625,0.4880185127258301
577,386.2082214355469,1028.0755615234375,0.667688250541687,368.9539794921875,1019.482666015625,0.9605246782302856,384.2712707519531,1037.17138671875,0.006327718496322632,396.4064636230469,1031.093994140625,0.010382682085037231,386.489990234375,1005.4025268554688,0.322245329618454,542.9793701171875,462.123291015625,0.014328598976135254,400.81591796875,1001.1970825195312,0.49514877796173096,402.6782531738281,1030.76611328125,0.04759621620178223,410.31378173828125,1029.0960693359375,0.7865811586380005,473.0148620605469,1018.2420654296875,0.017318248748779297,448.5565490722656,1002.7498168945312,0.8298358917236328,472.62115478515625,1050.141357421875,0.2681724429130554,459.0624694824219,1037.5714111328125,0.1929885447025299,505.6560363769531,1031.6983642578125,0.9703278541564941,656.1093139648438,1043.8961181640625,0.5918048024177551
578,386.21856689453125,1028.0523681640625,0.6662293672561646,369.0132141113281,1019.4859008789062,0.960546612739563,384.3568420410156,1037.1756591796875,0.006322592496871948,396.4324951171875,1031.07861328125,0.010204613208770752,386.506591796875,1005.4017944335938,0.3231010138988495,557.0274047851562,461.7711181640625,0.014311820268630981,400.8455810546875,1001.2348022460938,0.4935953915119171,402.7055358886719,1030.761962890625,0.048044294118881226,410.3373107910156,1029.094970703125,0.7846269607543945,473.1233825683594,1018.2969970703125,0.01661059260368347,448.4919128417969,1002.7210083007812,0.8299733996391296,472.7800598144531,1050.081298828125,0.26993268728256226,459.0231018066406,1037.548828125,0.20191505551338196,505.6630554199219,1031.6593017578125,0.9709316492080688,656.0997924804688,1043.910888671875,0.6026920080184937
579,386.3805847167969,1027.9359130859375,0.662104070186615,368.94622802734375,1019.5486450195312,0.9579228758811951,384.5048828125,1037.160888671875,0.0063114166259765625,396.5497741699219,1030.9293212890625,0.010143250226974487,386.4239501953125,1005.4259643554688,0.32305774092674255,556.809326171875,461.8221740722656,0.01462465524673462,400.7724609375,1001.1009521484375,0.4906877875328064,402.8249206542969,1030.8194580078125,0.048722296953201294,410.3131408691406,1029.0489501953125,0.7848572731018066,473.15325927734375,1018.1278686523438,0.01595786213874817,448.679931640625,1002.8259887695312,0.829950213432312,472.657958984375,1050.1341552734375,0.2564603388309479,458.9112548828125,1037.4239501953125,0.18195956945419312,505.7012634277344,1031.7625732421875,0.9704678058624268,655.9800415039062,1043.749755859375,0.5220122933387756
580,386.97674560546875,1030.821533203125,0.7215582728385925,371.89697265625,1020.6508178710938,0.9530345797538757,384.8428955078125,1037.9749755859375,0.0036800503730773926,395.9798889160156,1032.939697265625,0.020058274269104004,378.7549133300781,1002.7061767578125,0.049744635820388794,542.7191772460938,462.0771789550781,0.014568299055099487,399.7149353027344,997.3720092773438,0.582610011100769,403.540283203125,1044.1370849609375,0.039843857288360596,409.67608642578125,1028.3411865234375,0.8532994985580444,473.7841796875,1018.8909301757812,0.00682598352432251,448.9765625,1002.9847412109375,0.8646643161773682,470.9267272949219,1049.580810546875,0.2694605588912964,444.78057861328125,1040.2542724609375,0.12921053171157837,505.97979736328125,1031.2508544921875,0.9643508195877075,655.6107177734375,1043.7568359375,0.4728822112083435
581,387.0442810058594,1030.7403564453125,0.704744815826416,371.8656311035156,1020.6859741210938,0.9494956731796265,385.0653076171875,1037.960205078125,0.0032871663570404053,395.9177551269531,1032.891845703125,0.019046276807785034,378.69219970703125,1002.7343139648438,0.047724008560180664,556.8324584960938,461.52850341796875,0.014300018548965454,399.7286376953125,997.2841186523438,0.5647032260894775,400.3534851074219,1031.2801513671875,0.04066148400306702,409.73211669921875,1028.19482421875,0.8519390821456909,473.9347229003906,1018.9773559570312,0.007650941610336304,448.9534606933594,1002.9028930664062,0.8616909980773926,470.83160400390625,1049.6639404296875,0.2556307911872864,444.88604736328125,1040.3681640625,0.11982500553131104,505.87567138671875,1031.4080810546875,0.9638230204582214,655.7706298828125,1044.01171875,0.4649849534034729
582,382.44354248046875,1029.2406005859375,0.32726234197616577,366.75921630859375,1020.1978149414062,0.9162532091140747,381.9024353027344,1040.0078125,0.0022047460079193115,415.3956298828125,1001.976806640625,0.007405370473861694,378.7222595214844,1004.1788940429688,0.05288821458816528,251.8968505859375,1110.0050048828125,0.01463991403579712,397.7826843261719,996.1935424804688,0.3001032769680023,402.61859130859375,1041.8687744140625,0.0886971652507782,404.8778076171875,1025.6021728515625,0.7575443983078003,465.8059997558594,1015.125244140625,0.025695085525512695,444.7837829589844,1009.267822265625,0.8981898427009583,466.95196533203125,1048.52734375,0.7000036239624023,453.1500549316406,1041.9326171875,0.22693416476249695,503.6128845214844,1031.32861328125,0.9584168195724487,654.3684692382812,1044.7454833984375,0.40268221497535706
583,382.29852294921875,1029.2021484375,0.3382355868816376,366.6571350097656,1020.0777587890625,0.9109705686569214,381.65673828125,1039.989501953125,0.002245664596557617,415.3214111328125,1002.029541015625,0.007487505674362183,378.6881103515625,1004.0660400390625,0.05251115560531616,542.6724243164062,461.9584655761719,0.0142250657081604,397.67889404296875,996.14306640625,0.29922592639923096,402.6107482910156,1041.9241943359375,0.09482839703559875,404.65008544921875,1025.64306640625,0.7723842859268188,465.70538330078125,1015.0907592773438,0.02506542205810547,444.8509521484375,1009.3427734375,0.9013084173202515,466.6416931152344,1048.5426025390625,0.6747920513153076,452.92572021484375,1041.97509765625,0.22471868991851807,503.69403076171875,1031.40234375,0.9570186734199524,654.368896484375,1044.7977294921875,0.3882063627243042
584,380.93804931640625,1029.399169921875,0.26528942584991455,362.3703918457031,1019.1105346679688,0.8413821458816528,391.8733215332031,1023.0631713867188,0.0020903348922729492,397.6166687011719,1020.534423828125,0.009443908929824829,385.86669921875,1002.6787109375,0.04361802339553833,251.30120849609375,1109.848388671875,0.015394598245620728,397.4104309082031,997.029052734375,0.38073793053627014,401.6068420410156,1041.6514892578125,0.11417889595031738,401.6253662109375,1028.219482421875,0.7033141851425171,443.9310607910156,1004.7197875976562,0.015406429767608643,443.6036376953125,1007.197998046875,0.9299249649047852,471.2983703613281,1051.7071533203125,0.3800838589668274,444.1112060546875,1033.7489013671875,0.568513035774231,502.287353515625,1033.1468505859375,0.9627529382705688,653.8399047851562,1042.77783203125,0.509437620639801
585,381.042236328125,1029.4285888671875,0.25793978571891785,362.4894714355469,1019.211181640625,0.8449649810791016,391.8842468261719,1023.1527099609375,0.002077937126159668,397.7701110839844,1020.5091552734375,0.009091436862945557,385.9627685546875,1002.700439453125,0.04369345307350159,542.7232055664062,462.02655029296875,0.014123141765594482,397.3969421386719,996.9261474609375,0.3773540258407593,399.9690246582031,1041.7484130859375,0.11452990770339966,401.6778259277344,1028.2255859375,0.7033247351646423,443.9062805175781,1004.7724609375,0.0152072012424469,443.5166320800781,1007.3101196289062,0.9279666543006897,471.4594421386719,1051.584228515625,0.37721747159957886,444.09539794921875,1033.75927734375,0.5652393698692322,502.059814453125,1033.2166748046875,0.9651543498039246,653.8652954101562,1042.6356201171875,0.5249764323234558
586,381.20281982421875,1033.647216796875,0.4650299847126007,364.02789306640625,1022.908447265625,0.8747531771659851,378.16400146484375,1041.9935302734375,0.0024764835834503174,386.1302795410156,1037.685302734375,0.01331588625907898,377.3149719238281,1001.3380737304688,0.054231494665145874,542.72021484375,462.1534118652344,0.014063358306884766,392.9818115234375,1002.676025390625,0.6247286796569824,402.1466064453125,1033.44384765625,0.040708452463150024,403.1146545410156,1029.0406494140625,0.8226959705352783,464.3053894042969,1016.9539794921875,0.01855948567390442,444.2437744140625,1011.8709716796875,0.8855284452438354,464.7662353515625,1053.73681640625,0.6639015078544617,445.6275329589844,1038.1846923828125,0.49994391202926636,501.74456787109375,1033.0545654296875,0.9560367465019226,652.1246948242188,908.0077514648438,0.015193074941635132
587,381.26800537109375,1033.628662109375,0.462598979473114,363.9949951171875,1022.9022216796875,0.8727535009384155,378.2919006347656,1041.935791015625,0.002463608980178833,386.2066955566406,1037.5897216796875,0.012871414422988892,377.36090087890625,1001.3326416015625,0.05725261569023132,542.723876953125,462.17608642578125,0.014009982347488403,392.8870849609375,1002.6558837890625,0.624140739440918,402.11212158203125,1033.466552734375,0.04015699028968811,403.0924377441406,1029.0555419921875,0.8229563236236572,464.2694396972656,1016.8937377929688,0.018708109855651855,444.13665771484375,1011.809814453125,0.8886227607727051,464.737060546875,1053.660888671875,0.6648159623146057,445.558837890625,1038.1171875,0.5035505294799805,501.73724365234375,1033.0230712890625,0.9547477960586548,652.0459594726562,908.1528930664062,0.012682825326919556
588,380.48297119140625,1034.921875,0.771146297454834,354.38031005859375,1021.67431640625,0.9347320795059204,379.7134704589844,1038.6312255859375,0.004800140857696533,386.9319763183594,1036.6348876953125,0.042406171560287476,374.2747802734375,1001.6483154296875,0.016283661127090454,542.4718017578125,462.3602600097656,0.014169901609420776,388.1898193359375,996.2190551757812,0.14581254124641418,397.17230224609375,1032.82568359375,0.11962860822677612,398.26214599609375,1025.931396484375,0.8934190273284912,465.41986083984375,1017.338134765625,0.0333000123500824,441.0309143066406,1008.7096557617188,0.8763787746429443,475.1159362792969,1046.7772216796875,0.451949805021286,441.9110107421875,1034.8968505859375,0.16464868187904358,502.4256896972656,1031.957763671875,0.9203447103500366,764.4163208007812,812.3937377929688,0.027501851320266724
589,380.3363952636719,1034.798828125,0.7766876220703125,353.73565673828125,1021.3110961914062,0.9386241436004639,379.7205505371094,1038.513671875,0.004802346229553223,386.8938293457031,1036.5323486328125,0.04370695352554321,374.40838623046875,1001.6271362304688,0.016662299633026123,542.4880981445312,462.42535400390625,0.0143069326877594,388.2326354980469,999.5365600585938,0.14580252766609192,396.97589111328125,1032.8983154296875,0.12173289060592651,398.2554931640625,1025.9639892578125,0.8936905264854431,465.419677734375,1017.3339233398438,0.033331066370010376,441.0285949707031,1008.7106323242188,0.8763071298599243,475.11138916015625,1046.777099609375,0.4520362913608551,441.8968811035156,1034.8907470703125,0.16612675786018372,502.4156494140625,1031.9544677734375,0.9201679825782776,764.4178466796875,812.3770751953125,0.0264856219291687
590,374.7177429199219,1034.687744140625,0.6392512917518616,351.76495361328125,1022.8306884765625,0.9690626859664917,381.5491943359375,1058.8526611328125,0.002347588539123535,385.5921325683594,1036.840087890625,0.021014809608459473,374.7607727050781,1002.4993896484375,0.0425419807434082,251.07916259765625,1108.91015625,0.024763435125350952,387.08978271484375,1002.5927734375,0.2577005624771118,398.5577697753906,1031.498779296875,0.0496041476726532,399.82659912109375,1020.2806396484375,0.6087090373039246,465.4456481933594,1017.1599731445312,0.018080949783325195,440.4055480957031,1007.4141845703125,0.9064396619796753,474.4066467285156,1046.48779296875,0.30027902126312256,435.4256896972656,1036.4891357421875,0.5076005458831787,503.23504638671875,1031.684326171875,0.9329222440719604,763.2401123046875,812.13671875,0.026517480611801147
591,374.764892578125,1034.5882568359375,0.6320661306381226,351.6191711425781,1022.8265380859375,0.9678479433059692,381.6462097167969,1058.9381103515625,0.0023081302642822266,385.6398010253906,1036.7401123046875,0.020190954208374023,374.6083068847656,1002.5150756835938,0.03767642378807068,251.11257934570312,1108.4881591796875,0.021748900413513184,386.9487609863281,1002.3953857421875,0.2397192418575287,398.4598083496094,1031.387451171875,0.05007171630859375,399.8618469238281,1020.1690063476562,0.5989522337913513,465.80780029296875,1016.9259033203125,0.01666790246963501,440.0467529296875,1007.161376953125,0.9064955115318298,474.51885986328125,1045.989990234375,0.39334434270858765,435.54864501953125,1036.0985107421875,0.49416911602020264,503.3310852050781,1031.760498046875,0.932908833026886,763.2662353515625,812.1649169921875,0.026787638664245605
592,377.4512023925781,1035.5361328125,0.8143528699874878,350.8465576171875,1021.5335083007812,0.9272338151931763,380.2338562011719,1056.6383056640625,0.008664518594741821,387.3793029785156,1036.895263671875,0.03840154409408569,373.9187316894531,1001.888916015625,0.12739020586013794,244.4846954345703,1111.707275390625,0.02225145697593689,388.0224304199219,999.2990112304688,0.35007399320602417,398.4949645996094,1033.19189453125,0.02355465292930603,400.27496337890625,1017.7626953125,0.5624497532844543,471.84716796875,1019.305908203125,0.010888993740081787,436.62884521484375,1006.791748046875,0.9138897657394409,470.4549865722656,1045.54833984375,0.6824958920478821,435.57293701171875,1037.984130859375,0.5613674521446228,503.3445129394531,1031.3753662109375,0.9004404544830322,759.1127319335938,811.6766357421875,0.02779364585876465
593,377.3998107910156,1035.5372314453125,0.8177019357681274,350.85040283203125,1021.4029541015625,0.9300011992454529,380.17926025390625,1056.6854248046875,0.008785933256149292,387.4052734375,1036.8128662109375,0.03856217861175537,373.9390563964844,1001.9135131835938,0.11962196230888367,244.47164916992188,1111.5703125,0.020411401987075806,387.92498779296875,999.1180419921875,0.3508586883544922,398.4493103027344,1033.2138671875,0.02395111322402954,400.2122802734375,1017.789794921875,0.5596001744270325,471.8707275390625,1019.2747192382812,0.011578679084777832,436.5985107421875,1006.82568359375,0.9141181707382202,470.4923400878906,1045.4647216796875,0.6843335628509521,435.5303649902344,1037.95654296875,0.5575344562530518,503.4507141113281,1031.379150390625,0.9005881547927856,759.174072265625,811.7745971679688,0.038621366024017334
594,381.69647216796875,1033.53125,0.8531976938247681,352.223876953125,1021.1751708984375,0.9379122257232666,389.1555480957031,1007.9171142578125,0.005294859409332275,397.027587890625,1021.4608764648438,0.0139942467212677,373.6273193359375,1003.2233276367188,0.03149881958961487,243.24069213867188,1111.5235595703125,0.023053884506225586,392.7115478515625,995.934326171875,0.1618681252002716,396.4010925292969,1032.625732421875,0.027673840522766113,401.3856506347656,1016.8197631835938,0.6434838175773621,455.2687683105469,1013.4157104492188,0.010591059923171997,435.060302734375,1004.8215942382812,0.8498575687408447,463.0762023925781,1045.336181640625,0.8425700664520264,442.38055419921875,1037.8907470703125,0.35243427753448486,503.3670654296875,1031.49267578125,0.9234308004379272,758.7393798828125,811.6009521484375,0.03403371572494507
595,381.5381774902344,1033.58642578125,0.8655325174331665,352.26434326171875,1021.2569580078125,0.9327056407928467,389.2233581542969,1008.0532836914062,0.0049457848072052,396.92230224609375,1021.6253051757812,0.014544844627380371,373.4340515136719,1003.393310546875,0.028598040342330933,243.12631225585938,1111.016357421875,0.023045897483825684,399.1637268066406,993.0352783203125,0.17144367098808289,396.1736145019531,1025.287109375,0.030147910118103027,403.8003234863281,1018.6173095703125,0.6653217673301697,455.4073181152344,1013.3113403320312,0.011603832244873047,435.8515319824219,1004.7393798828125,0.8651020526885986,462.7889099121094,1045.3775634765625,0.8317339420318604,441.9729309082031,1037.9830322265625,0.3426191508769989,503.41400146484375,1031.290771484375,0.9192318916320801,758.7310791015625,811.5962524414062,0.03373587131500244
596,380.1494445800781,1031.5838623046875,0.589499831199646,344.9761962890625,1020.3753051757812,0.9074122309684753,389.4375915527344,1007.1206665039062,0.002851635217666626,398.95574951171875,1019.8199462890625,0.01076972484588623,358.87579345703125,992.8021850585938,0.04316830635070801,243.27017211914062,1110.51904296875,0.03619104623794556,399.7799377441406,993.4366455078125,0.1228264570236206,398.1531677246094,1024.97705078125,0.05026605725288391,404.4633483886719,1018.0328369140625,0.6759467720985413,456.4713134765625,1014.060546875,0.017509639263153076,435.8107604980469,1005.7767944335938,0.6808439493179321,463.0927734375,1046.2845458984375,0.883863091468811,456.0396423339844,1038.7711181640625,0.5217880606651306,502.48712158203125,1031.8734130859375,0.9294372797012329,637.2659912109375,1032.0965576171875,0.027366966009140015
597,380.35504150390625,1031.69775390625,0.5772812366485596,344.8245849609375,1020.3076782226562,0.9104518890380859,389.6024475097656,1007.1538696289062,0.002777099609375,399.184814453125,1019.9214477539062,0.01104632019996643,359.1012268066406,992.5557861328125,0.0413840115070343,243.94845581054688,1110.87548828125,0.02060207724571228,399.92657470703125,993.4104614257812,0.12139678001403809,398.1296081542969,1024.7705078125,0.04929789900779724,404.5091857910156,1017.9896240234375,0.6779413819313049,456.3926086425781,1014.0657348632812,0.018704116344451904,436.0287170410156,1005.822265625,0.6930367946624756,462.8323669433594,1046.641357421875,0.8936982750892639,455.80523681640625,1038.7928466796875,0.492723673582077,502.3755187988281,1031.89306640625,0.9323678016662598,637.009521484375,1031.969482421875,0.03805539011955261
598,377.0346374511719,1026.7867431640625,0.44757094979286194,341.81085205078125,1017.9527587890625,0.9008243680000305,387.6893310546875,1007.212158203125,0.002853959798812866,398.1545715332031,1019.890380859375,0.00485876202583313,361.53704833984375,991.1322021484375,0.039225250482559204,250.3105926513672,1109.36767578125,0.03284528851509094,400.2357177734375,991.55615234375,0.23146769404411316,395.74993896484375,1024.619384765625,0.02519017457962036,400.7325134277344,1016.9067993164062,0.7279515862464905,455.4299011230469,1013.3349609375,0.012555420398712158,436.98736572265625,1005.5148315429688,0.858289897441864,460.91937255859375,1046.405517578125,0.8907006978988647,442.2110900878906,1036.6973876953125,0.3614051938056946,502.0895080566406,1032.0587158203125,0.9328588843345642,630.6727905273438,1031.2386474609375,0.030736088752746582
599,377.1564025878906,1026.9154052734375,0.43848130106925964,342.0020751953125,1017.8242797851562,0.9001193046569824,387.7052307128906,1007.3190307617188,0.0030305683612823486,397.9476623535156,1019.9066162109375,0.004441112279891968,361.5428161621094,991.0851440429688,0.041203081607818604,250.31300354003906,1109.364013671875,0.03291395306587219,400.2258605957031,991.5018920898438,0.24393001198768616,395.56634521484375,1024.76904296875,0.024414628744125366,400.5768127441406,1016.9142456054688,0.7052502632141113,455.3927001953125,1013.2297973632812,0.012069106101989746,437.0764465332031,1005.5520629882812,0.8604946136474609,460.79998779296875,1046.4134521484375,0.8903312683105469,442.16790771484375,1036.6875,0.3677805960178375,502.12933349609375,1032.041748046875,0.9335325956344604,630.7068481445312,1031.298828125,0.031216144561767578
600,387.1763000488281,1036.284912109375,0.18914595246315002,343.41180419921875,1014.6932983398438,0.5192932486534119,399.6405029296875,988.0,0.0026568472385406494,415.0104675292969,991.5511474609375,0.006382465362548828,361.1092834472656,994.406005859375,0.1304553747177124,251.29051208496094,1109.5770263671875,0.03486868739128113,399.8184814453125,991.1279907226562,0.4146672487258911,398.8873596191406,1025.88623046875,0.012899458408355713,405.9010925292969,1017.7013549804688,0.5306822061538696,459.5904235839844,1013.6580810546875,0.007676064968109131,437.7806701660156,1004.1109008789062,0.8583866357803345,460.5494689941406,1047.5439453125,0.9026986360549927,446.62109375,1035.4918212890625,0.6798924207687378,501.92620849609375,1032.016357421875,0.935760498046875,630.90869140625,1031.078857421875,0.03519105911254883
601,387.16632080078125,1036.5794677734375,0.18102142214775085,343.10296630859375,1014.729248046875,0.508845329284668,399.797119140625,987.8518676757812,0.0030539333820343018,415.4657287597656,991.371337890625,0.007198542356491089,367.8150939941406,992.6910400390625,0.12582442164421082,251.12820434570312,1109.1700439453125,0.04391118884086609,399.5752868652344,990.8820190429688,0.4178355932235718,398.5852355957031,1026.24072265625,0.013458669185638428,405.528564453125,1017.6324462890625,0.520865261554718,459.6009521484375,1013.42626953125,0.00815361738204956,437.6547546386719,1004.1840209960938,0.8682303428649902,460.56854248046875,1047.4149169921875,0.9016867280006409,446.6178894042969,1035.6129150390625,0.6640759110450745,501.93096923828125,1032.05078125,0.9341855645179749,637.0225830078125,1031.7633056640625,0.07435470819473267
602,375.9173278808594,1025.36181640625,0.19702091813087463,341.59808349609375,1015.01708984375,0.6159273386001587,385.689697265625,1012.441650390625,0.0016527175903320312,401.4570617675781,1003.6096801757812,0.005881637334823608,376.6265563964844,995.5759887695312,0.08413788676261902,244.06124877929688,1110.283935546875,0.03713664412498474,400.32635498046875,990.48583984375,0.2842903733253479,397.4351501464844,1024.7047119140625,0.01629495620727539,401.3211975097656,1016.32666015625,0.5728621482849121,460.30657958984375,1015.2244262695312,0.005991309881210327,437.56768798828125,1004.73486328125,0.8669875264167786,459.41131591796875,1047.3455810546875,0.8534717559814453,438.9056396484375,1034.466064453125,0.537796676158905,500.6143493652344,1032.1917724609375,0.9230560064315796,636.6704711914062,1031.5274658203125,0.07248908281326294
603,376.017578125,1025.4000244140625,0.1875108778476715,341.4507141113281,1014.8018798828125,0.5739513635635376,385.7497253417969,1012.3716430664062,0.0015957355499267578,401.4095764160156,1003.6867065429688,0.005717575550079346,376.7249755859375,995.5260620117188,0.08335709571838379,244.69802856445312,1110.3685302734375,0.040899574756622314,400.27947998046875,990.5540161132812,0.2869110703468323,397.40130615234375,1024.6690673828125,0.01537632942199707,401.2679443359375,1016.2799682617188,0.5678602457046509,460.3263854980469,1015.1431884765625,0.006227225065231323,437.58587646484375,1004.6515502929688,0.8678491115570068,459.3623352050781,1047.169921875,0.8446111679077148,438.8795471191406,1034.52734375,0.5334129333496094,500.69146728515625,1032.1529541015625,0.9243274927139282,636.568603515625,1031.6068115234375,0.0657392144203186
604,374.5176086425781,1024.772705078125,0.209146648645401,351.45391845703125,1015.9075927734375,0.6865113377571106,387.6449890136719,1007.5182495117188,0.0031987130641937256,399.765869140625,1003.6980590820312,0.0077626705169677734,369.0667419433594,1000.3009033203125,0.13863089680671692,245.04702758789062,1110.7852783203125,0.05085641145706177,409.6913757324219,992.9478759765625,0.35302335023880005,400.68914794921875,1026.8831787109375,0.015941202640533447,403.951904296875,1011.7440795898438,0.4071280360221863,458.328369140625,1014.8384399414062,0.02231881022453308,437.81494140625,1003.1896362304688,0.8788977861404419,456.045166015625,1047.588623046875,0.8084532022476196,444.9300231933594,1038.11279296875,0.4978828728199005,500.8613586425781,1032.2850341796875,0.9208046793937683,631.74658203125,1031.609619140625,0.1531115472316742
605,374.5235595703125,1024.7423095703125,0.20819416642189026,351.4703063964844,1015.8887329101562,0.6835523843765259,387.64239501953125,1007.497802734375,0.003161132335662842,399.7463073730469,1003.6847534179688,0.007529795169830322,369.1162414550781,1000.3043212890625,0.13904955983161926,244.60411071777344,1110.7939453125,0.05032709240913391,409.5656433105469,993.0820922851562,0.3501887023448944,400.5549011230469,1026.8800048828125,0.015694767236709595,403.95977783203125,1011.7357788085938,0.4001147449016571,458.28265380859375,1014.8521728515625,0.0223444402217865,437.90576171875,1003.1820678710938,0.8777072429656982,456.0025329589844,1047.61376953125,0.8096177577972412,444.9192199707031,1038.075439453125,0.4960172474384308,500.7283935546875,1032.3607177734375,0.9218910932540894,631.742431640625,1031.6024169921875,0.15345093607902527
606,374.5320739746094,1026.600341796875,0.27742457389831543,357.3406677246094,1013.5222778320312,0.7480802536010742,385.4576110839844,1005.9185180664062,0.003058403730392456,384.8782043457031,1006.2896118164062,0.009276896715164185,360.9128112792969,994.5296630859375,0.23539316654205322,244.17608642578125,1111.035400390625,0.035621583461761475,401.5228271484375,990.2412109375,0.38387635350227356,767.43408203125,1207.315673828125,0.013732969760894775,402.61492919921875,1009.0919189453125,0.46788400411605835,452.35247802734375,1013.548828125,0.013041019439697266,435.2261047363281,1002.4230346679688,0.858430027961731,453.1270446777344,1049.932861328125,0.9355008602142334,441.63641357421875,1039.3204345703125,0.7087014317512512,498.2987976074219,1031.2672119140625,0.9211280345916748,632.109130859375,1031.0255126953125,0.14488676190376282
607,374.74957275390625,1026.4625244140625,0.2635217308998108,358.1703796386719,1013.4888916015625,0.7401904463768005,385.5096435546875,1005.6687622070312,0.0030875802040100098,384.9285583496094,1006.3230590820312,0.008891969919204712,361.0710754394531,994.7547607421875,0.21571451425552368,244.19070434570312,1110.9503173828125,0.03170579671859741,401.794189453125,990.3357543945312,0.37596404552459717,735.0632934570312,1197.9197998046875,0.013513058423995972,402.6776123046875,1009.041259765625,0.4473465085029602,452.4587707519531,1013.59814453125,0.013918131589889526,435.2922058105469,1002.4569702148438,0.8604742288589478,453.1606750488281,1049.9508056640625,0.9356114864349365,441.66937255859375,1039.4090576171875,0.7091497778892517,498.2792663574219,1031.3267822265625,0.9210989475250244,633.9862060546875,1030.8199462890625,0.11489871144294739
608,374.40313720703125,1026.90673828125,0.25932538509368896,351.4918212890625,1015.5508422851562,0.7203604578971863,385.2218933105469,1006.8343505859375,0.005171149969100952,386.1611633300781,1007.1712036132812,0.01445356011390686,361.4813537597656,994.4163818359375,0.13756242394447327,244.31028747558594,1110.7294921875,0.030957520008087158,400.54449462890625,990.8717651367188,0.38521066308021545,398.4645690917969,1025.01953125,0.015065640211105347,400.68402099609375,1009.262451171875,0.5411149859428406,451.8682861328125,1012.8855590820312,0.01024678349494934,436.2877502441406,1003.5401000976562,0.9179302453994751,450.1475830078125,1049.25341796875,0.9424819946289062,441.08038330078125,1041.0657958984375,0.8441896438598633,494.14984130859375,1031.6942138671875,0.9189668893814087,629.3125610351562,1030.0718994140625,0.08184543251991272
609,374.4746398925781,1026.9761962890625,0.26753079891204834,351.1409912109375,1015.7646484375,0.7025440335273743,384.98211669921875,1006.6373901367188,0.005127549171447754,386.1224670410156,1007.109619140625,0.015953242778778076,361.70501708984375,994.1876831054688,0.15001913905143738,243.6137237548828,1110.3314208984375,0.021904408931732178,400.53533935546875,990.6641845703125,0.4161756634712219,398.559814453125,1025.2830810546875,0.014550268650054932,401.2403259277344,1009.238037109375,0.5393466949462891,451.8116760253906,1012.5942993164062,0.00984296202659607,436.0703125,1003.2703247070312,0.9171242117881775,450.20489501953125,1049.270263671875,0.9427040815353394,441.0146789550781,1041.0460205078125,0.8461439609527588,494.30023193359375,1031.70654296875,0.9068829417228699,629.7294921875,1029.9503173828125,0.13000911474227905
610,375.1493225097656,1025.3157958984375,0.31711092591285706,351.6203918457031,1015.3788452148438,0.8085659742355347,386.3243103027344,1007.4139404296875,0.0050820112228393555,387.03607177734375,1018.0045166015625,0.010642826557159424,375.84686279296875,1003.12646484375,0.06649571657180786,243.28271484375,1110.0343017578125,0.018069863319396973,398.710693359375,993.6103515625,0.28557825088500977,385.4344482421875,1035.9232177734375,0.031699031591415405,399.0527038574219,1021.7328491210938,0.5679259896278381,452.0409851074219,1011.176025390625,0.013395369052886963,436.083251953125,1002.96435546875,0.902213454246521,451.0340881347656,1046.5809326171875,0.905190110206604,441.8111877441406,1040.29736328125,0.8317041397094727,493.5421142578125,1031.4713134765625,0.9058501720428467,627.9501953125,1028.8250732421875,0.24646437168121338
611,375.1370544433594,1025.25244140625,0.32313665747642517,351.5682067871094,1015.3018798828125,0.8016741275787354,386.1049499511719,1007.4617309570312,0.005196899175643921,387.0259704589844,1017.971435546875,0.011142253875732422,375.6914367675781,1003.0614624023438,0.06593990325927734,243.38832092285156,1110.2218017578125,0.017283260822296143,398.65289306640625,993.5950317382812,0.3077312707901001,385.4647521972656,1035.9609375,0.03249841928482056,399.00048828125,1021.9356689453125,0.5717328786849976,449.77252197265625,1009.1271362304688,0.013351082801818848,436.0496826171875,1003.149658203125,0.910523533821106,450.99639892578125,1046.642333984375,0.9066739678382874,441.7825927734375,1040.2991943359375,0.8323509693145752,493.5875244140625,1031.45654296875,0.9078273177146912,627.9457397460938,1028.833251953125,0.2486811876296997
612,375.3081359863281,1026.6494140625,0.283320814371109,352.900146484375,1016.2300415039062,0.8057378530502319,386.2107238769531,1005.9129028320312,0.0071159303188323975,383.6289367675781,1006.4801025390625,0.010725438594818115,374.8323059082031,1003.3179321289062,0.11137434840202332,542.3544921875,461.7013854980469,0.014711707830429077,398.63372802734375,994.45458984375,0.317391961812973,385.99871826171875,1035.8040771484375,0.03313177824020386,399.9681701660156,1022.5505981445312,0.6109206676483154,449.4847717285156,1008.5892944335938,0.018777817487716675,436.8525390625,1003.3207397460938,0.922039806842804,450.3069763183594,1045.93212890625,0.9269841909408569,441.38861083984375,1039.7791748046875,0.806010365486145,493.65594482421875,1031.5538330078125,0.8956375122070312,626.224853515625,1027.9295654296875,0.18566924333572388
613,375.3187561035156,1026.62548828125,0.2917645573616028,352.7449035644531,1016.1437377929688,0.8050787448883057,385.9877014160156,1005.816162109375,0.007180064916610718,383.51812744140625,1006.4932861328125,0.011978626251220703,374.82733154296875,1003.3059692382812,0.11583378911018372,542.2357177734375,461.6804504394531,0.014727652072906494,398.5486145019531,994.39697265625,0.3101213574409485,386.08013916015625,1035.75537109375,0.03775256872177124,399.9429626464844,1022.5115966796875,0.6374404430389404,449.3085632324219,1008.6432495117188,0.01764938235282898,436.63494873046875,1003.1369018554688,0.9239398241043091,450.3594665527344,1046.00146484375,0.924849271774292,441.46405029296875,1039.794921875,0.8132627010345459,493.6663818359375,1031.598388671875,0.8906570076942444,626.6234130859375,1027.92236328125,0.20201662182807922
614,374.3063659667969,1026.614990234375,0.29982638359069824,342.6198425292969,1014.8281860351562,0.7326834797859192,385.3467102050781,1005.998046875,0.005313515663146973,397.0351867675781,1003.6419677734375,0.012484043836593628,374.5933532714844,1001.2341918945312,0.07886707782745361,542.2511596679688,461.5587463378906,0.014549106359481812,396.9497375488281,994.1622314453125,0.36904817819595337,385.9643859863281,1035.373779296875,0.055904924869537354,396.9658203125,1022.9589233398438,0.7421180009841919,449.4725341796875,1008.9749145507812,0.011469066143035889,436.84637451171875,1003.1156005859375,0.9229626655578613,451.14007568359375,1046.8154296875,0.9166321754455566,441.01641845703125,1038.6763916015625,0.8139773011207581,493.5599365234375,1031.095947265625,0.9117271900177002,626.2151489257812,1027.5892333984375,0.1087159812450409
615,374.63763427734375,1026.6263427734375,0.32468682527542114,342.7830505371094,1014.9139404296875,0.7490561604499817,385.2035217285156,1006.1763916015625,0.006376504898071289,397.296875,1003.3564453125,0.013644665479660034,374.3326721191406,1001.6787719726562,0.08651620149612427,542.2923583984375,461.59051513671875,0.01450413465499878,396.7049560546875,994.4104614257812,0.4005068242549896,385.87091064453125,1035.85791015625,0.044958919286727905,397.3462829589844,1023.3086547851562,0.7364270091056824,449.4206848144531,1009.0580444335938,0.012460947036743164,436.4627685546875,1003.4016723632812,0.923255205154419,450.7261962890625,1046.9154052734375,0.9284175634384155,440.7870788574219,1039.0966796875,0.8118317127227783,493.8216857910156,1031.20849609375,0.9230457544326782,625.8307495117188,1027.42138671875,0.1556224822998047
616,373.63916015625,1026.7705078125,0.3969327509403229,350.3478088378906,1016.0928344726562,0.7772572636604309,386.37506103515625,1006.9989624023438,0.0059683918952941895,384.2138671875,1005.6657104492188,0.014287292957305908,371.046142578125,998.0280151367188,0.17481482028961182,542.2957153320312,461.57769775390625,0.01456335186958313,397.0135498046875,995.3893432617188,0.4596765637397766,384.24578857421875,1023.6318359375,0.026189059019088745,397.743896484375,1022.6292114257812,0.6080493927001953,449.82122802734375,1008.6098022460938,0.02024024724960327,437.3391418457031,1003.966796875,0.9342470169067383,450.5145568847656,1046.4254150390625,0.9294711351394653,441.9352722167969,1038.3746337890625,0.7357804775238037,493.87945556640625,1030.992919921875,0.8847743272781372,625.4964599609375,1027.2078857421875,0.12994173169136047
617,373.6177673339844,1026.6907958984375,0.3968968689441681,350.3360290527344,1016.0584106445312,0.7768067121505737,386.4504699707031,1007.00732421875,0.006004750728607178,384.2291564941406,1005.7081298828125,0.014242559671401978,370.99261474609375,998.0258178710938,0.17554229497909546,542.3033447265625,461.5783386230469,0.01456230878829956,397.0953674316406,995.30712890625,0.4647030532360077,384.2658386230469,1023.6126098632812,0.026852697134017944,397.7669372558594,1022.6709594726562,0.6114599108695984,449.92047119140625,1008.54052734375,0.02258765697479248,437.4842224121094,1004.0472412109375,0.9333865642547607,450.54254150390625,1046.3929443359375,0.929108738899231,441.9164123535156,1038.3172607421875,0.7362611889839172,493.9259948730469,1030.89501953125,0.878792405128479,625.57275390625,1027.219482421875,0.12920090556144714
618,373.9019775390625,1027.39794921875,0.38599473237991333,351.1112365722656,1017.317138671875,0.8190638422966003,388.0358581542969,1006.0678100585938,0.005682587623596191,388.2127685546875,1018.0625610351562,0.010775148868560791,360.8785400390625,995.2601928710938,0.1590273082256317,542.258056640625,461.50091552734375,0.014671385288238525,396.74755859375,995.0820922851562,0.3928636908531189,365.5745849609375,1035.7589111328125,0.022993266582489014,399.3387451171875,1010.3970947265625,0.6341307163238525,450.6775817871094,1007.6988525390625,0.03813239932060242,437.3166198730469,1002.489990234375,0.9130874872207642,447.0068664550781,1046.8614501953125,0.9037277698516846,441.7183837890625,1036.884033203125,0.696915328502655,493.57330322265625,1030.932861328125,0.8888260126113892,623.6392822265625,1027.7613525390625,0.16408342123031616
619,373.5137634277344,1027.61865234375,0.3721768260002136,351.0072937011719,1017.403564453125,0.8270019292831421,388.19500732421875,1006.1105346679688,0.005499511957168579,387.9802551269531,1017.8321533203125,0.011685937643051147,361.15814208984375,995.3814697265625,0.18207353353500366,542.2645874023438,461.4851989746094,0.014507383108139038,396.80609130859375,995.3269653320312,0.41128456592559814,364.58203125,1035.8427734375,0.021315425634384155,399.534912109375,1010.4155883789062,0.6240042448043823,450.6940002441406,1007.8739624023438,0.03811067342758179,437.59478759765625,1002.68359375,0.9167404174804688,446.9276428222656,1046.8485107421875,0.9044312238693237,441.8092346191406,1036.6744384765625,0.6984043121337891,493.3770446777344,1030.873291015625,0.881392240524292,623.653076171875,1027.763427734375,0.16237318515777588
620,370.6214294433594,1024.81884765625,0.2946215271949768,352.44476318359375,1015.5685424804688,0.7161219120025635,354.05682373046875,1023.73828125,0.0035866200923919678,385.0733642578125,1016.7484130859375,0.014000564813613892,362.1286315917969,997.6730346679688,0.18519854545593262,542.2195434570312,461.3645935058594,0.014571309089660645,396.7041931152344,994.666015625,0.35555416345596313,367.8377380371094,1034.4708251953125,0.04916781187057495,398.1960754394531,1014.0153198242188,0.6041302680969238,451.47216796875,1008.0062255859375,0.043745994567871094,437.3489685058594,1002.8904418945312,0.9134731888771057,449.3947448730469,1046.7777099609375,0.8941084742546082,441.7610168457031,1036.691162109375,0.6998372673988342,493.2038879394531,1030.2601318359375,0.8819417953491211,624.720703125,1026.5826416015625,0.16308900713920593
621,370.5191955566406,1024.89501953125,0.30253881216049194,352.19256591796875,1015.559814453125,0.7189332842826843,354.16552734375,1023.8196411132812,0.0037923455238342285,385.0603942871094,1016.8319091796875,0.014337122440338135,362.0755310058594,997.6229858398438,0.183385968208313,542.239990234375,461.35211181640625,0.014567017555236816,396.6915588378906,994.6664428710938,0.3549792468547821,367.84423828125,1034.463623046875,0.050348907709121704,398.1409606933594,1013.996337890625,0.6015741229057312,451.4530029296875,1008.0439453125,0.04213404655456543,437.3394775390625,1002.9010009765625,0.9149082899093628,449.42779541015625,1046.864013671875,0.8965101838111877,441.7883605957031,1036.7276611328125,0.691757321357727,493.4035949707031,1030.209228515625,0.8721441030502319,623.5753784179688,1026.979736328125,0.1509416103363037
622,359.8211669921875,1020.5693969726562,0.2672388553619385,353.8358154296875,1015.6826171875,0.7704676389694214,387.0438232421875,1005.3060302734375,0.004420757293701172,385.4887390136719,1017.1467895507812,0.010534971952438354,362.2247619628906,999.6610107421875,0.28413480520248413,542.15673828125,461.45660400390625,0.014627128839492798,397.5125427246094,995.2003173828125,0.30899858474731445,381.8782653808594,1025.054931640625,0.036940157413482666,399.5801086425781,1009.7321166992188,0.3989245295524597,451.1096496582031,1007.849853515625,0.059890568256378174,438.8858337402344,1004.8855590820312,0.9051929116249084,447.58441162109375,1046.6690673828125,0.9459896087646484,441.19415283203125,1035.8829345703125,0.6508346796035767,494.381103515625,1030.45458984375,0.8274288177490234,623.9085693359375,1026.719482421875,0.16724681854248047
623,359.9401550292969,1020.3982543945312,0.25100305676460266,354.19024658203125,1015.8814697265625,0.7799663543701172,387.0475769042969,1005.35546875,0.004324376583099365,385.52398681640625,1017.072265625,0.009955227375030518,362.1474914550781,999.6961059570312,0.2740479111671448,542.1582641601562,461.4508056640625,0.014541536569595337,397.64788818359375,995.2362060546875,0.3106011748313904,381.9518737792969,1024.9981689453125,0.03529489040374756,399.5319519042969,1009.735595703125,0.3993314504623413,451.23223876953125,1008.0157470703125,0.056390225887298584,438.22015380859375,1003.3071899414062,0.9029298424720764,447.486083984375,1046.7607421875,0.9442392587661743,441.27801513671875,1035.907470703125,0.655916154384613,494.2070617675781,1030.2840576171875,0.8354085683822632,624.1179809570312,1026.806396484375,0.2044178545475006
624,360.4863586425781,1021.6509399414062,0.22227665781974792,355.2242736816406,1017.2591552734375,0.9005619287490845,387.17352294921875,1005.6790771484375,0.008411288261413574,399.53515625,1003.3796997070312,0.013305366039276123,361.5960388183594,997.799560546875,0.19998711347579956,542.2606201171875,461.4569091796875,0.014462560415267944,399.1785583496094,992.0133056640625,0.369868665933609,395.648193359375,1035.2210693359375,0.03270944952964783,397.8236083984375,1011.6795654296875,0.45918193459510803,451.36724853515625,1007.9232177734375,0.09206712245941162,438.06280517578125,1003.068603515625,0.8926404118537903,450.86639404296875,1046.5333251953125,0.9430866241455078,442.3714599609375,1035.749755859375,0.5659160614013672,493.0749206542969,1030.032470703125,0.9163209795951843,625.5132446289062,1026.1494140625,0.21351173520088196
625,360.5119323730469,1021.6900634765625,0.21671998500823975,355.2315673828125,1017.3387451171875,0.8986387252807617,387.14483642578125,1005.5410766601562,0.008719384670257568,399.59039306640625,1003.357421875,0.013831496238708496,361.489013671875,997.8651733398438,0.20137307047843933,542.199951171875,461.4320983886719,0.014406472444534302,399.212890625,991.9224853515625,0.35515981912612915,395.64910888671875,1035.1239013671875,0.03370058536529541,397.7490234375,1011.78369140625,0.4587998390197754,451.37774658203125,1007.9449462890625,0.09288078546524048,438.08038330078125,1003.084716796875,0.8922461271286011,450.8616638183594,1046.509033203125,0.9429594278335571,442.3686218261719,1035.733642578125,0.5625285506248474,493.0856018066406,1030.038330078125,0.9167572259902954,625.46484375,1026.230224609375,0.21219226717948914
626,371.7972717285156,1023.7785034179688,0.15698745846748352,355.6217041015625,1017.23046875,0.8706604242324829,386.40997314453125,1004.820556640625,0.00573045015335083,398.40667724609375,1003.7844848632812,0.01662147045135498,360.4892883300781,996.70849609375,0.1279909908771515,542.1900634765625,461.4353332519531,0.01450127363204956,387.43658447265625,996.158203125,0.4299343526363373,392.5843505859375,1030.88037109375,0.06696894764900208,388.37554931640625,1025.5611572265625,0.552878737449646,451.35076904296875,1008.6278686523438,0.06314811110496521,439.31640625,1005.2088623046875,0.9281588196754456,451.8300476074219,1047.46533203125,0.9468076229095459,442.987548828125,1036.2119140625,0.6777918934822083,493.2942199707031,1029.4139404296875,0.9100116491317749,624.4134521484375,1026.8265380859375,0.20611396431922913
627,360.6439514160156,1022.5182495117188,0.16046974062919617,355.5910949707031,1016.951416015625,0.8661282062530518,386.49566650390625,1005.1255493164062,0.005695700645446777,398.36358642578125,1003.9248657226562,0.01650679111480713,360.7194519042969,996.4705200195312,0.11913803219795227,542.1759033203125,461.4150390625,0.01460692286491394,387.4819641113281,995.9082641601562,0.4502580165863037,392.7589416503906,1030.8653564453125,0.06935268640518188,388.7468566894531,1025.4544677734375,0.5287407636642456,451.4759521484375,1008.8422241210938,0.05880671739578247,439.166259765625,1004.9183959960938,0.9253211617469788,452.1728820800781,1047.4373779296875,0.9467499852180481,442.9581298828125,1036.00537109375,0.6857884526252747,493.56939697265625,1029.3466796875,0.913784384727478,625.5263061523438,1026.440673828125,0.2050093114376068
628,371.2427062988281,1027.5108642578125,0.2001398205757141,356.36407470703125,1019.6304931640625,0.8938524127006531,390.11102294921875,1005.5034790039062,0.0084686279296875,398.7336120605469,1003.9088134765625,0.03335064649581909,360.4975280761719,996.7744750976562,0.23256582021713257,542.2296142578125,461.3951416015625,0.014647990465164185,398.33837890625,993.3570556640625,0.4400184750556946,394.7962646484375,1030.179931640625,0.05300593376159668,398.1896057128906,1019.2238159179688,0.5671654343605042,451.8177490234375,1008.8385620117188,0.07008284330368042,438.52484130859375,1003.841064453125,0.9153587222099304,452.74365234375,1047.662353515625,0.9374034404754639,442.0364074707031,1035.4429931640625,0.6701983213424683,493.6713562011719,1028.887939453125,0.9072211980819702,625.5632934570312,1026.494140625,0.23565256595611572
629,371.15557861328125,1027.4351806640625,0.19661551713943481,356.2398986816406,1019.6295166015625,0.8951349258422852,389.685302734375,1005.4893188476562,0.008851081132888794,398.6225891113281,1003.9776611328125,0.03626719117164612,375.8156433105469,992.1769409179688,0.21374329924583435,542.2059936523438,461.3316650390625,0.014631509780883789,398.3664855957031,993.3203735351562,0.4412720799446106,394.4598693847656,1030.3155517578125,0.054710060358047485,397.9004821777344,1019.3956909179688,0.5615639686584473,451.96759033203125,1009.049560546875,0.06636086106300354,438.3502197265625,1003.8514404296875,0.9129846096038818,452.6102600097656,1047.515380859375,0.9377318024635315,442.13018798828125,1035.5867919921875,0.6900286674499512,493.4971923828125,1029.086669921875,0.9078172445297241,625.529541015625,1026.5037841796875,0.22783026099205017
630,372.4199523925781,1028.7615966796875,0.2393132746219635,355.7894287109375,1020.8549194335938,0.8528282046318054,391.27777099609375,1005.66650390625,0.009002864360809326,400.1767883300781,1004.6221923828125,0.03599274158477783,361.5357971191406,997.161865234375,0.3477744162082672,542.0498657226562,461.0909729003906,0.01494714617729187,399.19866943359375,993.3959350585938,0.5503858923912048,398.4599609375,1030.9461669921875,0.03760272264480591,400.64691162109375,1020.4699096679688,0.6596980094909668,451.1297302246094,1009.017578125,0.06405606865882874,438.52874755859375,1004.9996948242188,0.9243676066398621,453.12591552734375,1047.703857421875,0.9195536375045776,440.9532470703125,1034.0364990234375,0.7452571392059326,493.6540222167969,1028.3553466796875,0.9217963218688965,625.7568969726562,1026.2425537109375,0.2753833830356598
631,372.04058837890625,1028.8685302734375,0.2409115731716156,356.33587646484375,1020.628173828125,0.8451594114303589,391.3044128417969,1005.6609497070312,0.007987499237060547,399.89593505859375,1004.5577392578125,0.03183174133300781,361.7569885253906,996.9705200195312,0.3380777835845947,542.04736328125,461.1343994140625,0.015049159526824951,399.08929443359375,993.361083984375,0.5493935346603394,398.1643981933594,1030.9371337890625,0.03890800476074219,400.4172058105469,1020.3884887695312,0.6543342471122742,451.009521484375,1009.1801147460938,0.05813297629356384,438.40826416015625,1004.9321899414062,0.9253118634223938,453.05908203125,1047.6649169921875,0.922044038772583,441.0664978027344,1034.242919921875,0.7418780326843262,493.07354736328125,1028.5677490234375,0.9011357426643372,625.7401733398438,1026.221435546875,0.2894933223724365
632,371.23406982421875,1028.6651611328125,0.32408493757247925,354.3210754394531,1019.6981811523438,0.8546627759933472,386.5980224609375,1005.6199340820312,0.005581021308898926,399.00982666015625,1003.9571533203125,0.029673010110855103,362.10650634765625,996.310302734375,0.33670341968536377,541.9398193359375,461.2468566894531,0.01527455449104309,389.62945556640625,996.4812622070312,0.6325055956840515,395.79742431640625,1030.86279296875,0.042572617530822754,396.4776916503906,1025.494384765625,0.7138988375663757,450.8177490234375,1009.5083618164062,0.04582947492599487,438.8818664550781,1005.073486328125,0.9380812644958496,453.3633728027344,1047.9400634765625,0.9227520227432251,441.0506896972656,1034.0653076171875,0.7867827415466309,492.7408752441406,1028.676513671875,0.8698804378509521,625.7154541015625,1026.5740966796875,0.2911378741264343
633,371.3896789550781,1028.8660888671875,0.33899715542793274,354.0115661621094,1019.8748779296875,0.8555135130882263,386.611328125,1005.9425659179688,0.0060298144817352295,399.1053466796875,1003.922119140625,0.032916247844696045,362.3965759277344,996.453125,0.356276273727417,541.7291259765625,461.0433044433594,0.015235960483551025,396.5069274902344,995.65283203125,0.6591320633888245,395.84381103515625,1031.1162109375,0.03839200735092163,396.8131103515625,1025.7640380859375,0.7429930567741394,450.8581848144531,1009.4629516601562,0.03995227813720703,438.6385192871094,1004.8493041992188,0.9376438856124878,454.2605895996094,1047.9765625,0.9125454425811768,440.90716552734375,1033.8343505859375,0.7750227451324463,492.9747619628906,1028.48779296875,0.8914308547973633,625.6654663085938,1026.36279296875,0.27236810326576233
634,375.9450378417969,1028.4268798828125,0.38172677159309387,355.0289306640625,1019.9235229492188,0.8507988452911377,386.70892333984375,1005.7362670898438,0.005224466323852539,385.8063049316406,1020.3798217773438,0.026357531547546387,362.5085754394531,996.3041381835938,0.3340855538845062,541.6998291015625,461.02252197265625,0.015214353799819946,395.7246398925781,996.0686645507812,0.6820031404495239,395.8451843261719,1030.851318359375,0.03466796875,395.9437255859375,1025.9833984375,0.7640920877456665,450.5221252441406,1009.5043334960938,0.04362782835960388,438.7113342285156,1004.6358642578125,0.94073486328125,454.3868103027344,1047.4552001953125,0.9213529825210571,441.00970458984375,1033.491943359375,0.8046156167984009,493.04608154296875,1028.5726318359375,0.8830430507659912,625.4530639648438,1026.6832275390625,0.29384130239486694
635,375.78118896484375,1028.482421875,0.3999471068382263,355.2214050292969,1019.8277587890625,0.8478342294692993,386.62506103515625,1005.720703125,0.0049752891063690186,385.5574951171875,1020.4887084960938,0.02773270010948181,362.56475830078125,996.2659912109375,0.3313102126121521,541.7814331054688,460.98712158203125,0.0151137113571167,395.71673583984375,996.174072265625,0.6817245483398438,395.63092041015625,1030.9893798828125,0.03396695852279663,395.86175537109375,1026.0579833984375,0.7583761215209961,450.555419921875,1009.8048706054688,0.044740140438079834,438.759521484375,1004.8361206054688,0.9395711421966553,454.47283935546875,1047.349609375,0.9220819473266602,441.0257568359375,1033.5889892578125,0.80727219581604,492.93548583984375,1028.681640625,0.8734821677207947,625.4395751953125,1026.7037353515625,0.3018411695957184
636,369.983154296875,1028.5875244140625,0.37723222374916077,355.07171630859375,1019.771728515625,0.8627609014511108,389.7718505859375,1004.7667236328125,0.00613442063331604,398.928466796875,1003.774169921875,0.027127563953399658,363.9444580078125,993.2843627929688,0.2852618098258972,541.7108764648438,461.0303955078125,0.015073210000991821,397.80340576171875,994.049560546875,0.6675447225570679,394.93585205078125,1031.223388671875,0.033940643072128296,394.49884033203125,1026.340087890625,0.7586989998817444,450.30487060546875,1010.2086181640625,0.05325961112976074,438.31207275390625,1005.2000122070312,0.943820595741272,453.3157653808594,1047.046142578125,0.9355853199958801,441.6025390625,1034.3154296875,0.8069380521774292,492.9257507324219,1028.34814453125,0.8808197975158691,625.2598266601562,1026.6180419921875,0.24989983439445496
637,369.98828125,1028.5853271484375,0.37759125232696533,355.0694885253906,1019.7662353515625,0.8624197244644165,389.753662109375,1004.7734985351562,0.006162136793136597,398.92669677734375,1003.7755126953125,0.027292579412460327,363.93743896484375,993.2903442382812,0.28230923414230347,541.5883178710938,460.93218994140625,0.015030473470687866,397.7567443847656,994.0806884765625,0.669437050819397,394.9374694824219,1031.2310791015625,0.03394061326980591,394.4996337890625,1026.3458251953125,0.757920503616333,450.2820739746094,1010.1996459960938,0.05313846468925476,438.3157653808594,1005.2090454101562,0.9441617727279663,453.3141784667969,1047.051513671875,0.9355384111404419,441.5977478027344,1034.305419921875,0.8074512481689453,492.9259338378906,1028.346923828125,0.881032407283783,625.2833251953125,1026.6177978515625,0.24644291400909424
638,369.57025146484375,1028.890380859375,0.4996706545352936,352.5733947753906,1020.3474731445312,0.8394545316696167,386.3798522949219,1005.4779663085938,0.005882740020751953,384.73919677734375,1021.10693359375,0.024191319942474365,362.2814025878906,995.365234375,0.2433432936668396,541.6708984375,460.9339599609375,0.015097469091415405,395.8107604980469,996.5330200195312,0.7041195631027222,395.76275634765625,1031.6962890625,0.02375766634941101,389.58416748046875,1027.71533203125,0.8092630505561829,450.4686279296875,1010.3870849609375,0.04863017797470093,437.9134826660156,1005.4689331054688,0.9372604489326477,452.75653076171875,1047.069580078125,0.9380629062652588,441.14105224609375,1034.87353515625,0.8056581616401672,492.56378173828125,1028.3221435546875,0.8736300468444824,625.2667236328125,1026.2335205078125,0.21735858917236328
639,369.3529052734375,1029.244873046875,0.4965187609195709,352.596923828125,1020.4200439453125,0.8361297845840454,386.3896789550781,1005.5275268554688,0.005509108304977417,384.4786071777344,1021.2826538085938,0.023346275091171265,362.1849060058594,995.7218017578125,0.24639004468917847,541.63232421875,460.9505920410156,0.015242815017700195,395.6275939941406,996.7174682617188,0.718622088432312,395.5522766113281,1031.4852294921875,0.02408429980278015,389.8725891113281,1027.3668212890625,0.7867146730422974,450.6601257324219,1010.358154296875,0.04352608323097229,438.0213623046875,1005.552734375,0.9350823760032654,452.9699401855469,1046.7257080078125,0.9288315773010254,441.4651184082031,1034.594970703125,0.8034783601760864,492.8025207519531,1028.309326171875,0.8750169277191162,625.2484741210938,1026.11767578125,0.25092339515686035
640,375.4819030761719,1029.296875,0.26877275109291077,352.3967590332031,1020.6428833007812,0.7502431869506836,386.4634704589844,1005.83251953125,0.006697326898574829,398.6306457519531,1003.213134765625,0.018285661935806274,362.8975830078125,995.7452392578125,0.1615709364414215,541.6091918945312,460.821044921875,0.015324264764785767,397.3081359863281,995.3712768554688,0.5949424505233765,396.8842468261719,1030.55224609375,0.017433524131774902,396.0369567871094,1025.2755126953125,0.7341140508651733,450.5863037109375,1010.0986938476562,0.04474884271621704,437.16680908203125,1005.1980590820312,0.9439941048622131,452.89715576171875,1046.13134765625,0.9141387343406677,442.1091613769531,1034.468017578125,0.7829217910766602,492.8360900878906,1028.0379638671875,0.8817596435546875,625.2775268554688,1026.2296142578125,0.24998211860656738
641,375.5484924316406,1029.223388671875,0.2689974308013916,349.6067810058594,1019.2088623046875,0.7557028532028198,386.4309387207031,1005.9375,0.006848573684692383,398.5328369140625,1003.3880004882812,0.018946349620819092,362.7285461425781,995.8374633789062,0.17291992902755737,541.653076171875,460.7969055175781,0.015275239944458008,399.3445739746094,994.2015991210938,0.5907429456710815,396.9278259277344,1030.7039794921875,0.01786544919013977,395.9600524902344,1025.3941650390625,0.7245224714279175,450.48760986328125,1010.1033325195312,0.04453855752944946,437.2743835449219,1005.263427734375,0.9456793069839478,452.94097900390625,1046.07861328125,0.9196586608886719,442.0373840332031,1034.478515625,0.786892294883728,492.8169860839844,1027.8358154296875,0.8942512273788452,625.31298828125,1026.2529296875,0.24440303444862366
642,376.2506103515625,1028.2149658203125,0.3380677103996277,346.3586730957031,1018.594482421875,0.7713724374771118,389.4391174316406,1005.8783569335938,0.005855828523635864,397.6233215332031,1002.8195190429688,0.01503780484199524,370.77935791015625,994.5015258789062,0.1895972490310669,541.91650390625,461.04486083984375,0.015293210744857788,397.88714599609375,995.511962890625,0.628008246421814,397.2456359863281,1031.170166015625,0.041984230279922485,396.2913513183594,1025.6402587890625,0.7156038880348206,449.9832763671875,1010.316162109375,0.04402017593383789,437.3757629394531,1005.87451171875,0.9497057795524597,452.5916748046875,1046.5406494140625,0.9091644287109375,441.3505554199219,1033.8612060546875,0.7795939445495605,492.4605407714844,1028.163818359375,0.9015322923660278,625.1268920898438,1026.0936279296875,0.2768916189670563
643,375.9510498046875,1028.15625,0.44175779819488525,341.33428955078125,1017.7771606445312,0.9049274921417236,385.6141662597656,1006.0842895507812,0.004631400108337402,385.5762634277344,1021.3271484375,0.013339489698410034,371.2432861328125,994.0130615234375,0.15777817368507385,541.9244384765625,461.0380859375,0.015371859073638916,397.3193054199219,995.5857543945312,0.6666639447212219,385.13348388671875,1034.0924072265625,0.043075352907180786,395.6787109375,1026.6378173828125,0.7460229396820068,449.81927490234375,1010.33056640625,0.039817869663238525,437.24884033203125,1005.5355224609375,0.9469447731971741,452.70037841796875,1046.2083740234375,0.8976953029632568,441.1735534667969,1033.562744140625,0.794187068939209,492.5684509277344,1028.2271728515625,0.9015452861785889,625.0831909179688,1026.16015625,0.3207738995552063
644,372.19244384765625,1026.494873046875,0.4534133970737457,341.0653076171875,1018.4625244140625,0.9280470609664917,385.58892822265625,1006.5288696289062,0.005505859851837158,385.83892822265625,1020.8358764648438,0.01535707712173462,377.7695617675781,990.7979125976562,0.08135777711868286,542.076904296875,461.119384765625,0.01515817642211914,398.2807922363281,994.9287719726562,0.6272897720336914,384.107666015625,1034.685791015625,0.042205363512039185,395.4683532714844,1025.6348876953125,0.7658453583717346,449.5069580078125,1009.9698486328125,0.038134753704071045,436.9237976074219,1005.1168823242188,0.9359967708587646,451.42474365234375,1046.8685302734375,0.9010195732116699,441.4551086425781,1033.4151611328125,0.8125262260437012,492.66455078125,1028.2265625,0.8885831236839294,624.7364501953125,1026.129638671875,0.23928576707839966
645,372.1882629394531,1026.4180908203125,0.44775405526161194,340.52008056640625,1018.5264892578125,0.9314142465591431,385.3740539550781,1006.4383544921875,0.005650818347930908,385.6394348144531,1020.93212890625,0.017817765474319458,377.58624267578125,991.1614379882812,0.07786357402801514,542.0640258789062,461.0804138183594,0.015196561813354492,398.18817138671875,994.85791015625,0.6378744840621948,384.21795654296875,1034.464111328125,0.04573947191238403,395.50469970703125,1025.4884033203125,0.8055353164672852,449.7014465332031,1010.1085205078125,0.0371667742729187,436.96636962890625,1005.1892700195312,0.9364373683929443,452.6730041503906,1045.9617919921875,0.9066439270973206,441.7602233886719,1033.5389404296875,0.8142609596252441,492.97503662109375,1028.0377197265625,0.8796488046646118,625.0169067382812,1026.119384765625,0.2991260290145874
646,365.9986572265625,1025.7606201171875,0.6283107995986938,337.9375915527344,1015.1119995117188,0.9722279906272888,389.12200927734375,1005.8976440429688,0.00542333722114563,382.9074401855469,1019.8851318359375,0.018902450799942017,414.0710754394531,987.0208740234375,0.04077473282814026,542.0563354492188,461.1266174316406,0.015190660953521729,397.87921142578125,995.6167602539062,0.578385591506958,396.3839416503906,1030.406005859375,0.011431723833084106,395.8153991699219,1024.8104248046875,0.8575477600097656,449.4413757324219,1010.0872192382812,0.04428553581237793,436.9930114746094,1005.196044921875,0.9411832094192505,450.5954895019531,1047.070556640625,0.9113216400146484,441.3072509765625,1034.3060302734375,0.782695472240448,493.215087890625,1027.22705078125,0.8860530257225037,624.5944213867188,1025.9144287109375,0.3057771921157837
647,366.024169921875,1025.7095947265625,0.6372219324111938,337.95587158203125,1015.2208862304688,0.97121262550354,389.1942138671875,1005.8822021484375,0.005444586277008057,383.0157165527344,1019.7985229492188,0.01759350299835205,414.0276184082031,986.9625244140625,0.04444664716720581,542.0603637695312,461.1121826171875,0.015155404806137085,398.02423095703125,995.7627563476562,0.5770646333694458,481.83746337890625,437.7950439453125,0.011264950037002563,395.9124755859375,1024.6400146484375,0.848469614982605,449.614501953125,1010.028076171875,0.04598885774612427,437.01409912109375,1005.1027221679688,0.9386025667190552,450.65936279296875,1046.817626953125,0.914848804473877,441.4086608886719,1034.147216796875,0.777512788772583,493.3638916015625,1027.3062744140625,0.8737062215805054,624.7138061523438,1025.91552734375,0.35255753993988037
648,366.7084045410156,1024.9869384765625,0.6870855093002319,337.31695556640625,1012.7875366210938,0.9729100465774536,388.6285705566406,1006.2313842773438,0.004623889923095703,383.1559753417969,1019.5016479492188,0.016814708709716797,413.0523681640625,987.4988403320312,0.03707423806190491,542.0366821289062,461.1329650878906,0.01517874002456665,399.14141845703125,993.8746337890625,0.5507375597953796,396.6027526855469,1029.685302734375,0.019613057374954224,396.05322265625,1024.12109375,0.855916440486908,448.51483154296875,1010.0003662109375,0.040965110063552856,436.8052673339844,1005.9095458984375,0.9454203844070435,452.8705139160156,1046.938232421875,0.9021139144897461,440.9884033203125,1033.62548828125,0.7927323579788208,493.2522277832031,1027.48828125,0.8814667463302612,624.672607421875,1025.69140625,0.2952998876571655
649,366.7370910644531,1024.9246826171875,0.6875691413879395,337.3332824707031,1012.7169189453125,0.9728284478187561,388.7526550292969,1006.2222290039062,0.004654735326766968,383.2808532714844,1019.4472045898438,0.016408145427703857,412.966064453125,987.570556640625,0.03847712278366089,542.0093383789062,461.14129638671875,0.015231966972351074,399.15447998046875,993.8524780273438,0.5445796847343445,396.6505432128906,1029.6929931640625,0.019242852926254272,396.1549987792969,1023.9528198242188,0.851714551448822,448.5196838378906,1009.9851684570312,0.042072415351867676,436.83990478515625,1005.9607543945312,0.9431084394454956,452.9577941894531,1046.8951416015625,0.9082446098327637,440.9370422363281,1033.6337890625,0.8028479814529419,493.2779846191406,1027.4625244140625,0.8777980208396912,624.6624145507812,1025.6546630859375,0.28811293840408325
650,365.0182189941406,1025.7340087890625,0.6286961436271667,338.27191162109375,1009.9531860351562,0.9608460664749146,364.27593994140625,1024.2635498046875,0.008686095476150513,382.25921630859375,1018.7021484375,0.016873031854629517,364.53411865234375,990.788818359375,0.08856019377708435,745.45263671875,1640.68798828125,0.01716667413711548,398.007568359375,993.95166015625,0.4980658292770386,382.2984924316406,1022.4862670898438,0.024380862712860107,394.2838134765625,1024.214111328125,0.7864991426467896,448.16986083984375,1009.5731811523438,0.0363827645778656,436.86102294921875,1005.3945922851562,0.9427034258842468,453.4140930175781,1046.7861328125,0.8860490322113037,440.17852783203125,1032.76806640625,0.8273292779922485,493.0634765625,1027.467529296875,0.8753471374511719,624.9677734375,1025.506591796875,0.28715813159942627
651,364.9674987792969,1025.6995849609375,0.6297610998153687,338.410888671875,1009.6644287109375,0.9620956778526306,364.17340087890625,1024.261962890625,0.009197384119033813,382.0792236328125,1018.7498779296875,0.017428308725357056,364.3470764160156,990.8448486328125,0.08834663033485413,744.3782348632812,1640.4862060546875,0.01543039083480835,397.9228820800781,993.8910522460938,0.4936809539794922,382.39935302734375,1022.4404296875,0.026573598384857178,394.213134765625,1024.3214111328125,0.7884924411773682,448.3628845214844,1009.4137573242188,0.036647677421569824,436.9366149902344,1005.3502197265625,0.9439367055892944,453.3652038574219,1046.8345947265625,0.8898725509643555,440.0371398925781,1032.8123779296875,0.8102908730506897,493.0703125,1027.46435546875,0.873630940914154,624.9833984375,1025.4803466796875,0.27335530519485474
652,365.44647216796875,1022.8538208007812,0.4062061905860901,341.524658203125,1007.438232421875,0.9143384695053101,383.9423828125,1007.158447265625,0.004004359245300293,396.44305419921875,1004.0025634765625,0.011557459831237793,363.38873291015625,992.3194580078125,0.05278730392456055,541.9467163085938,461.0972595214844,0.015269458293914795,397.806640625,993.9043579101562,0.45099136233329773,396.4406433105469,1030.7503662109375,0.02140122652053833,392.58013916015625,1024.47216796875,0.7155291438102722,448.291259765625,1010.1459350585938,0.027077794075012207,435.8509521484375,1005.5974731445312,0.9492982625961304,453.6947326660156,1046.4603271484375,0.8460581302642822,440.16448974609375,1032.6904296875,0.7948939800262451,492.75506591796875,1026.7457275390625,0.902363657951355,624.7921142578125,1025.0184326171875,0.1880759298801422
653,365.4103088378906,1022.89501953125,0.40321844816207886,341.4683532714844,1007.3861083984375,0.9114640951156616,383.8957214355469,1007.14990234375,0.0040708184242248535,396.44244384765625,1004.0211181640625,0.011758774518966675,363.3324279785156,992.3291015625,0.054699212312698364,541.9188232421875,461.08294677734375,0.01525905728340149,397.7608337402344,993.9066772460938,0.4492861330509186,396.4747314453125,1030.7587890625,0.021163970232009888,392.568603515625,1024.4976806640625,0.7187041640281677,448.292236328125,1010.16064453125,0.027054280042648315,435.8662414550781,1005.575927734375,0.9497239589691162,453.74322509765625,1046.44873046875,0.8462655544281006,440.1522216796875,1032.7120361328125,0.7948852777481079,492.7491760253906,1026.7471923828125,0.9036556482315063,624.8038330078125,1025.0050048828125,0.19471633434295654
654,369.3132019042969,1025.8375244140625,0.28575989603996277,346.9341125488281,1005.5510864257812,0.9196265935897827,384.411376953125,1007.4784545898438,0.005842745304107666,397.3202209472656,1003.4439697265625,0.0192105770111084,403.5256042480469,987.5328979492188,0.061657994985580444,541.8069458007812,461.2394714355469,0.015493541955947876,396.3094482421875,995.6737060546875,0.5080167651176453,383.9197998046875,1028.1763916015625,0.023490458726882935,390.6715087890625,1023.28076171875,0.6064085960388184,447.697021484375,1009.612060546875,0.042058199644088745,436.65936279296875,1005.4524536132812,0.948941707611084,453.6761779785156,1045.975341796875,0.8447885513305664,436.5426025390625,1029.3897705078125,0.8163190484046936,491.9537353515625,1028.219970703125,0.896586000919342,623.7705078125,1026.18798828125,0.18254446983337402
655,369.4548034667969,1025.833984375,0.2741348445415497,347.1029052734375,1005.557861328125,0.921937108039856,384.6139221191406,1007.3995361328125,0.006304442882537842,397.6678771972656,1003.3560791015625,0.01700371503829956,403.5979309082031,987.4456787109375,0.06527185440063477,541.7769165039062,461.1507263183594,0.015391260385513306,396.3427734375,995.3474731445312,0.4901634752750397,383.8255310058594,1028.177001953125,0.02505207061767578,390.7513427734375,1023.130615234375,0.6004709005355835,447.8494873046875,1009.762451171875,0.04483997821807861,436.7304382324219,1005.5501098632812,0.947490930557251,451.1818542480469,1044.803955078125,0.8485751152038574,436.604736328125,1029.417236328125,0.8071177005767822,491.94012451171875,1028.1793212890625,0.9026044011116028,624.8251342773438,1025.1629638671875,0.1895199716091156
656,372.8987731933594,1013.493408203125,0.1689990758895874,353.260498046875,1002.0963134765625,0.7580822706222534,388.49969482421875,1006.4774169921875,0.008464932441711426,397.4869384765625,1002.857421875,0.026612430810928345,381.3819274902344,989.1415405273438,0.12955057621002197,541.8023071289062,461.1270751953125,0.015291601419448853,396.9510803222656,995.2922973632812,0.48823249340057373,384.2368469238281,1026.92431640625,0.033414632081985474,390.2830505371094,1018.649169921875,0.5457595586776733,447.95172119140625,1009.5108642578125,0.034596413373947144,437.1825866699219,1004.850830078125,0.938271164894104,452.8121032714844,1045.59765625,0.8526848554611206,437.10345458984375,1029.593017578125,0.7626608610153198,491.80694580078125,1028.285888671875,0.8928905129432678,624.9337768554688,1024.894287109375,0.20542433857917786
657,373.1573181152344,1013.6214599609375,0.17299294471740723,353.0527038574219,1001.8385009765625,0.7674077749252319,388.610595703125,1007.0996704101562,0.008128464221954346,397.6431884765625,1003.0149536132812,0.025433331727981567,381.67724609375,988.8970947265625,0.14120706915855408,541.7162475585938,461.157470703125,0.01535874605178833,397.0701599121094,995.5630493164062,0.5399960279464722,384.2030944824219,1026.9454345703125,0.029134809970855713,390.76409912109375,1019.0151977539062,0.5205863118171692,448.1101989746094,1009.592041015625,0.04022812843322754,437.4168395996094,1004.7200317382812,0.937995195388794,449.4996032714844,1044.8221435546875,0.8557802438735962,436.8067932128906,1029.5823974609375,0.7919965982437134,491.719970703125,1028.3681640625,0.8826555013656616,624.9798583984375,1025.0714111328125,0.20160338282585144
658,373.69598388671875,1011.9867553710938,0.20520946383476257,356.1502380371094,1001.1251831054688,0.502037763595581,388.5284729003906,1007.343017578125,0.004838079214096069,397.3060302734375,1001.6182861328125,0.022016137838363647,396.8858947753906,985.2431640625,0.2352539300918579,541.76416015625,461.05584716796875,0.015139609575271606,397.76361083984375,996.1385498046875,0.6092227101325989,394.8426208496094,1029.3363037109375,0.02899792790412903,391.7152404785156,1020.14501953125,0.5463554263114929,447.6567077636719,1009.6419677734375,0.0485210120677948,437.6960754394531,1004.734130859375,0.9381736516952515,449.7399597167969,1044.766845703125,0.8645544052124023,436.7595520019531,1029.65673828125,0.7804220914840698,491.9602355957031,1027.47802734375,0.9074034690856934,755.8209838867188,804.2289428710938,0.25890296697616577
659,373.8804016113281,1011.674560546875,0.21144512295722961,353.5794982910156,1000.3765258789062,0.5113321542739868,388.68157958984375,1007.5040283203125,0.005042314529418945,397.4606018066406,1001.681884765625,0.022169053554534912,396.717529296875,985.3218994140625,0.23160967230796814,541.74755859375,460.9677429199219,0.015150129795074463,397.7889404296875,995.9874267578125,0.5909419655799866,394.89501953125,1029.3179931640625,0.03135097026824951,391.96771240234375,1020.0696411132812,0.548902153968811,447.6512451171875,1009.6849975585938,0.04465585947036743,437.6847229003906,1004.7001953125,0.9365599155426025,452.7308654785156,1045.31201171875,0.8683114647865295,436.7245178222656,1029.6204833984375,0.7761386632919312,492.2541809082031,1027.227294921875,0.9159985184669495,755.8471069335938,804.23486328125,0.23795896768569946
660,374.3529968261719,1011.41064453125,0.30934324860572815,355.7978515625,999.056640625,0.5887191295623779,383.5561828613281,1007.1453857421875,0.005309313535690308,398.35809326171875,1001.8552856445312,0.01728394627571106,396.7904052734375,985.3755493164062,0.3108314275741577,541.8444213867188,461.0259094238281,0.015233010053634644,398.1673278808594,995.4296875,0.6245687007904053,384.0459289550781,1027.536376953125,0.033919692039489746,395.2917785644531,1020.5074462890625,0.6644830107688904,448.7759704589844,1009.24267578125,0.03837466239929199,437.9660949707031,1004.2249145507812,0.9252334833145142,454.16278076171875,1044.853271484375,0.7917512655258179,437.647705078125,1029.1148681640625,0.7912826538085938,492.61505126953125,1027.115234375,0.909084677696228,756.4383544921875,804.0369262695312,0.2753634452819824
661,374.2451477050781,1011.4229125976562,0.3106793761253357,352.9162902832031,999.3486938476562,0.6063724756240845,383.55157470703125,1007.2612915039062,0.005396664142608643,398.4725036621094,1001.98095703125,0.017608582973480225,396.6838684082031,985.190673828125,0.310971200466156,541.7908935546875,461.0219421386719,0.015346109867095947,398.09271240234375,995.2955932617188,0.6280074119567871,384.0345764160156,1027.5858154296875,0.03313791751861572,395.2640686035156,1020.588623046875,0.6644998788833618,448.7778625488281,1009.2219848632812,0.03964969515800476,438.0223083496094,1004.2665405273438,0.9298948049545288,454.1626892089844,1044.814208984375,0.7883908152580261,437.7118835449219,1029.154296875,0.7934942245483398,492.6417236328125,1027.07177734375,0.9089903831481934,756.43701171875,804.0379638671875,0.27491921186447144
662,375.0172119140625,1010.8232421875,0.33613282442092896,357.79193115234375,998.37109375,0.7649710178375244,382.44580078125,1007.9928588867188,0.003227740526199341,384.46490478515625,1018.1179809570312,0.015317916870117188,395.6153564453125,984.1860961914062,0.3675069510936737,542.0216674804688,461.1516418457031,0.015574455261230469,398.8417663574219,994.4313354492188,0.7324067950248718,383.58697509765625,1026.90625,0.04052594304084778,395.3616027832031,1020.3394165039062,0.7299879789352417,449.2693176269531,1008.2008666992188,0.04478108882904053,438.0615234375,1003.1636962890625,0.948794424533844,450.86395263671875,1044.2122802734375,0.8406833410263062,438.76348876953125,1030.313232421875,0.7629607915878296,492.2574768066406,1026.093017578125,0.9241626262664795,757.0233154296875,803.5881958007812,0.1937144696712494
663,375.1163635253906,1010.8244018554688,0.33775416016578674,357.85870361328125,998.3102416992188,0.7693226933479309,382.4464416503906,1007.9891357421875,0.0031813979148864746,384.48260498046875,1018.1012573242188,0.015121519565582275,395.64471435546875,984.1727294921875,0.3715079426765442,541.9983520507812,461.0884094238281,0.015493303537368774,398.8285827636719,994.3785400390625,0.7271705865859985,383.5555725097656,1026.929931640625,0.04312640428543091,395.36224365234375,1020.2665405273438,0.7287954092025757,449.3882141113281,1008.232421875,0.045606255531311035,438.08685302734375,1003.1034545898438,0.9493343830108643,450.9462890625,1044.17919921875,0.8435969352722168,438.8182067871094,1030.3353271484375,0.7611701488494873,492.0643310546875,1025.915283203125,0.920596182346344,757.0787963867188,803.5947875976562,0.1865144670009613
664,375.25079345703125,1009.905517578125,0.650986909866333,344.80230712890625,993.09228515625,0.7850197553634644,345.6262512207031,1003.2140502929688,0.00637546181678772,384.7685852050781,1017.4552612304688,0.01531931757926941,389.6209716796875,983.4660034179688,0.34739387035369873,542.2083129882812,461.47625732421875,0.015277683734893799,399.57470703125,993.09423828125,0.7571485042572021,368.1427917480469,1021.0352783203125,0.048672497272491455,391.52630615234375,1019.20654296875,0.6743819117546082,449.721435546875,1008.0968017578125,0.028940528631210327,438.3814697265625,1003.3592529296875,0.9507545828819275,450.4776916503906,1043.4210205078125,0.8388087153434753,438.5132751464844,1030.284423828125,0.7951040267944336,491.9851379394531,1024.2874755859375,0.9394806623458862,625.2096557617188,1024.0723876953125,0.10113003849983215
665,375.3267517089844,1009.8269653320312,0.6388072967529297,344.64715576171875,993.0418701171875,0.7837665677070618,345.7467346191406,1003.4408569335938,0.005961179733276367,384.6280517578125,1017.4402465820312,0.015790462493896484,389.6233215332031,983.3718872070312,0.32973575592041016,542.2152709960938,461.446533203125,0.015263617038726807,399.6281433105469,993.0169677734375,0.7520626783370972,368.44195556640625,1020.6990356445312,0.04774349927902222,391.5246887207031,1019.1659545898438,0.667913556098938,449.8509521484375,1008.3280639648438,0.03095465898513794,438.3424072265625,1003.3406372070312,0.9476941823959351,450.3410339355469,1043.54443359375,0.8569445610046387,438.5343933105469,1030.270751953125,0.7932639718055725,492.0871887207031,1024.346435546875,0.9394946098327637,757.7718505859375,803.0817260742188,0.11813893914222717
666,377.0072326660156,1009.0557250976562,0.34904149174690247,344.6209411621094,992.2617797851562,0.5955438017845154,347.58453369140625,1003.3554077148438,0.014084190130233765,396.83050537109375,1000.435791015625,0.010160326957702637,391.46148681640625,985.1338500976562,0.48059341311454773,541.8593139648438,461.4287109375,0.016048789024353027,399.4243469238281,993.7122192382812,0.7058547735214233,379.6007995605469,1026.3856201171875,0.035276830196380615,392.86346435546875,1018.8428955078125,0.5531973838806152,450.857177734375,1007.555419921875,0.03310650587081909,438.0185852050781,1002.5797729492188,0.9132959842681885,450.31591796875,1043.97021484375,0.8672963380813599,437.89306640625,1030.426025390625,0.8118265867233276,492.6645202636719,1024.640380859375,0.9302804470062256,624.2162475585938,1025.843994140625,0.05806419253349304
667,376.874267578125,1008.8871459960938,0.3507652282714844,344.9612121582031,991.7300415039062,0.6093016862869263,347.58447265625,1003.1146240234375,0.01354113221168518,396.92108154296875,1000.3001708984375,0.010307997465133667,391.4540710449219,985.1099243164062,0.465315043926239,541.7755126953125,461.47808837890625,0.01606634259223938,399.48565673828125,993.7062377929688,0.704291045665741,379.7425231933594,1026.1744384765625,0.03618386387825012,392.6864318847656,1018.8057250976562,0.5658450126647949,450.8728942871094,1007.5272827148438,0.03330501914024353,438.0431213378906,1002.5775756835938,0.9133827686309814,450.32281494140625,1043.9188232421875,0.8657232522964478,437.9370422363281,1030.436767578125,0.8093089461326599,492.5653991699219,1024.58251953125,0.9305117130279541,624.1889038085938,1025.873046875,0.05684956908226013
668,381.2697448730469,1009.3565673828125,0.26093316078186035,355.7492370605469,994.64306640625,0.5969839096069336,363.6799011230469,1011.1038208007812,0.0040108561515808105,386.2921142578125,1000.458740234375,0.006018728017807007,395.5517883300781,983.9207763671875,0.4169507622718811,541.9524536132812,461.4565124511719,0.016116470098495483,402.03887939453125,991.2893676757812,0.7435491681098938,373.5446472167969,1022.8265991210938,0.033525288105010986,399.60736083984375,1017.5435791015625,0.5718134045600891,451.5746154785156,1007.5225830078125,0.017890721559524536,437.0076904296875,1001.5606689453125,0.8957127928733826,450.657470703125,1044.2293701171875,0.8744432926177979,437.0617370605469,1030.3299560546875,0.8186607360839844,493.4035949707031,1023.5372924804688,0.9468605518341064,757.6522827148438,799.1448364257812,0.03798481822013855
669,381.5074157714844,1008.9400024414062,0.263418972492218,355.4730224609375,994.2182006835938,0.5373358130455017,347.67938232421875,991.1998291015625,0.003926634788513184,386.5603332519531,1000.2445068359375,0.006143003702163696,395.4128112792969,983.9590454101562,0.4333019256591797,541.8358764648438,461.4977111816406,0.016417860984802246,402.2314147949219,991.1664428710938,0.7236135005950928,373.7995910644531,1022.86474609375,0.02946224808692932,399.8994445800781,1017.423095703125,0.5659267902374268,451.6997375488281,1007.590576171875,0.017966508865356445,437.24658203125,1001.648681640625,0.8938994407653809,450.6271667480469,1044.12060546875,0.8731821179389954,437.3350830078125,1030.3372802734375,0.8255720138549805,493.11114501953125,1022.7089233398438,0.9501127600669861,624.4718017578125,1025.7435302734375,0.039021968841552734
670,384.2455749511719,1009.9189453125,0.34781238436698914,359.5472412109375,996.2312622070312,0.7758433818817139,361.4514465332031,1006.2083740234375,0.006680727005004883,399.9331359863281,989.9468383789062,0.008230090141296387,393.84979248046875,981.904541015625,0.5624107718467712,541.79150390625,461.1853332519531,0.015820711851119995,401.9765319824219,990.4432373046875,0.8225568532943726,395.37713623046875,1028.42822265625,0.021037518978118896,400.32501220703125,1018.0318603515625,0.67242431640625,452.935546875,1006.9857788085938,0.016021788120269775,439.3681335449219,1000.8399658203125,0.86257004737854,451.1601257324219,1043.7059326171875,0.8452123403549194,438.7539367675781,1029.9139404296875,0.766656219959259,493.371826171875,1021.3624267578125,0.9736852049827576,757.8353271484375,798.3258056640625,0.026007920503616333
671,384.1491394042969,1009.8076171875,0.3743076026439667,359.2033996582031,996.21142578125,0.7824432849884033,361.5185546875,1006.2797241210938,0.007017076015472412,387.5200500488281,1003.521240234375,0.008237689733505249,395.1302490234375,982.3975830078125,0.5518807172775269,541.82470703125,461.20465087890625,0.015784859657287598,401.8738708496094,990.4478149414062,0.8178374767303467,395.1461486816406,1028.4256591796875,0.021740496158599854,400.0106201171875,1018.023681640625,0.6639046669006348,452.88507080078125,1007.030029296875,0.015794873237609863,437.9485168457031,1000.673095703125,0.8629465103149414,451.1898498535156,1043.699462890625,0.8471419215202332,438.50750732421875,1029.9251708984375,0.771237313747406,493.410400390625,1021.3642578125,0.9739000797271729,757.83349609375,798.3243408203125,0.026185691356658936
672,382.5442810058594,1018.7357788085938,0.8058525323867798,375.1753845214844,990.6906127929688,0.9750180244445801,369.5341796875,1024.103515625,0.005753695964813232,394.8064880371094,1007.2381591796875,0.008035928010940552,393.4058837890625,976.9776000976562,0.25264033675193787,541.7784423828125,461.6268310546875,0.014804184436798096,403.42584228515625,988.5689697265625,0.8455898761749268,381.8022766113281,1026.999755859375,0.04118984937667847,397.48138427734375,1012.6746215820312,0.749273955821991,454.4098205566406,1006.7975463867188,0.0125904381275177,440.8161926269531,1001.303955078125,0.7978826761245728,451.90484619140625,1043.40185546875,0.7877645492553711,439.687744140625,1029.6356201171875,0.8004586100578308,493.9364929199219,1021.0139770507812,0.9727991819381714,761.15869140625,798.013671875,0.03433173894882202
673,382.0753173828125,1018.842041015625,0.8295694589614868,374.82501220703125,990.89453125,0.970578134059906,369.5972595214844,1024.0186767578125,0.005623489618301392,394.7400207519531,1007.411865234375,0.007464855909347534,393.3777770996094,976.97705078125,0.2476743757724762,541.8265991210938,461.6653137207031,0.014982819557189941,403.30096435546875,988.6011962890625,0.8502616286277771,382.0738525390625,1027.09716796875,0.04192483425140381,397.2839660644531,1012.5757446289062,0.765178918838501,454.125732421875,1006.860595703125,0.014063656330108643,440.5669860839844,1001.2769165039062,0.8048528432846069,451.8446350097656,1043.512939453125,0.7939238548278809,439.3512268066406,1029.64697265625,0.7974165678024292,493.8920593261719,1020.967529296875,0.9715747833251953,761.1588134765625,798.015625,0.034239888191223145
674,384.12872314453125,1019.9739379882812,0.8559411764144897,374.66497802734375,990.3941040039062,0.968153715133667,375.837890625,1022.208251953125,0.006655573844909668,390.4949035644531,1021.8107299804688,0.0052697062492370605,402.04925537109375,981.8753662109375,0.040526002645492554,541.91357421875,461.6851806640625,0.014638423919677734,401.0422668457031,982.7014770507812,0.8179051280021667,384.97894287109375,1026.1474609375,0.0517829954624176,400.55316162109375,1010.6425170898438,0.7767106294631958,452.2987060546875,1001.3535766601562,0.007417052984237671,441.3630676269531,1000.6976928710938,0.8059242963790894,454.1393737792969,1044.430419921875,0.7555314302444458,442.0333557128906,1029.599609375,0.7922112345695496,494.8119812011719,1020.0714111328125,0.9677779078483582,761.1409912109375,798.0756225585938,0.03768196702003479
675,384.4029846191406,1018.012451171875,0.8339447975158691,374.75775146484375,990.4457397460938,0.9649251103401184,376.0065002441406,1022.1197509765625,0.006143718957901001,393.72503662109375,1015.3894653320312,0.00548243522644043,402.1726989746094,981.89111328125,0.03654786944389343,541.939453125,461.70166015625,0.014653205871582031,401.21624755859375,982.6376953125,0.8183821439743042,385.0337829589844,1026.198486328125,0.053423792123794556,400.6164245605469,1010.6561889648438,0.7757573127746582,452.3380432128906,1001.3773193359375,0.0075820982456207275,441.421630859375,1000.6735229492188,0.8045531511306763,454.0915222167969,1044.4326171875,0.753054141998291,442.0209045410156,1029.550048828125,0.7946997284889221,494.8155517578125,1020.0933837890625,0.9684234857559204,761.107421875,798.0755615234375,0.03965181112289429
676,383.1217041015625,1022.8185424804688,0.9100968837738037,373.9505310058594,993.5614624023438,0.888800859451294,376.327880859375,1022.5673828125,0.0014911293983459473,394.21820068359375,1014.62109375,0.003892242908477783,388.01458740234375,968.886962890625,0.018624961376190186,541.9661865234375,461.77081298828125,0.015372365713119507,400.6477966308594,982.18603515625,0.8055636882781982,382.8299865722656,1027.1610107421875,0.06982019543647766,399.3802795410156,1010.6285400390625,0.8663321137428284,453.4788513183594,1000.45703125,0.0066717565059661865,445.7753601074219,1000.4984130859375,0.8261319398880005,454.36181640625,1044.3497314453125,0.6862370371818542,443.76678466796875,1028.8040771484375,0.8467622995376587,495.9030456542969,1020.2484741210938,0.9492172002792358,758.6746826171875,798.0922241210938,0.09921574592590332
677,383.1048889160156,1022.787109375,0.9119821190834045,373.8936767578125,993.552490234375,0.8893048763275146,376.2743225097656,1022.54296875,0.0015468895435333252,394.2099304199219,1014.6259155273438,0.003963083028793335,387.91839599609375,968.8303833007812,0.021012574434280396,541.9727783203125,461.7033996582031,0.015228301286697388,400.64031982421875,982.2056884765625,0.8091161251068115,382.8603515625,1027.1824951171875,0.0703793466091156,399.35015869140625,1010.666748046875,0.8671066761016846,453.4755859375,1000.4454345703125,0.006861269474029541,445.780029296875,1000.4547729492188,0.832087516784668,454.3958435058594,1044.3197021484375,0.6783615350723267,443.77008056640625,1028.772216796875,0.8481528162956238,495.7967529296875,1020.2732543945312,0.9479365348815918,758.6228637695312,798.02978515625,0.09705105423927307
678,382.8553771972656,1021.7415771484375,0.9611110687255859,375.3905334472656,990.4094848632812,0.9564304351806641,368.2091064453125,1023.881591796875,0.0026244819164276123,388.5101318359375,1023.4716796875,0.005326598882675171,403.13677978515625,982.989013671875,0.023875564336776733,542.0545654296875,461.71820068359375,0.015245795249938965,403.506591796875,985.0652465820312,0.8699307441711426,381.4519348144531,1027.45166015625,0.05941802263259888,400.543212890625,1011.2969970703125,0.7888506650924683,453.3663330078125,1000.6062622070312,0.010230541229248047,446.430419921875,1000.4191284179688,0.8874099254608154,454.02496337890625,1044.257568359375,0.6894842386245728,443.6540832519531,1029.584716796875,0.8597482442855835,496.17193603515625,1019.8955078125,0.9400907754898071,759.6007690429688,798.3757934570312,0.18319711089134216
679,382.8504943847656,1021.7152709960938,0.9619579315185547,375.35498046875,990.3983154296875,0.9573794007301331,368.28924560546875,1023.861572265625,0.0026144683361053467,388.5603332519531,1023.4127807617188,0.005362421274185181,403.14178466796875,983.01123046875,0.024472594261169434,541.92431640625,461.7415466308594,0.015200108289718628,403.53375244140625,985.1190185546875,0.8702929615974426,381.4642028808594,1027.41357421875,0.057564347982406616,400.5560302734375,1011.2784423828125,0.7880634665489197,453.3656311035156,1000.6044311523438,0.010244756937026978,446.4388732910156,1000.4253540039062,0.887781023979187,454.016357421875,1044.281982421875,0.6871509552001953,443.68603515625,1029.5830078125,0.8601938486099243,496.1859436035156,1019.8889770507812,0.9395275115966797,759.5929565429688,798.2699584960938,0.16994839906692505
680,381.7606201171875,1023.4097290039062,0.9681177139282227,375.00091552734375,995.490478515625,0.9571302533149719,368.4372253417969,1025.2490234375,0.002367168664932251,387.2907409667969,1025.25732421875,0.004494279623031616,402.3118591308594,984.0965576171875,0.023606956005096436,541.9490356445312,461.5845031738281,0.015336781740188599,403.4837341308594,986.587890625,0.8501187562942505,381.61798095703125,1029.467529296875,0.027014970779418945,401.158447265625,1011.9934692382812,0.7154747843742371,453.88128662109375,1000.3021850585938,0.008316010236740112,446.6651611328125,1000.069580078125,0.8597818613052368,454.2970275878906,1043.7496337890625,0.616233229637146,444.8178405761719,1029.37744140625,0.8679353594779968,496.7142028808594,1019.8580322265625,0.9422972202301025,759.7550659179688,798.7506713867188,0.13275238871574402
681,381.7778625488281,1023.4119262695312,0.9684112071990967,374.98858642578125,995.2781372070312,0.9579821825027466,368.43353271484375,1025.2332763671875,0.0022949576377868652,387.28472900390625,1025.28759765625,0.0043807923793792725,402.28155517578125,983.9969482421875,0.025085538625717163,541.8782348632812,461.81488037109375,0.015742331743240356,403.4847717285156,986.6026611328125,0.8560195565223694,381.59759521484375,1029.508544921875,0.026407957077026367,401.1799621582031,1011.9566040039062,0.719431459903717,463.6451110839844,1001.8267822265625,0.008756548166275024,446.72381591796875,1000.1248168945312,0.8650690317153931,454.0638122558594,1043.9573974609375,0.6342433094978333,445.0202331542969,1029.255615234375,0.8736647367477417,496.5476989746094,1019.8054809570312,0.9503287076950073,761.5308837890625,799.1439208984375,0.13393670320510864
682,382.2810974121094,1020.1470947265625,0.9156112670898438,373.7722473144531,995.3855590820312,0.9513975381851196,376.2939453125,1021.8999633789062,0.0023674964904785156,396.0403137207031,1007.7440795898438,0.007089465856552124,402.0393981933594,982.5075073242188,0.039304763078689575,541.8308715820312,461.7984619140625,0.015922844409942627,402.5816650390625,986.17578125,0.8949724435806274,384.0459899902344,1027.0338134765625,0.045290231704711914,400.7464294433594,1011.7477416992188,0.8042452335357666,463.21075439453125,1002.1901245117188,0.007221221923828125,446.7790832519531,1000.678955078125,0.8807666301727295,454.1185302734375,1042.90771484375,0.6589033007621765,445.1254577636719,1029.05615234375,0.8827214241027832,496.4253845214844,1019.2110595703125,0.9433342218399048,762.1029052734375,799.3861083984375,0.11212319135665894
683,382.1709289550781,1020.2954711914062,0.9151759147644043,373.3190002441406,995.598876953125,0.9521951675415039,376.50689697265625,1022.1199951171875,0.0027975738048553467,396.0463562011719,1007.8721313476562,0.007102757692337036,401.8772888183594,982.515625,0.03985443711280823,743.587158203125,1640.1453857421875,0.016067057847976685,402.5860290527344,986.2482299804688,0.8961341381072998,383.95867919921875,1027.2279052734375,0.04136770963668823,400.78912353515625,1011.7723999023438,0.796313464641571,463.253662109375,1002.0127563476562,0.007956832647323608,446.75518798828125,1000.6212158203125,0.8806429505348206,454.2510986328125,1042.7669677734375,0.6638076901435852,445.0732421875,1029.085693359375,0.880449652671814,496.5634460449219,1019.1303100585938,0.9439574480056763,762.1348266601562,803.6002197265625,0.12716805934906006
684,382.56097412109375,1021.7787475585938,0.8975964188575745,368.5256042480469,998.0711059570312,0.9334415197372437,376.4484558105469,1021.7697143554688,0.002981334924697876,397.2193298339844,1006.6334838867188,0.0109424889087677,380.73638916015625,974.0130615234375,0.059977173805236816,542.1425170898438,461.51397705078125,0.016229450702667236,401.677001953125,986.0191650390625,0.891295313835144,383.9444274902344,1026.9034423828125,0.016973137855529785,400.47735595703125,1011.009033203125,0.7708529233932495,463.0099182128906,1002.0159301757812,0.009494543075561523,446.04205322265625,1000.249755859375,0.8871957063674927,454.9229736328125,1042.0428466796875,0.7265349626541138,445.74627685546875,1027.728759765625,0.8522876501083374,495.810546875,1018.09228515625,0.9394631385803223,762.4067993164062,799.6538696289062,0.19325602054595947
685,382.49737548828125,1021.8140869140625,0.9011062383651733,368.4093933105469,998.1787109375,0.9347892999649048,376.488037109375,1021.7725830078125,0.0030923783779144287,397.13427734375,1006.7274169921875,0.011013448238372803,380.7085876464844,974.0855712890625,0.05639168620109558,542.1455688476562,461.55169677734375,0.016335725784301758,401.71160888671875,986.1607055664062,0.8943139910697937,383.76922607421875,1026.96337890625,0.017181873321533203,400.5359802246094,1011.0601806640625,0.7702353000640869,453.63067626953125,1000.3899536132812,0.00912320613861084,446.0055847167969,1000.3135986328125,0.8860730528831482,454.9024658203125,1042.0345458984375,0.7111552953720093,445.6219177246094,1027.7144775390625,0.844498872756958,495.6892395019531,1018.0386962890625,0.9372926950454712,762.3706665039062,799.6170654296875,0.18748056888580322
686,379.73040771484375,1022.2379150390625,0.9052671790122986,368.5918273925781,998.6942138671875,0.8927485346794128,378.55792236328125,1020.5081787109375,0.003812640905380249,396.91302490234375,1005.022705078125,0.005703866481781006,409.5830078125,984.4280395507812,0.05795001983642578,542.0358276367188,461.6020812988281,0.016289949417114258,399.5663757324219,986.7643432617188,0.9080508947372437,382.7484130859375,1028.162353515625,0.028814703226089478,397.0638427734375,1017.5308837890625,0.7633906602859497,462.99420166015625,1001.77392578125,0.011002182960510254,445.5902099609375,998.7250366210938,0.8925003409385681,455.0301818847656,1041.574462890625,0.7303154468536377,446.5727844238281,1028.5498046875,0.8370698094367981,496.0349426269531,1017.7825317382812,0.9395858645439148,762.5863037109375,799.3515625,0.10215306282043457
687,379.82745361328125,1022.1073608398438,0.9123709201812744,368.5431213378906,998.7224731445312,0.8906629085540771,378.2560119628906,1020.4183959960938,0.004395931959152222,387.9095458984375,1022.6946411132812,0.0057637691497802734,409.5464782714844,984.4408569335938,0.05616143345832825,542.3970336914062,461.9051818847656,0.0165957510471344,399.4237060546875,986.7588500976562,0.9063714742660522,383.0438232421875,1028.0426025390625,0.027568399906158447,395.5010070800781,1019.2507934570312,0.7551487684249878,462.9635925292969,1001.718994140625,0.011091679334640503,445.55084228515625,998.714111328125,0.892478346824646,455.16680908203125,1041.5794677734375,0.7192612886428833,446.5784606933594,1028.4512939453125,0.8355697393417358,496.0477294921875,1017.7719116210938,0.938188910484314,762.56982421875,799.624267578125,0.1385185420513153
688,377.9333801269531,1021.776611328125,0.9068430662155151,364.6740417480469,998.7230834960938,0.9054624438285828,377.4898681640625,1019.8275756835938,0.005905717611312866,383.763427734375,1021.7484741210938,0.00908130407333374,402.12811279296875,983.4609985351562,0.06040829420089722,542.120361328125,461.93609619140625,0.01669013500213623,397.22314453125,987.3099975585938,0.8795951008796692,382.15411376953125,1027.0135498046875,0.03791883587837219,391.86065673828125,1018.5200805664062,0.7907928228378296,462.2888488769531,1001.7227172851562,0.014817297458648682,444.28228759765625,997.5587768554688,0.9152399301528931,452.7845764160156,1039.9981689453125,0.7393295764923096,447.11956787109375,1028.67138671875,0.8392151594161987,496.0087585449219,1016.9573364257812,0.9305580854415894,762.769775390625,799.7303466796875,0.10171625018119812
689,377.8963317871094,1021.7153930664062,0.9059896469116211,364.6195373535156,998.6909790039062,0.9016721844673157,377.5182800292969,1019.7717895507812,0.005958884954452515,383.8152770996094,1021.6672973632812,0.009106457233428955,402.2316589355469,983.4449462890625,0.05977541208267212,542.115478515625,461.8815612792969,0.01676848530769348,397.2291259765625,987.2918090820312,0.87779301404953,382.1626892089844,1026.9375,0.038199543952941895,391.82830810546875,1018.4551391601562,0.7930892109870911,462.219970703125,1001.717529296875,0.014278769493103027,444.2374267578125,997.4948120117188,0.910997211933136,452.8249816894531,1040.0670166015625,0.7212854623794556,447.0967102050781,1028.56201171875,0.8371171355247498,496.17095947265625,1017.006103515625,0.9302892684936523,762.8055419921875,799.7086181640625,0.10656541585922241
690,378.507080078125,1021.7891845703125,0.7610708475112915,362.7998046875,998.9486083984375,0.8409969806671143,368.3333740234375,1021.4356689453125,0.0024612247943878174,395.72430419921875,989.8507080078125,0.007908761501312256,410.4931335449219,985.4639892578125,0.056862205266952515,542.38623046875,461.8876953125,0.016391396522521973,396.5400085449219,987.036376953125,0.8582854270935059,382.2867126464844,1026.62646484375,0.025730818510055542,390.72296142578125,1016.4876098632812,0.8858836889266968,468.571533203125,1002.288330078125,0.020620286464691162,445.0024719238281,997.4755249023438,0.9128525257110596,451.7977600097656,1040.3333740234375,0.7965316772460938,446.55865478515625,1029.2857666015625,0.806117057800293,497.9188537597656,1017.89111328125,0.9192469716072083,763.4177856445312,799.3355712890625,0.14575466513633728
691,378.5156555175781,1021.6806640625,0.7535531520843506,363.17572021484375,999.0707397460938,0.837620735168457,368.0983581542969,1021.4876708984375,0.002245306968688965,395.73907470703125,989.8489379882812,0.007706314325332642,410.58306884765625,985.3645629882812,0.054553985595703125,542.2814331054688,461.8011779785156,0.016559839248657227,396.6119079589844,986.8577270507812,0.8628877401351929,382.3660583496094,1026.59228515625,0.024712473154067993,390.8963317871094,1016.5311889648438,0.8944417834281921,468.7382507324219,1002.4962768554688,0.020470768213272095,445.0611877441406,997.52685546875,0.9121178388595581,451.88018798828125,1040.36962890625,0.8025558590888977,446.6047668457031,1029.31396484375,0.7976671457290649,498.0180358886719,1017.8065185546875,0.9198665618896484,763.4180297851562,799.3346557617188,0.14558911323547363
692,376.685546875,1022.2503051757812,0.7541395425796509,361.622802734375,998.746337890625,0.8774400949478149,362.70697021484375,1023.4033813476562,0.0031739473342895508,395.8746032714844,990.3883056640625,0.00786486268043518,391.6636657714844,982.340576171875,0.05416300892829895,743.9269409179688,1640.2996826171875,0.01699000597000122,396.7737731933594,986.8262939453125,0.8921090364456177,386.9442138671875,1026.2900390625,0.01902228593826294,391.7275695800781,1016.7545166015625,0.8446682095527649,469.13824462890625,1003.04541015625,0.015398383140563965,445.58978271484375,997.7977294921875,0.9311796426773071,455.1898193359375,1040.1158447265625,0.7860608100891113,448.03515625,1028.802490234375,0.7853209972381592,498.5522766113281,1017.6912231445312,0.9503908753395081,765.1488647460938,804.3964233398438,0.06600669026374817
693,376.8291320800781,1022.4447631835938,0.7783199548721313,361.9361877441406,998.696533203125,0.8767505884170532,362.4471130371094,1023.4920043945312,0.003105461597442627,395.7751159667969,990.2742919921875,0.007529169321060181,400.9172058105469,983.8030395507812,0.05057871341705322,542.6135864257812,461.7372741699219,0.015719175338745117,396.7497863769531,986.8648681640625,0.8904452919960022,386.854248046875,1026.31884765625,0.0198327898979187,391.5473327636719,1016.9583129882812,0.848023533821106,469.08148193359375,1003.0266723632812,0.01587355136871338,445.6462097167969,997.8694458007812,0.9298726320266724,455.19793701171875,1040.1943359375,0.7793005704879761,448.12841796875,1028.997314453125,0.7856160402297974,498.50433349609375,1017.5425415039062,0.9461547136306763,764.5927734375,799.4453735351562,0.0691940188407898
694,375.6692810058594,1021.533447265625,0.6817930340766907,360.2628479003906,999.4351196289062,0.8634917736053467,364.6014709472656,1022.83544921875,0.0034434497356414795,395.5892639160156,990.1275634765625,0.007644563913345337,400.7635498046875,984.1437377929688,0.07649064064025879,744.025146484375,1640.0574951171875,0.016625583171844482,396.9796142578125,987.9247436523438,0.9052232503890991,385.418701171875,1025.809326171875,0.019467145204544067,391.0946350097656,1015.160888671875,0.8309991955757141,454.4007568359375,999.1940307617188,0.013466447591781616,445.056396484375,997.35595703125,0.9144405126571655,455.9867248535156,1039.22900390625,0.8116868734359741,447.96209716796875,1029.0426025390625,0.7982989549636841,499.1033020019531,1017.6571655273438,0.9482659101486206,764.72705078125,799.4456176757812,0.04524475336074829
695,375.69635009765625,1021.4317016601562,0.6855237483978271,360.39361572265625,999.4197387695312,0.862418532371521,364.4976806640625,1022.75341796875,0.003432661294937134,395.6304626464844,990.146240234375,0.007971227169036865,400.7645568847656,984.1566162109375,0.07587620615959167,744.1576538085938,1640.0909423828125,0.016863733530044556,396.90093994140625,987.9533081054688,0.9040422439575195,385.36712646484375,1025.7899169921875,0.019624292850494385,391.07672119140625,1015.0824584960938,0.8299994468688965,454.36773681640625,999.1123046875,0.013542473316192627,444.99114990234375,997.247802734375,0.9144899845123291,456.1274719238281,1039.3607177734375,0.8246757984161377,447.9813232421875,1029.060791015625,0.8028775453567505,499.3503723144531,1017.5311279296875,0.9445563554763794,764.6602172851562,799.4883422851562,0.06080564856529236
696,375.6042175292969,1021.3158569335938,0.6344335079193115,359.27001953125,999.5798950195312,0.8658964037895203,364.5965270996094,1023.084228515625,0.0038716495037078857,394.76690673828125,990.6416625976562,0.007889509201049805,400.2748718261719,984.2939453125,0.05189168453216553,743.7973022460938,1640.1727294921875,0.015515953302383423,396.423828125,987.04736328125,0.8953390717506409,747.6166381835938,1630.16796875,0.013076633214950562,390.0372619628906,1013.9899291992188,0.8434917330741882,455.018798828125,998.8538208007812,0.0192546546459198,443.927490234375,996.7789916992188,0.9246553182601929,456.2099304199219,1039.4815673828125,0.8230741024017334,448.5224914550781,1029.071533203125,0.800123929977417,499.2196350097656,1017.17138671875,0.9346274137496948,765.8338623046875,799.6701049804688,0.05104967951774597
697,375.17657470703125,1020.5360717773438,0.6423677206039429,361.3913269042969,999.0205078125,0.8616029024124146,364.3252868652344,1022.7084350585938,0.0035843849182128906,395.1822204589844,997.0009765625,0.0070587992668151855,400.8280334472656,984.3442993164062,0.0498635470867157,744.1065673828125,1640.0784912109375,0.01733696460723877,396.4253845214844,987.3145141601562,0.8929063081741333,376.71441650390625,1024.1031494140625,0.017811864614486694,390.1352233886719,1014.0560913085938,0.8460602760314941,454.21453857421875,998.9212646484375,0.01914551854133606,443.9535217285156,996.91796875,0.9174116849899292,456.6413269042969,1039.38818359375,0.7784692049026489,448.1458435058594,1029.0035400390625,0.7535960674285889,499.69427490234375,1017.3173217773438,0.93677818775177,768.5314331054688,810.0803833007812,0.017098724842071533
698,375.07427978515625,1020.6189575195312,0.6455358266830444,361.5381774902344,998.96728515625,0.853278636932373,364.31695556640625,1022.7618408203125,0.003448963165283203,395.0428161621094,997.0375366210938,0.007397860288619995,400.7289733886719,984.424072265625,0.049172669649124146,744.1754760742188,1640.12548828125,0.017468661069869995,396.3590393066406,987.2966918945312,0.8920309543609619,376.7131042480469,1024.0965576171875,0.018610656261444092,390.0677795410156,1014.0908813476562,0.8438783884048462,454.38580322265625,998.9031982421875,0.018763482570648193,444.0363464355469,996.9219970703125,0.9160998463630676,456.8098449707031,1039.2108154296875,0.7676903605461121,448.0160827636719,1028.792236328125,0.7469828128814697,499.7419738769531,1017.1589965820312,0.9403746128082275,768.4239501953125,810.09619140625,0.01927924156188965
699,375.9989929199219,1020.603759765625,0.6757173538208008,360.6438293457031,999.303955078125,0.8782570362091064,363.4866027832031,1022.9857177734375,0.0033368170261383057,383.2873229980469,1008.1126708984375,0.008420079946517944,400.3874206542969,984.3644409179688,0.05614754557609558,744.1776123046875,1640.239501953125,0.016478240489959717,396.6433410644531,987.6065063476562,0.9078304767608643,381.5431213378906,1025.146728515625,0.014190077781677246,391.6904296875,1013.5809326171875,0.8438186645507812,454.26287841796875,998.628662109375,0.02299654483795166,443.9615478515625,996.7338256835938,0.9154327511787415,456.54766845703125,1039.30224609375,0.7728768587112427,448.2528076171875,1029.4058837890625,0.767768383026123,499.7060241699219,1017.041015625,0.9345604181289673,768.8807373046875,809.5985107421875,0.0183413028717041
700,379.9174499511719,1016.0352783203125,0.6109219193458557,359.73858642578125,999.7050170898438,0.8588196635246277,371.1507568359375,1009.5092163085938,0.0026428699493408203,394.911376953125,990.9290161132812,0.007957547903060913,410.8765563964844,983.4520874023438,0.05478477478027344,744.4230346679688,1640.3021240234375,0.017875254154205322,396.5199890136719,986.8111572265625,0.908957302570343,748.1068115234375,1630.0533447265625,0.014481723308563232,392.3065185546875,1012.9307250976562,0.8486737608909607,454.7001953125,998.52587890625,0.03156968951225281,444.4455261230469,996.6318359375,0.9129754304885864,457.1929626464844,1039.666259765625,0.7689902782440186,454.0926818847656,1026.98291015625,0.7251995801925659,499.7285461425781,1017.443115234375,0.9413981437683105,768.829833984375,810.29345703125,0.015590280294418335
701,379.9143981933594,1016.0504150390625,0.6118202805519104,359.82757568359375,999.7244873046875,0.8601333498954773,371.1451721191406,1009.5074462890625,0.0026072561740875244,394.8550109863281,990.9557495117188,0.007739633321762085,410.9523010253906,983.4579467773438,0.05764850974082947,744.3219604492188,1640.2711181640625,0.018319547176361084,396.6018371582031,986.9114990234375,0.9109810590744019,748.0217895507812,1630.0672607421875,0.014516383409500122,392.29351806640625,1012.96337890625,0.846871018409729,454.6739807128906,998.5607299804688,0.02800878882408142,444.60467529296875,996.6738891601562,0.9132859706878662,457.28240966796875,1039.88818359375,0.7684234976768494,454.4194641113281,1027.199462890625,0.7271599769592285,499.6894836425781,1017.4755249023438,0.9403492212295532,629.87646484375,1021.7308349609375,0.014047950506210327
702,378.9657287597656,1015.4208374023438,0.7777519226074219,359.0741271972656,999.4622802734375,0.9252734780311584,369.4897155761719,1021.7523193359375,0.00338590145111084,383.9947509765625,1013.4539184570312,0.008835852146148682,411.5408935546875,982.7973022460938,0.02851998805999756,743.3975219726562,1640.1341552734375,0.01679205894470215,398.3940734863281,985.9578247070312,0.9242140054702759,381.4533386230469,1024.591552734375,0.014702290296554565,395.2139892578125,1013.0904541015625,0.7521772384643555,462.6540222167969,1000.956787109375,0.026813507080078125,445.28363037109375,996.2651977539062,0.9292362332344055,458.2700500488281,1040.0316162109375,0.8062245845794678,453.69903564453125,1026.919189453125,0.7549915313720703,500.5643310546875,1017.703125,0.9399489164352417,630.5889282226562,1021.4952392578125,0.016972064971923828
703,378.9549560546875,1015.509033203125,0.7783346176147461,359.162841796875,999.5567016601562,0.9246904850006104,369.51092529296875,1021.8038940429688,0.0036062002182006836,383.1994323730469,1009.123046875,0.009461194276809692,411.4859924316406,982.8295288085938,0.028989136219024658,743.6038818359375,1640.1051025390625,0.016382426023483276,398.363037109375,986.03662109375,0.9250698089599609,375.9732360839844,1024.47705078125,0.013608992099761963,395.279541015625,1013.1512451171875,0.7475019097328186,462.64569091796875,1000.9336547851562,0.026725292205810547,445.2734680175781,996.2476806640625,0.9294965863227844,458.2523193359375,1040.0302734375,0.8057811260223389,453.693359375,1026.9410400390625,0.7560471296310425,500.55645751953125,1017.7075805664062,0.940485954284668,630.4750366210938,1021.5543212890625,0.018881559371948242
704,377.91094970703125,1015.8314819335938,0.870740532875061,359.8710632324219,997.9429931640625,0.9612079858779907,369.6999816894531,1022.0669555664062,0.007155120372772217,384.04779052734375,1015.2105712890625,0.013210117816925049,391.0898742675781,981.7557983398438,0.04525908827781677,743.7872924804688,1640.0740966796875,0.01956319808959961,398.0935363769531,987.2498779296875,0.9277006387710571,374.591064453125,1024.41015625,0.03164935111999512,398.2787780761719,1012.507080078125,0.7022846937179565,462.8379211425781,1000.5875854492188,0.02386060357093811,445.7486267089844,995.826904296875,0.934965968132019,458.70733642578125,1040.47607421875,0.783233106136322,448.9306945800781,1028.992919921875,0.7373872995376587,501.0126037597656,1017.58984375,0.9387518167495728,769.2116088867188,803.4100341796875,0.043904632329940796
705,378.1627197265625,1015.7119140625,0.8711644411087036,359.8304748535156,997.9517211914062,0.9620122313499451,369.90692138671875,1022.1912231445312,0.0073878467082977295,384.3029479980469,1015.0,0.012875378131866455,390.92132568359375,981.75341796875,0.04739499092102051,742.693359375,1640.1387939453125,0.015908390283584595,398.09912109375,987.1385498046875,0.9281015992164612,374.4619140625,1024.332275390625,0.02969607710838318,398.45867919921875,1012.5120239257812,0.7045397758483887,462.8648681640625,1000.5785522460938,0.02603834867477417,445.7867431640625,995.7360229492188,0.9328031539916992,458.5390319824219,1040.524169921875,0.7989600896835327,448.8978576660156,1029.0185546875,0.7464076280593872,500.97607421875,1017.450439453125,0.9389468431472778,769.1807861328125,803.4208374023438,0.042310893535614014
706,378.2204895019531,1015.2333984375,0.885903000831604,357.2696228027344,997.1511840820312,0.900183379650116,382.3658447265625,1008.8284912109375,0.009923279285430908,384.7568359375,1014.5892333984375,0.023793965578079224,387.0321044921875,980.1629638671875,0.06541270017623901,556.8507690429688,462.2094421386719,0.01569947600364685,398.8328857421875,987.2174682617188,0.8978930711746216,379.4370422363281,1019.6909790039062,0.11182636022567749,398.3932189941406,1013.1004638671875,0.78338623046875,461.5381774902344,1001.1668090820312,0.02477005124092102,446.3460998535156,996.2509765625,0.9482465982437134,456.6113586425781,1039.4619140625,0.789118230342865,449.2490234375,1028.5399169921875,0.7381136417388916,501.2359924316406,1017.3602905273438,0.9498842358589172,769.6917114257812,803.4055786132812,0.055188119411468506
707,378.0850524902344,1015.3758544921875,0.8845013380050659,357.05322265625,997.0923461914062,0.8997567892074585,379.3165283203125,1021.7778930664062,0.010050594806671143,384.7799987792969,1014.60107421875,0.024826496839523315,387.02777099609375,980.2196044921875,0.07105740904808044,556.86865234375,462.1978759765625,0.015549302101135254,398.8720397949219,987.3797607421875,0.9016613960266113,379.3186950683594,1019.7186889648438,0.10470432043075562,398.466064453125,1013.144287109375,0.7830081582069397,461.51593017578125,1001.027099609375,0.024883359670639038,446.4023742675781,996.1690063476562,0.9496254920959473,456.4385681152344,1039.369384765625,0.775931715965271,449.2907409667969,1028.64453125,0.7438625693321228,501.3465270996094,1017.3372192382812,0.9462745189666748,769.6968994140625,803.4868774414062,0.05402034521102905
708,380.4916687011719,1009.7159423828125,0.7698140144348145,353.62615966796875,994.6373291015625,0.8312427997589111,382.70281982421875,1008.5669555664062,0.005594074726104736,391.664306640625,1006.2178955078125,0.0247611403465271,391.1220397949219,983.4085083007812,0.10152572393417358,556.534423828125,462.2288513183594,0.016232281923294067,400.8863525390625,987.1123046875,0.8471964597702026,379.2466735839844,1019.20654296875,0.049365341663360596,400.5713806152344,1013.66943359375,0.802712082862854,462.2380065917969,1000.9695434570312,0.022313833236694336,446.90618896484375,996.5634765625,0.9517378807067871,457.5661315917969,1037.778076171875,0.8345770835876465,451.4974060058594,1029.0458984375,0.6989554166793823,501.3278503417969,1016.7979736328125,0.9453437328338623,770.2982788085938,802.8612060546875,0.12001949548721313
709,380.40252685546875,1009.8128662109375,0.7771022319793701,353.93701171875,994.8526000976562,0.8265554904937744,382.78814697265625,1008.5781860351562,0.0056227147579193115,391.680908203125,1006.2393798828125,0.02470099925994873,387.6625061035156,982.27587890625,0.10967898368835449,241.87777709960938,1092.61865234375,0.019329220056533813,400.8065490722656,987.35693359375,0.847908616065979,379.2520446777344,1019.2536010742188,0.05359777808189392,400.4181823730469,1013.7830810546875,0.8132176995277405,462.30560302734375,1000.9759521484375,0.021696895360946655,447.1180725097656,996.779296875,0.9461922645568848,457.69293212890625,1037.6641845703125,0.82835853099823,451.5799255371094,1029.140380859375,0.7026944160461426,501.3512878417969,1016.8007202148438,0.9454526901245117,770.29833984375,802.8616333007812,0.1202128529548645
710,381.64697265625,1004.6937255859375,0.45027458667755127,352.58428955078125,995.2489013671875,0.5210559368133545,372.7708435058594,1005.5388793945312,0.004541546106338501,391.836669921875,1004.53759765625,0.03057721257209778,392.50390625,983.672607421875,0.08543434739112854,242.50437927246094,1092.4066162109375,0.032396018505096436,402.2653503417969,988.384521484375,0.8345996141433716,396.3735656738281,1020.711669921875,0.03106340765953064,401.93359375,1014.63427734375,0.8057055473327637,462.88671875,1000.5086059570312,0.028136461973190308,448.2792053222656,996.8951416015625,0.9444552063941956,459.63336181640625,1036.0001220703125,0.7970958352088928,454.1766357421875,1028.19189453125,0.7059453725814819,501.74114990234375,1016.3524780273438,0.9296302199363708,771.2365112304688,803.0753173828125,0.1824949085712433
711,381.8098449707031,1004.9152221679688,0.5056153535842896,352.50604248046875,995.0313720703125,0.5413069725036621,372.68585205078125,1005.6521606445312,0.005008876323699951,392.03143310546875,1004.9598999023438,0.03659436106681824,392.70440673828125,983.6822509765625,0.08822175860404968,241.73406982421875,1092.63916015625,0.03298953175544739,402.1413879394531,988.2362060546875,0.8396918773651123,397.559814453125,1024.0335693359375,0.028810858726501465,401.69244384765625,1014.7985229492188,0.8006808757781982,463.0662841796875,1000.6212158203125,0.02966541051864624,448.55206298828125,997.0904541015625,0.9431724548339844,459.3763122558594,1036.0067138671875,0.8085233569145203,454.1117248535156,1028.2828369140625,0.6970849633216858,501.78961181640625,1016.3900146484375,0.9259102940559387,771.1661987304688,802.9603881835938,0.17312127351760864
712,385.7662658691406,1006.296142578125,0.3444252610206604,350.2301025390625,995.3786010742188,0.46087342500686646,382.4783935546875,1006.8973388671875,0.004910707473754883,399.0411682128906,1002.40380859375,0.03756090998649597,393.5120544433594,984.2852172851562,0.07937777042388916,242.3478546142578,1092.7388916015625,0.03610065579414368,402.3287353515625,986.1847534179688,0.7657359838485718,397.1761779785156,1019.2355346679688,0.026689887046813965,401.5484313964844,1013.4375610351562,0.7418413758277893,462.91888427734375,1000.71044921875,0.01840701699256897,448.77899169921875,996.8193359375,0.9369494318962097,460.03045654296875,1034.7603759765625,0.7525967359542847,454.0048828125,1027.1546630859375,0.6429224610328674,502.7456970214844,1016.6336059570312,0.9388360977172852,771.7514038085938,802.8012084960938,0.13685667514801025
713,385.8104553222656,1006.3321533203125,0.3314874768257141,350.2081298828125,995.5983276367188,0.4600990116596222,382.7101745605469,1006.8080444335938,0.00475040078163147,399.2787170410156,1002.3726806640625,0.03666314482688904,393.6592712402344,984.3650512695312,0.080177903175354,242.1204833984375,1092.8673095703125,0.036169856786727905,402.4548034667969,986.0386962890625,0.7654906511306763,397.25311279296875,1019.1717529296875,0.027865201234817505,401.6619873046875,1013.4439086914062,0.7401242256164551,462.8462219238281,1000.7235717773438,0.017886102199554443,448.71270751953125,996.7510375976562,0.9359781742095947,460.1368103027344,1034.7310791015625,0.7595905065536499,454.06768798828125,1027.141845703125,0.6454566717147827,502.8047790527344,1016.5481567382812,0.9388822317123413,771.7872314453125,802.7674560546875,0.14292427897453308
714,386.6301574707031,1012.3997192382812,0.3644769787788391,351.00250244140625,1002.1150512695312,0.8233672380447388,377.1273498535156,1005.8114624023438,0.0019649267196655273,399.2218017578125,1003.4422607421875,0.01637968420982361,387.279052734375,983.8803100585938,0.07904359698295593,242.1712646484375,1092.37451171875,0.01904502511024475,402.646728515625,986.3820190429688,0.7795615792274475,398.7067565917969,1020.2088623046875,0.07467374205589294,403.1557312011719,1014.7967529296875,0.6386282444000244,463.07781982421875,999.598876953125,0.026529759168624878,448.9205017089844,995.0361938476562,0.9358751773834229,459.509521484375,1036.0806884765625,0.6051244735717773,454.4449157714844,1026.51953125,0.7599146366119385,502.2095031738281,1015.9178466796875,0.9381093978881836,772.1962280273438,802.997802734375,0.1348685324192047
715,386.5670166015625,1012.1747436523438,0.3968363404273987,350.7315368652344,1001.4501342773438,0.7748038172721863,376.8853454589844,1005.8628540039062,0.002301812171936035,398.6690979003906,1003.5995483398438,0.014345139265060425,386.81707763671875,983.91455078125,0.10849294066429138,241.84597778320312,1092.0863037109375,0.030597656965255737,402.75164794921875,986.4892578125,0.7747375965118408,398.5720520019531,1019.9637451171875,0.07501575350761414,403.4517517089844,1014.7337036132812,0.6007211804389954,463.10693359375,999.5310668945312,0.024662762880325317,448.8525085449219,994.7713012695312,0.9369171857833862,459.6021728515625,1036.06494140625,0.5961107015609741,454.5013427734375,1026.419677734375,0.7578301429748535,502.22503662109375,1015.9140625,0.9379762411117554,772.1985473632812,802.9974365234375,0.1351967751979828
716,385.6673583984375,1013.5130004882812,0.4821885824203491,354.0251770019531,1001.2020263671875,0.851993978023529,385.8744201660156,1009.0303344726562,0.0015509426593780518,398.7483825683594,1006.45556640625,0.014206945896148682,386.0913391113281,983.3881225585938,0.16731107234954834,242.9725799560547,1086.89697265625,0.0367511510848999,403.7848815917969,985.5737915039062,0.7816368341445923,398.5230407714844,1020.4019165039062,0.10076513886451721,403.08758544921875,1015.4789428710938,0.6827471852302551,462.84765625,999.7604370117188,0.023156732320785522,448.5628967285156,994.8418579101562,0.9406744241714478,459.2281188964844,1033.3948974609375,0.644741415977478,454.42193603515625,1026.379638671875,0.7721550464630127,502.2987976074219,1016.0408325195312,0.9332258701324463,772.2394409179688,802.560302734375,0.15237241983413696
717,385.8097839355469,1013.3601684570312,0.48764199018478394,353.86669921875,1001.2398681640625,0.848513126373291,385.66900634765625,1008.9307861328125,0.0015587806701660156,398.4833984375,1006.3208618164062,0.015092164278030396,386.19830322265625,983.4654541015625,0.16989484429359436,243.53768920898438,1086.7503662109375,0.04573357105255127,403.8857727050781,985.3535766601562,0.7895916700363159,398.4676818847656,1020.52099609375,0.10724571347236633,403.2547912597656,1015.58447265625,0.6858251690864563,462.86346435546875,999.6044311523438,0.021533697843551636,448.3336486816406,994.6851196289062,0.9375048875808716,459.3216857910156,1033.567626953125,0.6597610712051392,454.3900451660156,1026.476806640625,0.7723761200904846,502.388671875,1015.9828491210938,0.9349936842918396,772.2836303710938,802.5277709960938,0.1401345133781433
718,394.9507751464844,1022.6698608398438,0.35508525371551514,354.1139221191406,999.438232421875,0.721747636795044,397.791748046875,1007.3994750976562,0.0020192861557006836,396.98016357421875,1004.0528564453125,0.011346369981765747,386.5215148925781,982.7469482421875,0.1177428662776947,242.67381286621094,1087.0977783203125,0.03635147213935852,404.3719787597656,984.2293701171875,0.656032145023346,400.0209655761719,1019.8806762695312,0.1759231984615326,403.4139099121094,1014.3079223632812,0.7057576775550842,463.3787841796875,998.783935546875,0.030871301889419556,447.65643310546875,989.7132568359375,0.9369533061981201,470.0361022949219,1032.2578125,0.46437159180641174,456.154296875,1022.8074340820312,0.7206404209136963,501.0738830566406,1015.420166015625,0.956761360168457,772.4906005859375,802.6430053710938,0.15266957879066467
719,394.99761962890625,1022.6640014648438,0.3511320948600769,353.9984130859375,999.5623779296875,0.7294804453849792,397.8291931152344,1007.3324584960938,0.002033919095993042,397.1112365722656,1004.0094604492188,0.011402755975723267,386.8436584472656,982.8983154296875,0.10506612062454224,241.56385803222656,1092.20654296875,0.03191027045249939,404.39715576171875,984.3449096679688,0.6607056856155396,400.0970764160156,1019.90234375,0.16761839389801025,403.404541015625,1014.2998657226562,0.6988861560821533,463.4107971191406,998.7692260742188,0.031052857637405396,447.68621826171875,989.7133178710938,0.9387204647064209,470.0212097167969,1032.29345703125,0.4676542580127716,456.1788635253906,1022.8929443359375,0.7175968289375305,501.0874328613281,1015.41015625,0.956825315952301,772.6046752929688,802.6383056640625,0.14143973588943481
720,369.7353515625,1004.43310546875,0.14231842756271362,352.210693359375,1000.5730590820312,0.5053262114524841,374.8377685546875,1005.4873657226562,0.0025542080402374268,394.5243835449219,1003.3399047851562,0.011719346046447754,385.407470703125,982.6889038085938,0.07859450578689575,242.12039184570312,1092.6019287109375,0.04060178995132446,401.2091369628906,985.9548950195312,0.5149495601654053,399.6222839355469,1015.8198852539062,0.07095104455947876,399.9171142578125,1011.03759765625,0.7817500829696655,464.7606201171875,998.9424438476562,0.012569248676300049,449.07232666015625,988.5352172851562,0.9089459180831909,468.8559875488281,1032.1285400390625,0.8235657811164856,457.976806640625,1022.296875,0.7031409740447998,501.1765441894531,1015.3071899414062,0.9533894658088684,772.5078735351562,802.6705932617188,0.07019802927970886
721,369.6159362792969,1004.4957885742188,0.14960423111915588,352.2795104980469,1000.6402587890625,0.5187909007072449,374.8458251953125,1005.4741821289062,0.002642989158630371,394.225341796875,1003.3172607421875,0.012440741062164307,385.44305419921875,982.5848999023438,0.07849651575088501,242.1200408935547,1092.5950927734375,0.040647923946380615,401.1397399902344,985.9363403320312,0.5313793420791626,399.5743408203125,1016.0497436523438,0.0768984854221344,399.97198486328125,1011.391845703125,0.7802495956420898,464.22589111328125,999.0715942382812,0.012795418500900269,449.3431396484375,988.7005615234375,0.9060516357421875,468.5898742675781,1032.0982666015625,0.7061847448348999,456.7630920410156,1021.7575073242188,0.7076167464256287,500.9068603515625,1015.3704833984375,0.9516922831535339,772.5123901367188,802.6691284179688,0.06950047612190247
722,386.5888671875,1008.1681518554688,0.09550389647483826,353.1373596191406,1002.8466186523438,0.708455502986908,375.5631103515625,1005.3071899414062,0.0011687874794006348,412.34930419921875,988.127685546875,0.005710810422897339,387.07843017578125,980.099609375,0.04260680079460144,242.1046905517578,1092.2957763671875,0.05187445878982544,400.3492126464844,985.5675048828125,0.40001213550567627,399.78509521484375,1013.3399658203125,0.027476340532302856,401.1665954589844,1009.023681640625,0.7441384792327881,466.46295166015625,998.0452270507812,0.01572999358177185,448.44512939453125,987.3818359375,0.8684375882148743,466.9889221191406,1033.6387939453125,0.8459846377372742,456.453369140625,1021.5748291015625,0.7201024889945984,501.4169006347656,1015.9091186523438,0.9536455869674683,636.5411987304688,1022.1428833007812,0.053882479667663574
723,386.4759521484375,1008.0302734375,0.09376752376556396,352.9123840332031,1002.793701171875,0.6737644672393799,375.4967346191406,1005.19970703125,0.0011208951473236084,412.3128967285156,988.070556640625,0.005342960357666016,386.8815612792969,980.0831298828125,0.041921764612197876,241.69544982910156,1092.80224609375,0.03085857629776001,400.3244323730469,985.4440307617188,0.37671396136283875,399.6472473144531,1013.3195190429688,0.028159379959106445,401.0738830566406,1008.8397827148438,0.7361809015274048,466.65118408203125,997.7948608398438,0.01813700795173645,448.6177673339844,987.16162109375,0.8666146993637085,467.2832336425781,1033.4552001953125,0.8432081341743469,456.5864562988281,1021.6903686523438,0.7320839762687683,501.554931640625,1015.9835815429688,0.9558820724487305,636.5044555664062,1022.1495361328125,0.054379552602767944
724,379.9147644042969,1011.185302734375,0.1104898750782013,345.4013366699219,1004.2106323242188,0.588860809803009,406.9339294433594,989.2694702148438,0.002047300338745117,413.13543701171875,989.89453125,0.011241823434829712,386.1383972167969,984.45751953125,0.16347754001617432,242.25070190429688,1092.7740478515625,0.045439839363098145,399.9158935546875,986.8179931640625,0.6253273487091064,482.0452880859375,437.60015869140625,0.011388033628463745,396.54205322265625,1010.734619140625,0.7141793966293335,444.9840087890625,983.7886962890625,0.013480842113494873,448.8170166015625,988.4797973632812,0.8887883424758911,464.97052001953125,1036.6922607421875,0.8771276473999023,454.6009521484375,1025.4217529296875,0.5756476521492004,504.0116271972656,1016.7793579101562,0.957079291343689,636.4718017578125,1022.234130859375,0.04553675651550293
725,379.90240478515625,1011.384765625,0.09862899780273438,345.5152893066406,1004.041748046875,0.593796968460083,406.951171875,989.1565551757812,0.0019837617874145508,413.2105407714844,989.93994140625,0.010170608758926392,386.2679138183594,984.56640625,0.16533786058425903,242.50262451171875,1092.89794921875,0.0597110390663147,399.90631103515625,986.7088623046875,0.6370515823364258,748.3977661132812,1629.3629150390625,0.011673659086227417,396.5195007324219,1010.78662109375,0.7326145768165588,444.8248291015625,983.8666381835938,0.01261758804321289,448.7323913574219,988.7008056640625,0.8902536630630493,464.88983154296875,1036.5694580078125,0.8317848443984985,454.49481201171875,1025.367919921875,0.5497732758522034,504.1767578125,1016.7158203125,0.9566208124160767,773.2721557617188,803.44287109375,0.04486739635467529
726,379.8731384277344,1010.4525146484375,0.12257161736488342,343.8583068847656,1005.065185546875,0.8493807315826416,406.73388671875,990.9057006835938,0.0033860504627227783,416.017578125,989.1004638671875,0.01112326979637146,384.9693603515625,982.4880981445312,0.11009365320205688,241.9090118408203,1092.7064208984375,0.0242156982421875,400.3232116699219,986.4288330078125,0.584358274936676,748.6576538085938,1629.2911376953125,0.011698216199874878,394.3424377441406,1003.3414306640625,0.7413620352745056,457.85308837890625,995.4540405273438,0.013537317514419556,447.00152587890625,990.348388671875,0.9128023982048035,466.0373840332031,1036.1844482421875,0.958730936050415,443.17376708984375,1020.845458984375,0.4821420907974243,503.2543640136719,1016.98828125,0.9462184906005859,773.6609497070312,803.4327392578125,0.07834750413894653
727,379.7437438964844,1010.6314697265625,0.13357967138290405,344.0904541015625,1005.022216796875,0.8424525260925293,406.6210632324219,991.000732421875,0.0032281875610351562,415.9267883300781,989.3916015625,0.010656803846359253,378.8235778808594,983.4461059570312,0.11266881227493286,241.8408660888672,1092.571044921875,0.03394347429275513,400.2577209472656,986.383056640625,0.6030508279800415,482.00640869140625,437.5865173339844,0.011757910251617432,394.2173156738281,1003.2670288085938,0.7602012157440186,457.6156005859375,995.6939697265625,0.016252070665359497,447.0068359375,990.5078125,0.9196062088012695,465.890869140625,1036.2431640625,0.9626668691635132,443.2915344238281,1020.8627319335938,0.4793481230735779,503.4612121582031,1016.8836669921875,0.9449896812438965,773.6023559570312,803.459228515625,0.08308455348014832
728,358.78924560546875,1012.560791015625,0.012860864400863647,344.3310241699219,1011.3375854492188,0.546278178691864,407.229736328125,989.64501953125,0.0017161071300506592,417.40289306640625,988.8444213867188,0.003698676824569702,412.1789855957031,983.2036743164062,0.06173443794250488,243.67262268066406,1085.4993896484375,0.03603160381317139,389.4346618652344,985.5747680664062,0.47079357504844666,481.9767761230469,437.62274169921875,0.011859238147735596,394.1597900390625,1006.6090698242188,0.6831295490264893,444.1376647949219,988.3407592773438,0.015605241060256958,445.3755798339844,990.5810546875,0.9128179550170898,466.2702941894531,1035.8836669921875,0.9436858892440796,438.463134765625,1019.8596801757812,0.7319373488426208,503.4211120605469,1016.681884765625,0.9519451856613159,773.7295532226562,803.5728149414062,0.061926186084747314
729,365.7196350097656,1005.4751586914062,0.013760417699813843,344.1463623046875,1010.6975708007812,0.5063496232032776,406.8565673828125,989.63330078125,0.002075105905532837,417.350341796875,989.052978515625,0.004346191883087158,383.37335205078125,984.4179077148438,0.07030421495437622,242.78082275390625,1085.826416015625,0.04467293620109558,388.9993591308594,985.6292724609375,0.5047688484191895,748.8762817382812,1629.52392578125,0.011933445930480957,394.1655578613281,1006.3330078125,0.6376312375068665,443.8481750488281,988.68896484375,0.016205549240112305,444.5333557128906,990.8848876953125,0.9141119122505188,465.9798583984375,1035.7803955078125,0.9473469257354736,438.260009765625,1019.4412231445312,0.7497543096542358,503.68878173828125,1016.4751586914062,0.9362002015113831,773.7521362304688,803.5547485351562,0.06622698903083801
730,366.4570617675781,1022.2240600585938,0.06452244520187378,345.6932678222656,1012.6182250976562,0.7086475491523743,402.0307312011719,990.0707397460938,0.0013418197631835938,417.3370361328125,989.6226806640625,0.002988189458847046,412.2545166015625,984.5739135742188,0.05585703253746033,242.61151123046875,1085.06005859375,0.05697566270828247,390.9830322265625,987.1630859375,0.39285558462142944,481.9427490234375,437.65521240234375,0.011880874633789062,395.4925231933594,1004.0596923828125,0.5945494174957275,453.4084777832031,996.5104370117188,0.011464565992355347,443.4285583496094,991.75,0.9223912954330444,467.66644287109375,1033.72607421875,0.9075197577476501,436.9761657714844,1019.2952880859375,0.7277663350105286,503.4415588378906,1016.3556518554688,0.955202579498291,637.0636596679688,1022.3189086914062,0.029317796230316162
731,366.420654296875,1022.2183227539062,0.06589093804359436,345.70458984375,1012.41943359375,0.7068547010421753,406.942138671875,990.0921020507812,0.001351863145828247,417.10870361328125,989.5714721679688,0.0028854012489318848,412.0018005371094,984.48828125,0.052712440490722656,243.09632873535156,1085.1163330078125,0.06446877121925354,391.0363464355469,987.1722412109375,0.3870556354522705,481.9415588378906,437.65185546875,0.011894822120666504,395.49102783203125,1004.0301513671875,0.6043397188186646,453.0726623535156,996.5250854492188,0.010283678770065308,443.6711730957031,991.647216796875,0.9170617461204529,467.5760498046875,1033.7708740234375,0.9104393720626831,437.1479797363281,1019.3660278320312,0.7322062253952026,503.4197692871094,1016.3086547851562,0.9561314582824707,637.072021484375,1022.33154296875,0.03523537516593933
732,372.90673828125,1022.0245361328125,0.1769048571586609,343.5524597167969,1006.630859375,0.7225976586341858,395.2392883300781,989.9793090820312,0.002379864454269409,418.6394348144531,989.4622192382812,0.0029797255992889404,371.9486389160156,983.0374755859375,0.04624217748641968,242.1954803466797,1085.1280517578125,0.04860442876815796,388.7855224609375,987.6414184570312,0.5392982959747314,749.021240234375,1629.368408203125,0.012359678745269775,395.2375183105469,1001.6915283203125,0.6826399564743042,454.4145812988281,997.6578369140625,0.013795703649520874,440.95098876953125,992.48681640625,0.9065208435058594,467.9586486816406,1035.135498046875,0.8663281798362732,439.5263977050781,1023.1669921875,0.6615873575210571,503.6681213378906,1016.382080078125,0.9511207938194275,637.008544921875,1022.3858642578125,0.038603246212005615
733,372.8489074707031,1022.0587768554688,0.1900463104248047,345.57574462890625,1010.7511596679688,0.7291913628578186,395.0755310058594,990.0254516601562,0.0023856759071350098,418.65618896484375,989.816162109375,0.003316551446914673,371.6482849121094,982.8468017578125,0.05640745162963867,242.16839599609375,1085.08447265625,0.04851865768432617,388.41790771484375,987.3652954101562,0.6000989079475403,481.8548583984375,437.5912170410156,0.012035757303237915,395.099365234375,1001.7730102539062,0.6951695084571838,441.90948486328125,988.181884765625,0.014047294855117798,441.8688659667969,993.0413818359375,0.9217493534088135,468.4599609375,1034.8712158203125,0.8564267158508301,439.67523193359375,1023.103759765625,0.6457087993621826,503.4317321777344,1016.24462890625,0.9527269601821899,636.912353515625,1022.4178466796875,0.036004215478897095
734,371.5087585449219,1023.300537109375,0.24455946683883667,344.5793762207031,1010.8989868164062,0.8132985830307007,407.15484619140625,989.4061279296875,0.00143355131149292,376.9788818359375,987.43408203125,0.002117365598678589,368.07421875,982.9137573242188,0.07896074652671814,237.6634521484375,1081.0859375,0.07620266079902649,385.1368103027344,987.4550170898438,0.6868400573730469,481.8345031738281,437.4877624511719,0.011948466300964355,393.8767395019531,1007.8412475585938,0.7086337804794312,465.4657897949219,1000.7756958007812,0.009712845087051392,441.1471252441406,993.734619140625,0.9066829681396484,468.48223876953125,1035.085205078125,0.9014155864715576,438.6326904296875,1023.3271484375,0.7319951057434082,503.4441833496094,1015.506103515625,0.9542922973632812,636.9003295898438,1022.4923706054688,0.03654095530509949
735,367.0860595703125,1022.7850952148438,0.2197987139225006,344.50360107421875,1010.7421264648438,0.8134739398956299,407.3420715332031,989.5738525390625,0.0014018714427947998,362.19805908203125,986.5718383789062,0.002565324306488037,368.0508117675781,982.6558837890625,0.08786588907241821,242.89111328125,1085.7828369140625,0.05281490087509155,385.07232666015625,987.2424926757812,0.6927675604820251,481.84576416015625,437.5207824707031,0.011936664581298828,393.7471923828125,1007.942138671875,0.7014958262443542,465.3365783691406,1000.8574829101562,0.012953728437423706,441.25933837890625,993.646484375,0.914434552192688,468.20489501953125,1035.1593017578125,0.9157872200012207,438.61090087890625,1023.0538330078125,0.7476599216461182,503.3684387207031,1015.2572021484375,0.9519670605659485,636.8602905273438,1022.5317993164062,0.03717300295829773
736,371.3907775878906,1021.9679565429688,0.251187801361084,340.0488586425781,1006.4125366210938,0.8968344926834106,406.9873046875,989.4539794921875,0.001172482967376709,361.4072265625,987.1588745117188,0.003907144069671631,359.5315246582031,982.53515625,0.056810081005096436,237.0521697998047,1081.58984375,0.06895405054092407,384.13043212890625,986.5540161132812,0.602596640586853,481.7984924316406,437.48931884765625,0.012044161558151245,393.82177734375,1007.295654296875,0.735966682434082,466.05145263671875,1001.9153442382812,0.011479377746582031,441.8729553222656,993.752685546875,0.8897935748100281,468.5075378417969,1034.8905029296875,0.9319871664047241,434.5090637207031,1019.5213623046875,0.7760640382766724,503.22344970703125,1015.5805053710938,0.95048987865448,636.7662963867188,1022.6475830078125,0.04363778233528137
737,371.3497314453125,1022.0399780273438,0.23830053210258484,339.85906982421875,1006.2718505859375,0.8946502208709717,407.07373046875,989.4102172851562,0.001137077808380127,361.72235107421875,987.1273803710938,0.003942996263504028,361.7814636230469,979.3538818359375,0.05095398426055908,237.3353271484375,1080.9931640625,0.08454012870788574,383.6705017089844,986.2828369140625,0.6301190853118896,481.7734069824219,437.53546142578125,0.012144267559051514,393.714111328125,1007.4332885742188,0.7279039621353149,466.13397216796875,1001.7926635742188,0.010335028171539307,441.8861999511719,993.7229614257812,0.8851297497749329,468.6573791503906,1034.9423828125,0.9357702732086182,434.6229553222656,1019.5143432617188,0.7702069282531738,503.2283935546875,1016.3663330078125,0.9502073526382446,636.6920166015625,1022.6358642578125,0.044412195682525635
738,365.9560852050781,1021.51318359375,0.36627307534217834,335.5986022949219,1005.6327514648438,0.9172004461288452,400.2364196777344,989.1077270507812,0.0014792084693908691,362.2098693847656,988.085693359375,0.0033966898918151855,367.59564208984375,983.0772094726562,0.03850275278091431,236.66212463378906,1086.0875244140625,0.08068645000457764,383.4795837402344,987.4280395507812,0.6776143312454224,481.71209716796875,437.36834716796875,0.011786997318267822,393.5296325683594,1007.81787109375,0.7049893140792847,454.00360107421875,1000.9443969726562,0.006216585636138916,441.27056884765625,993.5077514648438,0.8060376644134521,468.4228820800781,1034.6240234375,0.9384124875068665,434.1982727050781,1019.2449340820312,0.8020626902580261,502.6991271972656,1016.7235717773438,0.9555072784423828,635.9857177734375,1022.3780517578125,0.04039734601974487
739,366.7947082519531,1021.4577026367188,0.3599676489830017,335.64569091796875,1005.5642700195312,0.9130223393440247,400.278564453125,989.135498046875,0.0014730393886566162,362.1737976074219,988.1080322265625,0.003337770700454712,367.6112060546875,983.1116943359375,0.038248270750045776,237.37509155273438,1080.9932861328125,0.08856219053268433,383.52490234375,987.4259643554688,0.6788352727890015,481.7532958984375,437.4134216308594,0.011780023574829102,393.5876159667969,1007.7796020507812,0.6956027150154114,413.1838684082031,990.8280029296875,0.006334066390991211,441.2191467285156,993.4195556640625,0.8054028749465942,468.3790283203125,1034.6644287109375,0.9379383325576782,434.21002197265625,1019.267578125,0.8103886842727661,502.707275390625,1016.718505859375,0.9555374979972839,636.0037841796875,1022.3846435546875,0.0391213595867157
740,370.46624755859375,1021.69775390625,0.3421604037284851,335.9718322753906,1005.7922973632812,0.9339722394943237,400.21337890625,989.1982421875,0.0017022788524627686,363.48016357421875,988.564208984375,0.00488203763961792,360.5437927246094,981.904052734375,0.05021810531616211,238.46417236328125,1080.506591796875,0.07811439037322998,384.57342529296875,987.2431030273438,0.6487228274345398,481.6843566894531,437.4251708984375,0.01175960898399353,394.976318359375,1007.4912719726562,0.712718665599823,454.36810302734375,999.1951293945312,0.007182806730270386,441.3082275390625,992.7075805664062,0.8859341740608215,467.60748291015625,1034.4039306640625,0.9140598773956299,435.3528137207031,1019.3098754882812,0.8276709318161011,502.3974914550781,1016.8218994140625,0.9531542658805847,635.7015380859375,1022.56982421875,0.03426408767700195
741,370.9018859863281,1021.9080200195312,0.3085612654685974,336.0040283203125,1006.0541381835938,0.928173303604126,400.6460876464844,989.1952514648438,0.001612246036529541,363.2457275390625,988.4741821289062,0.0038604140281677246,361.2948303222656,978.6648559570312,0.04376828670501709,238.17984008789062,1085.8643798828125,0.08202624320983887,385.0495910644531,987.1476440429688,0.5727009177207947,481.67010498046875,437.42828369140625,0.011739194393157959,395.26019287109375,1007.267822265625,0.6900179386138916,454.61663818359375,999.0626831054688,0.008040070533752441,441.4184875488281,992.168701171875,0.8674062490463257,467.2961730957031,1034.34521484375,0.9278990030288696,435.1988220214844,1019.0765991210938,0.8038815259933472,502.5327453613281,1016.7294921875,0.9555928707122803,635.5460205078125,1022.5816650390625,0.03711754083633423
742,366.76629638671875,1022.1867065429688,0.32272830605506897,335.74591064453125,1006.5708618164062,0.8636474013328552,401.2728271484375,988.8536987304688,0.0019063055515289307,362.8055114746094,988.7640380859375,0.0018406808376312256,360.7958984375,978.6707153320312,0.031190097332000732,243.37261962890625,1090.577880859375,0.07182538509368896,385.32635498046875,987.165283203125,0.5687484741210938,481.6042785644531,437.3670959472656,0.011599540710449219,395.85986328125,1007.1716918945312,0.69270920753479,454.40283203125,998.7476806640625,0.00942644476890564,442.065185546875,991.6707763671875,0.8440498113632202,466.7297058105469,1035.0701904296875,0.8730245232582092,434.64678955078125,1019.4559936523438,0.7975667715072632,502.13006591796875,1016.06591796875,0.9516985416412354,635.6939086914062,1022.6605834960938,0.029224663972854614
743,366.89251708984375,1022.1512451171875,0.3268892765045166,335.9345703125,1006.5513305664062,0.8538357019424438,401.3157653808594,988.9618530273438,0.0016311109066009521,363.1270446777344,988.6034545898438,0.0017258524894714355,360.98150634765625,978.5226440429688,0.029467225074768066,242.75955200195312,1090.693603515625,0.07192885875701904,385.5166931152344,986.9849243164062,0.5768489837646484,481.592529296875,437.3741455078125,0.0115986168384552,395.69244384765625,1007.1751708984375,0.6675253510475159,454.09832763671875,998.6375732421875,0.009184569120407104,441.8798522949219,991.8104858398438,0.8499577045440674,466.4375,1035.41845703125,0.8800041079521179,434.9745788574219,1019.6541748046875,0.8157086372375488,502.15350341796875,1016.2313232421875,0.9512174725532532,635.81591796875,1022.7623901367188,0.02975177764892578
744,367.1189270019531,1022.6729125976562,0.19607853889465332,340.2344970703125,1010.9110717773438,0.8695961833000183,401.7872009277344,990.3847045898438,0.0016429126262664795,399.7691650390625,1004.960693359375,0.001880645751953125,365.0572509765625,985.400634765625,0.10467532277107239,237.4032440185547,1091.925537109375,0.07904449105262756,389.9596862792969,987.8086547851562,0.5541825294494629,481.514892578125,437.4942626953125,0.011535197496414185,397.2115478515625,1003.7078247070312,0.575036883354187,453.99847412109375,998.0238647460938,0.01850259304046631,441.7123718261719,990.3577270507812,0.8915680646896362,464.8517761230469,1034.9840087890625,0.8140388131141663,437.7676696777344,1022.8009033203125,0.8214505910873413,502.8053894042969,1017.0022583007812,0.950879693031311,636.2234497070312,1022.7315063476562,0.023514211177825928
745,373.0286865234375,1023.0640258789062,0.19817280769348145,340.32635498046875,1011.253662109375,0.8756359815597534,401.12762451171875,990.5225830078125,0.0017750859260559082,412.5771484375,1004.163818359375,0.0023926198482513428,364.6181945800781,986.0275268554688,0.11435133218765259,244.53912353515625,1085.3575439453125,0.05722019076347351,386.3218078613281,987.9578247070312,0.46164950728416443,748.158447265625,1630.396484375,0.011744856834411621,396.70513916015625,1003.861083984375,0.5534805655479431,454.16009521484375,997.9771728515625,0.018967419862747192,441.9278564453125,990.2145385742188,0.893032431602478,464.58148193359375,1034.9937744140625,0.8305671811103821,438.4830017089844,1022.7830810546875,0.8184452056884766,502.8167419433594,1017.0576171875,0.9504028558731079,636.235595703125,1022.7272338867188,0.023258358240127563
746,373.2682189941406,1020.8704833984375,0.13925787806510925,340.4698791503906,1011.7516479492188,0.7712932825088501,402.3546447753906,991.0690307617188,0.0009418129920959473,411.97674560546875,1003.849365234375,0.0020684897899627686,366.7015686035156,987.5801391601562,0.11023595929145813,244.21798706054688,1085.2193603515625,0.0828956663608551,399.2831115722656,987.1087036132812,0.15967917442321777,481.65191650390625,437.3745422363281,0.011158108711242676,397.9575500488281,1002.2897338867188,0.3566967844963074,458.1474609375,999.660400390625,0.017786026000976562,443.76214599609375,989.419921875,0.8735252022743225,464.600830078125,1034.52392578125,0.8729373216629028,443.4161071777344,1023.70556640625,0.7779518365859985,502.7046813964844,1017.0787963867188,0.9521270990371704,635.9908447265625,1022.9630126953125,0.03697964549064636
747,373.3321228027344,1020.8915405273438,0.1478487253189087,340.5074768066406,1011.5159912109375,0.7799625396728516,402.3712158203125,991.116943359375,0.0009001195430755615,412.03741455078125,1003.796630859375,0.0019897818565368652,366.8990173339844,987.6651611328125,0.11142721772193909,237.48284912109375,1092.2723388671875,0.09048250317573547,399.3415222167969,987.1455078125,0.17180463671684265,748.7201538085938,1629.4649658203125,0.011075347661972046,397.9853820800781,1002.1752319335938,0.36645805835723877,454.5794677734375,997.1685180664062,0.01387837529182434,443.47955322265625,989.5477294921875,0.8742609024047852,464.76953125,1034.7763671875,0.8911077976226807,443.4733581542969,1023.7017822265625,0.7817585468292236,502.8069763183594,1017.0704345703125,0.9509197473526001,636.048828125,1022.79931640625,0.03745836019515991
748,378.9023132324219,1023.9606323242188,0.06385856866836548,340.2476806640625,1013.8184204101562,0.7317222356796265,394.5704040527344,988.9329833984375,0.0008913576602935791,410.90924072265625,1003.0178833007812,0.002377629280090332,365.09930419921875,988.8876342773438,0.0776236355304718,237.0131378173828,1091.8519287109375,0.10635805130004883,384.39959716796875,988.1969604492188,0.04361271858215332,748.72509765625,1629.452880859375,0.011125952005386353,398.9059753417969,999.5375366210938,0.28832870721817017,452.1791076660156,996.7354125976562,0.019726157188415527,441.8338928222656,987.6146850585938,0.8230996131896973,460.773193359375,1034.998779296875,0.9598151445388794,436.29638671875,1019.46630859375,0.5390591621398926,502.8775329589844,1016.923828125,0.9491740465164185,636.2493896484375,1023.1397094726562,0.03347140550613403
749,379.09405517578125,1023.7959594726562,0.07461079955101013,344.6025695800781,1012.162353515625,0.7145830392837524,394.6365661621094,988.9730834960938,0.0008689761161804199,410.55712890625,1003.17578125,0.002542167901992798,365.2851867675781,988.755859375,0.09316328167915344,237.18287658691406,1091.6092529296875,0.09519192576408386,384.5416259765625,988.0975952148438,0.0473322868347168,481.6703796386719,437.4383850097656,0.011190176010131836,405.0818786621094,1002.6520385742188,0.29124540090560913,452.2469482421875,996.620361328125,0.022943079471588135,441.9029541015625,987.7654418945312,0.8332009315490723,460.18060302734375,1034.8951416015625,0.9606542587280273,436.7182922363281,1019.7467651367188,0.5702082514762878,502.8103332519531,1016.8543701171875,0.9504736661911011,636.5560302734375,1023.2591552734375,0.04951709508895874
750,370.1687316894531,1022.559814453125,0.09058362245559692,342.62689208984375,1013.6683349609375,0.6296776533126831,377.6382751464844,1007.2337036132812,0.000989675521850586,380.7417907714844,1002.035888671875,0.0048559606075286865,354.5107727050781,988.1072998046875,0.08443912863731384,556.1033935546875,463.1961364746094,0.01679655909538269,383.37548828125,986.7131958007812,0.1529776155948639,481.7142333984375,437.31060791015625,0.010395228862762451,389.47845458984375,1008.90966796875,0.3853932023048401,451.83721923828125,998.1978759765625,0.0066336095333099365,441.5066833496094,989.4837036132812,0.7939838767051697,458.724853515625,1034.6365966796875,0.9587826728820801,434.7540283203125,1018.5592651367188,0.5982752442359924,501.77423095703125,1016.5499267578125,0.9606729745864868,635.7590942382812,1023.7568359375,0.1058124303817749
751,370.4383544921875,1022.3018798828125,0.08712694048881531,342.5196228027344,1013.5889892578125,0.6131870150566101,377.4333801269531,1007.0321044921875,0.0010938048362731934,380.6347351074219,1001.9552001953125,0.005491435527801514,354.9270935058594,988.4143676757812,0.06896722316741943,556.0623168945312,463.0487365722656,0.016675055027008057,383.58966064453125,986.5582885742188,0.13249221444129944,481.7840576171875,437.3643493652344,0.010578155517578125,389.7413635253906,1009.038330078125,0.37666189670562744,451.6387939453125,998.1747436523438,0.005924582481384277,441.1884765625,989.4683837890625,0.7972674369812012,458.7190246582031,1034.51611328125,0.952177882194519,434.7882385253906,1018.61962890625,0.5821780562400818,501.9415588378906,1016.6137084960938,0.9621767997741699,635.651123046875,1023.791015625,0.09201458096504211
752,364.42803955078125,1023.6702270507812,0.10437831282615662,338.9271545410156,1012.56201171875,0.586230456829071,376.0853576660156,1008.2981567382812,0.0011440515518188477,378.8482971191406,1003.723876953125,0.006125330924987793,366.4066467285156,985.5929565429688,0.10379588603973389,555.9663696289062,462.7952880859375,0.016772598028182983,383.3011169433594,986.052978515625,0.2416578233242035,481.7381591796875,437.318603515625,0.010641634464263916,387.9864196777344,1009.1610107421875,0.43509042263031006,451.247314453125,998.4437866210938,0.007882833480834961,438.3636169433594,988.8864135742188,0.8176358342170715,457.3289794921875,1033.622314453125,0.9096094369888306,435.27008056640625,1018.178466796875,0.7687044739723206,501.9595947265625,1016.6329956054688,0.9620072841644287,635.6299438476562,1023.8504028320312,0.13059726357460022
753,364.5165100097656,1023.8576049804688,0.12027207016944885,338.9994812011719,1012.71826171875,0.6489760875701904,376.03173828125,1008.215576171875,0.0010659098625183105,378.9573669433594,1003.5318603515625,0.006009101867675781,366.5464782714844,985.5752563476562,0.1264725625514984,556.2455444335938,462.9146423339844,0.016534268856048584,383.28863525390625,986.359375,0.27820608019828796,481.7179260253906,437.2327575683594,0.010385245084762573,387.8458251953125,1009.28515625,0.44252851605415344,451.7340393066406,998.454833984375,0.00956791639328003,438.213134765625,988.7666625976562,0.8059754371643066,457.5616455078125,1033.4302978515625,0.9068006277084351,435.1573181152344,1017.8609619140625,0.7616701126098633,501.9241943359375,1016.6668090820312,0.9612376689910889,635.6813354492188,1023.8103637695312,0.08257317543029785
754,371.55902099609375,1022.9566650390625,0.07801643013954163,343.4593811035156,1009.814208984375,0.49186885356903076,375.6836242675781,1008.77099609375,0.0010696947574615479,378.3296203613281,1005.2540893554688,0.00524979829788208,365.9862060546875,985.8251342773438,0.13100120425224304,556.3377075195312,462.9393615722656,0.01608961820602417,384.32415771484375,986.0787963867188,0.27722781896591187,481.6758117675781,437.2690734863281,0.010607481002807617,387.68017578125,1009.4042358398438,0.5214938521385193,451.3235778808594,998.8465576171875,0.014576554298400879,438.1098937988281,988.9572143554688,0.8312309384346008,455.4073181152344,1032.4039306640625,0.8970932364463806,434.40423583984375,1018.6473999023438,0.8044939041137695,501.48504638671875,1017.0287475585938,0.955680251121521,635.9794921875,1024.1768798828125,0.0910327136516571
755,371.3957824707031,1023.135986328125,0.07614585757255554,343.69000244140625,1009.7496948242188,0.4548945128917694,375.4789123535156,1008.8961791992188,0.0009369552135467529,378.1783447265625,1004.8287963867188,0.004597663879394531,368.365234375,983.0641479492188,0.1238100528717041,556.2498779296875,462.8882141113281,0.016521930694580078,384.2602844238281,985.99658203125,0.28712308406829834,481.6666259765625,437.2996520996094,0.010626077651977539,387.7572937011719,1009.2625122070312,0.5485802888870239,450.949951171875,999.1337890625,0.011008083820343018,438.0396728515625,989.0337524414062,0.8143211603164673,455.0890197753906,1032.68896484375,0.9088749289512634,434.3231201171875,1018.7548217773438,0.797042965888977,501.3564758300781,1017.1453247070312,0.9569277763366699,636.0656127929688,1024.3111572265625,0.08829379081726074
756,372.0769958496094,1022.4979858398438,0.07156440615653992,342.93170166015625,1005.613525390625,0.700089156627655,351.00909423828125,987.0443115234375,0.0007260739803314209,380.3672790527344,1004.5743408203125,0.002634972333908081,353.0299377441406,987.2373657226562,0.06964516639709473,243.87750244140625,1080.1844482421875,0.017817527055740356,383.9068603515625,986.0686645507812,0.14506900310516357,481.60748291015625,437.2474365234375,0.010785102844238281,391.9510803222656,1001.7312622070312,0.44669309258461,451.4277648925781,998.9679565429688,0.010332673788070679,436.3803405761719,992.2531127929688,0.8077613711357117,457.16302490234375,1034.0413818359375,0.8920446634292603,434.22314453125,1017.9512329101562,0.7343725562095642,501.3506164550781,1017.3995361328125,0.953007698059082,636.0657348632812,1024.2606201171875,0.09236004948616028
757,372.11993408203125,1022.7211303710938,0.07628580927848816,342.8788757324219,1006.2386474609375,0.740571141242981,350.7210388183594,987.1287841796875,0.0007676482200622559,381.22796630859375,1004.7272338867188,0.0027163028717041016,352.8786315917969,987.4800415039062,0.06891801953315735,243.8247833251953,1080.3245849609375,0.01781877875328064,383.7508239746094,985.8972778320312,0.14389348030090332,481.5848388671875,437.2005615234375,0.010728776454925537,392.1666259765625,1001.4805297851562,0.4735095500946045,451.5093688964844,998.9512329101562,0.013914883136749268,437.4580078125,993.53125,0.8111342191696167,457.27410888671875,1033.9071044921875,0.8990947008132935,433.9308166503906,1017.8583374023438,0.7486590147018433,501.32769775390625,1017.4334106445312,0.9525202512741089,636.1202392578125,1024.27685546875,0.06610158085823059
758,365.4891357421875,1019.8217163085938,0.11242425441741943,340.7303161621094,1005.1527099609375,0.8850098848342896,373.1094665527344,1007.4149780273438,0.0007327497005462646,382.32147216796875,1005.7188110351562,0.002656877040863037,352.6459045410156,988.1868286132812,0.14697811007499695,556.2079467773438,462.84661865234375,0.015781939029693604,384.9448547363281,985.6331787109375,0.14033734798431396,481.501708984375,437.22430419921875,0.010711371898651123,391.4297180175781,1001.6883544921875,0.5601508021354675,452.1335754394531,998.7591552734375,0.011230170726776123,437.92578125,993.9127807617188,0.7987396121025085,457.52825927734375,1033.812744140625,0.8893184661865234,433.66845703125,1017.7291259765625,0.6964752078056335,501.4385070800781,1017.6317749023438,0.9550385475158691,636.4963989257812,1024.4036865234375,0.21600747108459473
759,365.4708251953125,1019.8236083984375,0.11493298411369324,340.6969299316406,1005.14404296875,0.8918473720550537,373.0193786621094,1007.4945678710938,0.0007418692111968994,382.3180847167969,1005.795654296875,0.002588808536529541,352.733642578125,988.2203979492188,0.1466703712940216,556.1459350585938,462.9983215332031,0.015809953212738037,384.9358825683594,985.6597900390625,0.14549314975738525,481.4649353027344,437.1730041503906,0.010695099830627441,391.35498046875,1001.7123413085938,0.5613584518432617,452.1474304199219,998.7140502929688,0.010582178831100464,437.9930419921875,993.9610595703125,0.8012202978134155,457.6512451171875,1033.7669677734375,0.8834817409515381,433.69464111328125,1017.7232055664062,0.7009531259536743,501.4382629394531,1017.6480712890625,0.9557844400405884,636.4627075195312,1024.37939453125,0.23817351460456848
760,365.6907043457031,1018.1016235351562,0.23369106650352478,343.053955078125,1004.43505859375,0.8941510319709778,384.05938720703125,991.5116577148438,0.0011062920093536377,376.0470886230469,990.3733520507812,0.004063725471496582,353.265869140625,988.4038696289062,0.06948083639144897,556.3289184570312,463.12567138671875,0.015646785497665405,397.355224609375,982.0894165039062,0.09867057204246521,387.94915771484375,1018.717041015625,0.012096583843231201,388.6966552734375,1006.5181884765625,0.6836045384407043,451.9559631347656,998.7008666992188,0.01913812756538391,439.7034606933594,989.1680908203125,0.8246115446090698,456.7767028808594,1033.3011474609375,0.8929029107093811,432.9970703125,1017.4600219726562,0.736665666103363,501.4446105957031,1017.4627685546875,0.9544001817703247,636.6653442382812,1024.7286376953125,0.6192455887794495
761,365.5491638183594,1018.1697387695312,0.22705715894699097,343.0343017578125,1004.3706665039062,0.894733190536499,383.99658203125,991.5136108398438,0.00109785795211792,376.08441162109375,990.3908081054688,0.004104942083358765,353.339599609375,988.3230590820312,0.06771451234817505,556.1981811523438,462.95428466796875,0.015658169984817505,397.5243225097656,982.09521484375,0.0903950035572052,387.80133056640625,1018.7514038085938,0.01146969199180603,388.62310791015625,1006.7933349609375,0.6804899573326111,451.4730224609375,998.5342407226562,0.018786728382110596,439.7710266113281,989.15673828125,0.8162500858306885,456.6642150878906,1033.2198486328125,0.8860253095626831,433.2229919433594,1017.2174682617188,0.7538706064224243,500.9101257324219,1016.8817138671875,0.9610286951065063,636.6716918945312,1024.757080078125,0.615311861038208
762,367.86944580078125,1019.5122680664062,0.1305328607559204,345.0121154785156,1005.58740234375,0.8042548298835754,365.281982421875,1018.8865966796875,0.0010384917259216309,395.9222106933594,1004.2182006835938,0.0032188594341278076,371.6322021484375,985.443359375,0.10288047790527344,241.30189514160156,1090.65673828125,0.015457987785339355,398.2232666015625,982.3330688476562,0.14830952882766724,481.337646484375,437.1989440917969,0.01070171594619751,388.43011474609375,1007.8190307617188,0.6292055249214172,452.01953125,998.356201171875,0.015434056520462036,440.1702575683594,988.76025390625,0.812437117099762,457.51788330078125,1033.3763427734375,0.9132788777351379,434.9305419921875,1017.5242309570312,0.7907805442810059,501.72467041015625,1017.4063720703125,0.9449358582496643,637.3792724609375,1025.4302978515625,0.6199159622192383
763,367.69873046875,1019.5596923828125,0.1134488582611084,344.841796875,1005.8185424804688,0.7988559603691101,365.4836730957031,1018.7007446289062,0.001030057668685913,395.9293212890625,1004.07861328125,0.003418177366256714,371.6291198730469,985.5523681640625,0.09160828590393066,556.255126953125,462.9831848144531,0.015282124280929565,398.2985534667969,982.1399536132812,0.13924622535705566,481.3301696777344,437.1991882324219,0.010761469602584839,388.1698303222656,1007.8966064453125,0.6292256712913513,452.3674621582031,998.3402709960938,0.014305025339126587,441.4433898925781,990.51708984375,0.8226406574249268,457.77777099609375,1033.4033203125,0.8892473578453064,435.0954284667969,1017.4837036132812,0.7705159187316895,501.721435546875,1017.4876098632812,0.9431668519973755,637.4015502929688,1025.3831787109375,0.6150975227355957
764,373.2018127441406,1023.1841430664062,0.19329547882080078,347.2142333984375,1006.4686279296875,0.7545881867408752,357.5166931152344,1017.358154296875,0.001371920108795166,396.7798156738281,1003.7704467773438,0.0034529566764831543,382.01068115234375,983.6216430664062,0.07251983880996704,244.35455322265625,1080.126708984375,0.023373067378997803,389.5687255859375,985.059814453125,0.45269259810447693,481.40313720703125,437.2135925292969,0.01063963770866394,388.4954528808594,1009.7159423828125,0.6803069114685059,457.21197509765625,999.58349609375,0.025981783866882324,439.3240661621094,993.979248046875,0.8861536979675293,457.24237060546875,1033.7882080078125,0.9162217378616333,439.4483642578125,1020.8274536132812,0.8282086849212646,502.14581298828125,1017.142578125,0.946845293045044,637.8551635742188,1025.763916015625,0.5733726620674133
765,373.2431640625,1023.0707397460938,0.19105830788612366,347.11639404296875,1006.4068603515625,0.7516598105430603,357.6243591308594,1017.3429565429688,0.0013130605220794678,396.81451416015625,1003.6951904296875,0.0035606026649475098,382.04052734375,983.7025756835938,0.07839348912239075,244.37847900390625,1080.1517333984375,0.022491753101348877,388.5110778808594,986.3839721679688,0.4447602331638336,481.3868408203125,437.19842529296875,0.010632723569869995,388.6431884765625,1009.6685180664062,0.6698944568634033,457.1764831542969,999.6913452148438,0.02532404661178589,439.2498474121094,993.9487915039062,0.8692181706428528,457.2761535644531,1033.5157470703125,0.9186673164367676,439.1194763183594,1020.4856567382812,0.8302021026611328,502.4377136230469,1017.05029296875,0.9478068351745605,637.8812255859375,1025.8719482421875,0.5346431136131287
766,373.89495849609375,1023.6890869140625,0.18914371728897095,347.781005859375,1005.6709594726562,0.8518810868263245,361.7392578125,988.6697998046875,0.001559227705001831,393.2386169433594,989.429931640625,0.004391729831695557,381.92205810546875,983.6602783203125,0.115450918674469,244.26100158691406,1079.5225830078125,0.03590548038482666,387.4988708496094,987.31103515625,0.47813740372657776,384.64642333984375,1018.5162963867188,0.011412054300308228,388.4442138671875,1009.4570922851562,0.6423322558403015,456.5671691894531,999.2586059570312,0.012547135353088379,439.4747619628906,993.0971069335938,0.8605033159255981,458.3832092285156,1036.154052734375,0.9447206854820251,436.2496337890625,1020.5562133789062,0.7832026481628418,502.6937561035156,1017.0996704101562,0.9410638809204102,637.9851684570312,1026.0977783203125,0.6009910702705383
767,373.90118408203125,1023.7900390625,0.21535304188728333,348.0212097167969,1005.7317504882812,0.865606427192688,361.95526123046875,988.9502563476562,0.0016542673110961914,393.0880126953125,989.4708251953125,0.004737138748168945,381.93817138671875,983.6517333984375,0.13086631894111633,244.23538208007812,1079.58154296875,0.03673294186592102,387.5860900878906,987.7077026367188,0.5017500519752502,384.328369140625,1018.66455078125,0.011645287275314331,388.4292297363281,1009.5593872070312,0.6566056609153748,451.6154479980469,997.7946166992188,0.011569738388061523,439.9372863769531,993.0427856445312,0.875765323638916,459.3711853027344,1036.1107177734375,0.9427865743637085,439.4773254394531,1021.5594482421875,0.7800847291946411,502.57672119140625,1017.1576538085938,0.9384554624557495,638.0575561523438,1026.1671142578125,0.594529390335083
768,374.3611145019531,1023.8665771484375,0.2816833257675171,348.40667724609375,1006.9029541015625,0.8700008392333984,361.0956115722656,989.4300537109375,0.0020037591457366943,392.7071838378906,990.1329956054688,0.004156827926635742,382.4251708984375,983.649169921875,0.1463845670223236,244.55361938476562,1078.5816650390625,0.04277995228767395,388.1257019042969,987.4696044921875,0.5865913033485413,382.1669921875,1030.7515869140625,0.010644972324371338,387.9566650390625,1015.2107543945312,0.6397364139556885,452.46929931640625,997.4171142578125,0.012540698051452637,441.435302734375,993.3073120117188,0.9174575805664062,459.49420166015625,1033.7996826171875,0.8684499263763428,442.01324462890625,1022.13623046875,0.7952336072921753,503.192626953125,1016.7109985351562,0.9506758451461792,638.0531616210938,1026.2947998046875,0.5728325843811035
769,374.3155212402344,1023.9264526367188,0.30119606852531433,348.6808166503906,1006.9248657226562,0.9011679887771606,360.9140319824219,989.6895751953125,0.0023981034755706787,392.7844543457031,990.264892578125,0.00415271520614624,382.1580810546875,983.6655883789062,0.15369483828544617,244.50624084472656,1079.2315673828125,0.04165470600128174,388.0339050292969,987.59033203125,0.594944953918457,376.456298828125,1031.099853515625,0.011514544486999512,388.01593017578125,1015.5052490234375,0.6312114596366882,452.6087341308594,997.5667114257812,0.01189616322517395,441.5664978027344,993.19287109375,0.9176129698753357,460.187255859375,1033.5970458984375,0.8633230924606323,442.2413330078125,1022.2265014648438,0.7882636785507202,503.1714172363281,1016.8529663085938,0.945637047290802,638.0127563476562,1026.3211669921875,0.5454457998275757
770,374.5624694824219,1023.7692260742188,0.3502715229988098,348.8877258300781,1007.1575317382812,0.9121639728546143,361.3543701171875,989.805908203125,0.0026505589485168457,396.3240051269531,1005.662109375,0.0047456324100494385,381.8661804199219,983.755126953125,0.14025941491127014,250.4444122314453,1078.9708251953125,0.04814663529396057,388.4325866699219,987.2263793945312,0.500800609588623,383.0473937988281,1031.581787109375,0.010572612285614014,388.2909851074219,1010.6069946289062,0.48361462354660034,452.6834716796875,997.7723999023438,0.01162669062614441,442.3294982910156,993.174560546875,0.9186088442802429,460.6391296386719,1033.141357421875,0.8005483150482178,441.9533996582031,1022.4210205078125,0.8121180534362793,503.03082275390625,1016.8224487304688,0.9409332871437073,638.0943603515625,1026.658935546875,0.6012811064720154
771,374.534423828125,1023.6904907226562,0.3432718515396118,348.75897216796875,1007.15576171875,0.9080654382705688,361.4918212890625,989.852294921875,0.002589493989944458,396.3155822753906,1005.6826782226562,0.004751861095428467,381.80828857421875,983.6665649414062,0.13305878639221191,250.36058044433594,1078.99462890625,0.04811757802963257,388.5965576171875,987.09326171875,0.49580761790275574,383.11053466796875,1031.463134765625,0.010749012231826782,388.3200988769531,1010.5136108398438,0.49351435899734497,452.66705322265625,997.76611328125,0.011438608169555664,442.4035949707031,993.2247314453125,0.9215915203094482,460.5824279785156,1033.341796875,0.7992776036262512,441.8851318359375,1022.4547729492188,0.8084894418716431,503.08123779296875,1016.8621826171875,0.9409518241882324,638.0302124023438,1026.6844482421875,0.6111000180244446
772,374.2391662597656,1022.656982421875,0.3137827515602112,348.758056640625,1007.230224609375,0.9252690076828003,366.68084716796875,989.1986083984375,0.0020532608032226562,393.7590637207031,989.9579467773438,0.008790642023086548,382.07177734375,983.9910888671875,0.2248268723487854,242.52267456054688,1090.8311767578125,0.0455777645111084,397.1361999511719,986.3595581054688,0.46722912788391113,481.42474365234375,437.1046142578125,0.010059744119644165,393.4880065917969,1010.328125,0.4137277603149414,453.09185791015625,997.4493408203125,0.014947384595870972,443.0397644042969,992.5602416992188,0.9225040674209595,460.12469482421875,1032.25048828125,0.7210856080055237,442.5680847167969,1023.1256103515625,0.7949143052101135,502.8702697753906,1016.7730712890625,0.9464468359947205,638.16455078125,1026.9459228515625,0.5705171823501587
773,374.24798583984375,1023.1798095703125,0.3559540808200836,348.49749755859375,1007.1878662109375,0.8886445760726929,366.4568176269531,989.0283203125,0.0017657577991485596,393.9481201171875,989.9736328125,0.010048329830169678,387.5999450683594,984.2559204101562,0.24211978912353516,242.81497192382812,1090.86376953125,0.05630803108215332,397.0212707519531,986.300537109375,0.47787871956825256,481.4244689941406,437.12158203125,0.010106116533279419,393.6874694824219,1010.6965942382812,0.41325294971466064,453.017333984375,997.1358642578125,0.016101956367492676,444.06524658203125,991.0238037109375,0.9282315373420715,460.2028503417969,1032.1474609375,0.6099764704704285,442.5378112792969,1022.9395141601562,0.785856306552887,503.0014953613281,1017.1148071289062,0.9493094682693481,639.9323120117188,1026.506591796875,0.4716656506061554
774,373.5260314941406,1024.0977783203125,0.26131895184516907,345.4716491699219,1007.2470703125,0.9025393724441528,359.29254150390625,989.3793334960938,0.0017504990100860596,393.8875427246094,989.57177734375,0.006208688020706177,375.1255187988281,985.553466796875,0.32835108041763306,242.46185302734375,1091.0052490234375,0.045692384243011475,390.5234069824219,985.237060546875,0.6322205662727356,481.3836364746094,437.1079406738281,0.010195612907409668,391.9686279296875,1016.6807861328125,0.4955591559410095,452.8518371582031,997.6987915039062,0.009714215993881226,443.1755065917969,993.343994140625,0.9090684652328491,460.31353759765625,1033.4715576171875,0.3714068531990051,445.1451110839844,1025.05419921875,0.7809943556785583,502.3581237792969,1017.39306640625,0.9590221643447876,639.767333984375,1027.0552978515625,0.45388445258140564
775,373.5957946777344,1023.6605224609375,0.28137192130088806,345.32049560546875,1007.0296630859375,0.8993735313415527,359.1643981933594,989.292724609375,0.0016935467720031738,394.17266845703125,989.5098876953125,0.006756216287612915,381.5359191894531,984.029052734375,0.31502097845077515,242.3142852783203,1091.4658203125,0.04066970944404602,390.79278564453125,985.2550659179688,0.6349930763244629,481.3949890136719,437.1294860839844,0.010170996189117432,392.4066162109375,1016.7232666015625,0.4865732789039612,452.8263854980469,997.6810302734375,0.010036319494247437,443.22430419921875,993.2791137695312,0.9113909006118774,458.4334411621094,1035.473388671875,0.3918832540512085,445.2829284667969,1025.3167724609375,0.7894914150238037,502.3602600097656,1017.4042358398438,0.9588025808334351,639.695556640625,1026.9990234375,0.4589935541152954
776,379.8720397949219,1024.5289306640625,0.1515418291091919,343.64300537109375,1006.031005859375,0.8111829161643982,389.3836669921875,1009.6986694335938,0.0026321113109588623,396.8541564941406,1005.7945556640625,0.00623011589050293,376.1181640625,986.4130249023438,0.35066014528274536,242.5576934814453,1091.3397216796875,0.03696894645690918,397.350341796875,987.0499877929688,0.5397413969039917,481.3733825683594,437.201416015625,0.01027458906173706,392.6436462402344,1017.197998046875,0.5335511565208435,452.770263671875,998.489501953125,0.011483758687973022,443.27874755859375,994.1106567382812,0.9087672233581543,458.52435302734375,1036.2271728515625,0.4073099195957184,445.1070251464844,1025.7071533203125,0.8099939823150635,502.3309326171875,1017.7941284179688,0.962928056716919,639.7306518554688,1027.0247802734375,0.4543437957763672
777,379.9555358886719,1024.570068359375,0.1576901376247406,343.5216369628906,1006.0709838867188,0.8122812509536743,389.5177307128906,1009.6558837890625,0.0026454031467437744,396.91632080078125,1005.7496948242188,0.0063914954662323,376.2951965332031,986.3590698242188,0.3766098618507385,242.5535888671875,1091.44921875,0.03996121883392334,397.4063720703125,987.147705078125,0.5337075591087341,481.3464660644531,437.2350158691406,0.010406911373138428,392.6665344238281,1017.2457275390625,0.5193711519241333,452.6435852050781,998.49072265625,0.012460291385650635,443.1398620605469,994.0585327148438,0.9074321985244751,463.5968933105469,1036.8797607421875,0.3913869857788086,445.0968017578125,1025.6590576171875,0.80753493309021,502.47601318359375,1017.8775634765625,0.9647958278656006,639.6593017578125,1027.1341552734375,0.493120938539505
778,381.0779113769531,1024.8260498046875,0.2903289198875427,343.8916931152344,1007.0286865234375,0.8790119886398315,390.2570495605469,1008.6318359375,0.004780560731887817,410.0762023925781,1005.445068359375,0.009474515914916992,377.32720947265625,986.1407470703125,0.3622739315032959,242.69322204589844,1091.6158447265625,0.03854060173034668,388.7234191894531,988.2193603515625,0.5532593727111816,389.5411071777344,1034.8477783203125,0.010546743869781494,393.89947509765625,1017.7301635742188,0.5169909000396729,452.2795715332031,998.3773193359375,0.025670886039733887,442.58978271484375,993.9395141601562,0.9046655893325806,458.18682861328125,1035.037109375,0.5087151527404785,447.7854309082031,1026.5712890625,0.8304482698440552,503.2264099121094,1018.5274047851562,0.9679533839225769,638.3558349609375,1028.2728271484375,0.3966459035873413
779,381.21539306640625,1024.5428466796875,0.26913172006607056,344.02587890625,1007.0687866210938,0.8731801509857178,390.2789001464844,1008.6744995117188,0.004424303770065308,410.1114501953125,1005.2766723632812,0.009844154119491577,377.6048889160156,986.017333984375,0.343652606010437,243.08921813964844,1091.342529296875,0.044400185346603394,397.56549072265625,987.2207641601562,0.5491531491279602,481.3432922363281,437.2371520996094,0.010434627532958984,394.4593200683594,1017.6727294921875,0.49098142981529236,452.17205810546875,998.276611328125,0.026874691247940063,442.7478942871094,993.9549560546875,0.9004534482955933,458.32330322265625,1034.890380859375,0.5202924609184265,448.0512390136719,1026.641357421875,0.833017110824585,503.39190673828125,1018.64794921875,0.9714069962501526,638.3130493164062,1028.3021240234375,0.4149731397628784
780,382.219482421875,1024.308837890625,0.2844425439834595,344.702880859375,1007.75341796875,0.8681087493896484,390.7288818359375,1008.7532348632812,0.003145068883895874,410.17181396484375,1005.0247192382812,0.009365886449813843,384.0521240234375,984.3638305664062,0.4466109275817871,243.08956909179688,1091.561279296875,0.040234923362731934,397.2076721191406,988.2349853515625,0.5962884426116943,389.0755920410156,1032.1998291015625,0.010532915592193604,395.1090087890625,1018.3076171875,0.474101722240448,452.8465881347656,999.0684204101562,0.02250427007675171,442.8510437011719,994.5829467773438,0.8955047726631165,457.6921081542969,1035.6854248046875,0.562169075012207,448.6026916503906,1027.5133056640625,0.8350523114204407,503.6742858886719,1018.894287109375,0.9717140793800354,638.2830200195312,1028.564208984375,0.4030963182449341
781,382.4816589355469,1024.0989990234375,0.30348241329193115,344.9270324707031,1007.9637451171875,0.8802717924118042,390.99603271484375,1009.1452026367188,0.002696216106414795,409.92156982421875,1004.9973754882812,0.01050153374671936,384.22802734375,984.7269287109375,0.45201149582862854,243.08612060546875,1091.2501220703125,0.03837651014328003,397.31817626953125,988.5661010742188,0.5927956700325012,481.3063659667969,437.1705322265625,0.010260730981826782,396.2679443359375,1018.111083984375,0.43400394916534424,452.67242431640625,998.6552124023438,0.02428022027015686,442.82733154296875,994.1776123046875,0.9005049467086792,458.1648864746094,1035.4388427734375,0.5596189498901367,448.873046875,1027.012939453125,0.8218328952789307,503.7493591308594,1019.0867309570312,0.9716960787773132,638.3165283203125,1028.7344970703125,0.4339770972728729
782,382.78936767578125,1023.9613037109375,0.2897067666053772,344.4129943847656,1008.2227783203125,0.8581606149673462,390.8468017578125,1008.7972412109375,0.002487689256668091,410.02618408203125,1005.0608520507812,0.009347885847091675,383.87255859375,984.2060546875,0.4126770794391632,242.70111083984375,1090.9820556640625,0.034538090229034424,397.4813232421875,987.9710083007812,0.6112590432167053,389.3882141113281,1032.255126953125,0.012019246816635132,395.46453857421875,1017.8948974609375,0.5006759762763977,452.6827392578125,998.6693725585938,0.02905106544494629,442.90069580078125,994.1207275390625,0.8949971795082092,457.9920959472656,1035.371826171875,0.5924954414367676,448.9248352050781,1027.24609375,0.8271334171295166,503.7254333496094,1019.0404663085938,0.9743145704269409,639.6521606445312,1028.03759765625,0.4288318455219269
783,382.4447021484375,1023.7048950195312,0.26845481991767883,344.49102783203125,1008.3313598632812,0.8595101833343506,390.5895080566406,1008.819580078125,0.002539724111557007,409.8227844238281,1005.1590576171875,0.009558379650115967,377.6820373535156,985.2887573242188,0.4098031520843506,242.50099182128906,1091.2109375,0.037893205881118774,397.2882385253906,987.5702514648438,0.5889952778816223,389.1806335449219,1032.224853515625,0.011240959167480469,395.2899169921875,1018.0457153320312,0.5396532416343689,452.7872314453125,998.7894897460938,0.030051499605178833,443.0411376953125,994.0233154296875,0.894466757774353,458.03619384765625,1035.490478515625,0.565400242805481,448.9909362792969,1027.321533203125,0.8240898847579956,503.7796630859375,1019.1061401367188,0.9748996496200562,639.7615966796875,1028.2049560546875,0.3857721984386444
784,387.48193359375,1023.1358642578125,0.2812880277633667,343.59521484375,1008.1600952148438,0.8477249145507812,391.80859375,1009.6796264648438,0.0031135976314544678,397.9002380371094,1005.7156372070312,0.01028105616569519,383.7035827636719,984.1207275390625,0.25574398040771484,242.7497100830078,1091.20654296875,0.024192482233047485,397.3029479980469,986.4410400390625,0.6846827268600464,481.3287048339844,437.13726806640625,0.01015925407409668,394.5083312988281,1003.7036743164062,0.6215532422065735,452.3852233886719,999.145751953125,0.04617127776145935,442.9432678222656,995.254638671875,0.8841497898101807,459.92333984375,1035.19091796875,0.7277445793151855,448.42266845703125,1026.76904296875,0.7959121465682983,503.77587890625,1019.2780151367188,0.9724888205528259,638.3367309570312,1029.48681640625,0.35506901144981384
785,382.1651916503906,1023.3037109375,0.2572289705276489,343.23712158203125,1008.3543090820312,0.8312243223190308,392.2875061035156,1009.35302734375,0.00306093692779541,398.2733154296875,1005.3678588867188,0.01064598560333252,385.1303405761719,981.3942260742188,0.19622987508773804,242.67617797851562,1091.412353515625,0.026407063007354736,397.39410400390625,985.8491821289062,0.696097731590271,481.3310546875,437.1078796386719,0.0101548433303833,394.8975830078125,1003.1375122070312,0.6031832695007324,452.6142272949219,999.9439086914062,0.05129513144493103,442.4838562011719,993.670166015625,0.8683912754058838,460.1004333496094,1035.828125,0.7357507944107056,448.3896179199219,1027.04541015625,0.7680187225341797,503.7457275390625,1019.097412109375,0.975925862789154,638.3228149414062,1029.51025390625,0.37167122960090637
786,382.229736328125,1022.4284057617188,0.26267480850219727,342.6291809082031,1006.6251831054688,0.8679014444351196,390.5659484863281,1010.05517578125,0.003073275089263916,396.7926940917969,1006.1953735351562,0.01086193323135376,378.6024169921875,980.913330078125,0.19159045815467834,242.89842224121094,1091.85888671875,0.030286967754364014,396.15972900390625,985.2988891601562,0.7302838563919067,382.8897399902344,1031.287841796875,0.016880840063095093,397.1956787109375,1016.6264038085938,0.6609994769096375,453.2323303222656,1000.1760864257812,0.03701069951057434,442.9183349609375,994.4847412109375,0.8929077982902527,457.21356201171875,1037.1165771484375,0.526444673538208,445.9299011230469,1026.172607421875,0.7993335723876953,504.0361633300781,1018.8648681640625,0.9801971912384033,638.0584716796875,1029.970458984375,0.38994643092155457
787,382.03875732421875,1022.55224609375,0.26096004247665405,342.1834716796875,1006.7283935546875,0.8621245622634888,390.78570556640625,1009.952880859375,0.002953082323074341,397.1996765136719,1006.0623779296875,0.009415298700332642,378.20098876953125,981.2622680664062,0.20610946416854858,242.81671142578125,1091.75634765625,0.03795379400253296,396.1072692871094,985.4288330078125,0.7030513286590576,382.8547058105469,1031.1357421875,0.014239847660064697,397.3973693847656,1016.2938842773438,0.6679881811141968,453.3387145996094,1000.4179077148438,0.032383233308792114,442.6700439453125,994.854736328125,0.878887951374054,457.0339660644531,1037.16552734375,0.5247879028320312,445.7145690917969,1026.2064208984375,0.7965666055679321,504.1300048828125,1019.0193481445312,0.9793884754180908,637.9717407226562,1029.8968505859375,0.41685906052589417
788,366.7503662109375,1019.2788696289062,0.2602558135986328,341.88653564453125,1005.80029296875,0.8523289561271667,398.72918701171875,1007.4046630859375,0.0035278797149658203,414.69793701171875,1003.311767578125,0.007070064544677734,377.6391296386719,980.5831298828125,0.15047690272331238,242.9557647705078,1091.6884765625,0.03970617055892944,389.6231384277344,984.2205810546875,0.6224843263626099,389.79168701171875,1025.8182373046875,0.016898691654205322,393.11944580078125,1008.51416015625,0.7449327111244202,453.5448303222656,1002.1367797851562,0.02461424469947815,445.61676025390625,1000.1065063476562,0.8503565788269043,457.7541198730469,1038.475830078125,0.4247564971446991,445.61175537109375,1026.6275634765625,0.7552413940429688,504.2840881347656,1019.0630493164062,0.9779061675071716,637.810546875,1029.865966796875,0.39594876766204834
789,366.7754211425781,1019.2521362304688,0.26993292570114136,341.4794616699219,1005.1339721679688,0.8602951765060425,398.7190856933594,1007.4507446289062,0.0033184289932250977,414.659423828125,1003.318603515625,0.006806850433349609,377.7412414550781,980.5755004882812,0.15799838304519653,243.16476440429688,1091.7174072265625,0.04153278470039368,389.7066345214844,984.2656860351562,0.6238588094711304,389.77911376953125,1025.7783203125,0.017195165157318115,393.1081237792969,1008.4024047851562,0.7454044818878174,453.5570373535156,1002.1396484375,0.024766772985458374,445.6582336425781,1000.1113891601562,0.8418686389923096,457.6309509277344,1038.438720703125,0.42499858140945435,445.5965270996094,1026.5894775390625,0.7504894733428955,504.2450866699219,1019.0311279296875,0.9780641794204712,637.7557373046875,1029.8839111328125,0.36536550521850586
790,365.6480712890625,1018.6661987304688,0.7611430883407593,339.404541015625,1004.2570190429688,0.9481303691864014,371.0567932128906,1010.5911254882812,0.007278800010681152,382.4901428222656,1008.0569458007812,0.020570367574691772,379.0736999511719,980.2855834960938,0.2725161910057068,242.4861602783203,1091.7601318359375,0.043474942445755005,389.6125183105469,984.5546264648438,0.7056739926338196,388.932861328125,1024.9742431640625,0.022383540868759155,392.6548767089844,1007.9092407226562,0.824089527130127,453.8525695800781,1002.2427978515625,0.023729950189590454,445.8065490722656,1000.4459228515625,0.7908446788787842,459.22308349609375,1038.345703125,0.4109726846218109,446.1804504394531,1026.60693359375,0.7986503839492798,502.9399719238281,1019.5947265625,0.9762333631515503,637.6161499023438,1030.3443603515625,0.3056175708770752
791,365.7292175292969,1018.8021850585938,0.7507349848747253,339.3807067871094,1004.3486328125,0.9480599164962769,371.07757568359375,1010.6743774414062,0.007351040840148926,382.5511779785156,1007.868896484375,0.02007243037223816,379.12237548828125,980.208740234375,0.2765915095806122,242.281005859375,1091.7119140625,0.038891881704330444,389.7203674316406,984.4414672851562,0.7044165134429932,388.90069580078125,1024.9632568359375,0.021491706371307373,393.0160217285156,1007.7542724609375,0.8239465355873108,454.05206298828125,1002.1135864257812,0.024946868419647217,445.857421875,1000.572998046875,0.7938133478164673,459.4289855957031,1038.5277099609375,0.402069091796875,446.3594665527344,1026.677001953125,0.7790747880935669,502.77716064453125,1019.6463623046875,0.9775364398956299,637.3654174804688,1030.457763671875,0.3299754559993744
792,366.5114440917969,1019.9574584960938,0.8236842155456543,339.5094909667969,1004.0106811523438,0.947388768196106,369.9526062011719,1011.6521606445312,0.005242198705673218,382.39630126953125,1008.02392578125,0.018102288246154785,379.8366394042969,980.3654174804688,0.24624142050743103,242.65524291992188,1091.3883056640625,0.04122132062911987,390.0751647949219,985.7631225585938,0.8246471285820007,389.6640625,1025.5633544921875,0.022014200687408447,393.9742431640625,1009.4043579101562,0.8194605112075806,454.354736328125,1002.5174560546875,0.02658015489578247,446.5055236816406,1003.031982421875,0.8241350650787354,459.2483215332031,1038.4840087890625,0.33287686109542847,445.7766418457031,1026.5621337890625,0.8284740447998047,502.7505187988281,1019.4841918945312,0.9767206907272339,637.2750244140625,1030.8212890625,0.40584421157836914
793,366.4981689453125,1019.8568725585938,0.7641341090202332,338.9615173339844,1004.2193603515625,0.9509109854698181,370.837158203125,1011.3670654296875,0.00588834285736084,382.25567626953125,1008.3421630859375,0.018207281827926636,379.2234191894531,981.0269775390625,0.2349301278591156,242.192138671875,1091.15625,0.03949430584907532,390.0932312011719,985.1686401367188,0.7866181135177612,389.83050537109375,1025.5130615234375,0.024471700191497803,393.71844482421875,1008.8692626953125,0.8218639492988586,454.43426513671875,1002.6934814453125,0.02639329433441162,446.2083740234375,1001.0950317382812,0.8194078207015991,459.0630187988281,1038.3111572265625,0.3269657492637634,445.5974426269531,1026.3787841796875,0.8363007307052612,502.7215270996094,1019.3594970703125,0.9785413146018982,637.296630859375,1030.6790771484375,0.32204946875572205
794,365.25592041015625,1020.77587890625,0.833213210105896,339.6276550292969,1004.7850952148438,0.9722868800163269,370.91070556640625,1011.0538330078125,0.007928252220153809,382.82135009765625,1008.1296997070312,0.022634416818618774,379.58514404296875,981.0630493164062,0.1798129379749298,241.84791564941406,1091.35009765625,0.035436034202575684,389.7877197265625,984.472900390625,0.7721730470657349,389.30621337890625,1026.499755859375,0.018453001976013184,394.2360534667969,1008.7267456054688,0.782899022102356,454.4917297363281,1002.6548461914062,0.026009589433670044,446.5154724121094,1001.0452880859375,0.8217352628707886,458.8077697753906,1038.7659912109375,0.27856582403182983,439.8348083496094,1025.4432373046875,0.839260458946228,502.5555114746094,1019.6875,0.9785116910934448,637.4169311523438,1031.1468505859375,0.274484246969223
795,365.228271484375,1020.7474365234375,0.8389798998832703,339.6177062988281,1004.7733764648438,0.9727201461791992,370.88238525390625,1011.0594482421875,0.007944107055664062,382.80255126953125,1008.0953369140625,0.022089332342147827,379.6329345703125,981.184326171875,0.186069518327713,241.88616943359375,1091.61279296875,0.03378164768218994,389.5416259765625,984.6558227539062,0.775774359703064,389.2575988769531,1026.4783935546875,0.018885701894760132,393.89947509765625,1008.77197265625,0.7802170515060425,454.4162902832031,1002.6402587890625,0.024743705987930298,446.5979919433594,1000.9927978515625,0.8199241161346436,458.8336181640625,1038.7841796875,0.28260374069213867,439.8659362792969,1025.49169921875,0.8385873436927795,502.606201171875,1019.673583984375,0.9785698056221008,637.4186401367188,1031.283203125,0.24809867143630981
796,367.37384033203125,1021.5601806640625,0.6712108850479126,337.54144287109375,1005.6555786132812,0.9674102067947388,371.0216064453125,1010.009521484375,0.003815770149230957,382.0172424316406,1006.7153930664062,0.012306421995162964,378.132080078125,981.040771484375,0.19611987471580505,241.59881591796875,1091.2974853515625,0.033364325761795044,388.7936706542969,984.435546875,0.688938558101654,481.31439208984375,436.97216796875,0.009918689727783203,393.7636413574219,1007.6478881835938,0.8027755618095398,457.4132080078125,1007.3402099609375,0.044871896505355835,447.64434814453125,1003.0256958007812,0.8473103046417236,458.0751953125,1038.9114990234375,0.3367213010787964,443.1229248046875,1027.5322265625,0.8223955035209656,503.6795349121094,1020.8053588867188,0.9766624569892883,636.6784057617188,1031.253173828125,0.1272314190864563
797,367.1023254394531,1021.6781005859375,0.6859385371208191,339.35540771484375,1008.1289672851562,0.9717467427253723,370.87103271484375,1010.1488037109375,0.003587573766708374,382.0008850097656,1006.5758666992188,0.012319982051849365,378.1645812988281,981.1549072265625,0.20414870977401733,241.8402557373047,1091.19873046875,0.02922147512435913,388.5318298339844,984.4119873046875,0.6889524459838867,481.3233642578125,436.983154296875,0.009941697120666504,393.53680419921875,1007.66796875,0.8060836791992188,457.3201904296875,1007.3461303710938,0.04403921961784363,447.5593566894531,1002.9808349609375,0.8409925699234009,458.0929260253906,1038.908447265625,0.3162250518798828,442.89129638671875,1027.4013671875,0.8216218948364258,503.6460266113281,1020.7607421875,0.9775795936584473,636.990966796875,1031.567138671875,0.13121601939201355
798,367.89154052734375,1022.0836181640625,0.7935545444488525,339.1695556640625,1008.272216796875,0.962544858455658,364.419921875,1028.72607421875,0.003444164991378784,381.1235046386719,1006.5243530273438,0.00732770562171936,378.0332336425781,980.377685546875,0.15043789148330688,242.00241088867188,1091.4598388671875,0.03415805101394653,389.52935791015625,985.1463623046875,0.7200360894203186,398.13421630859375,1015.1764526367188,0.012974560260772705,395.03692626953125,1008.6380615234375,0.82964026927948,457.7035217285156,1007.8407592773438,0.04401269555091858,448.09033203125,1003.72314453125,0.8501409292221069,457.9178771972656,1039.4395751953125,0.2943645119667053,444.0437927246094,1028.2535400390625,0.8157411813735962,503.8152160644531,1020.7047119140625,0.979648232460022,637.3174438476562,1032.4449462890625,0.16172641515731812
799,367.9468994140625,1022.0463256835938,0.8004529476165771,337.7770080566406,1006.236328125,0.9567170739173889,364.1477966308594,1028.84326171875,0.0036596357822418213,381.1114196777344,1006.8123168945312,0.008084625005722046,377.85076904296875,980.3855590820312,0.15028035640716553,241.406982421875,1091.30322265625,0.03250771760940552,389.3096923828125,984.837158203125,0.682957649230957,389.0122375488281,1025.5494384765625,0.013213157653808594,395.06298828125,1008.551025390625,0.8219771981239319,457.2505187988281,1007.9349365234375,0.03768154978752136,447.94140625,1003.4718627929688,0.8416869044303894,458.1510925292969,1039.39306640625,0.30936455726623535,443.5673522949219,1027.996826171875,0.802307665348053,503.82623291015625,1020.81640625,0.9805582761764526,637.1602172851562,1032.3287353515625,0.15490511059761047
800,366.31304931640625,1022.0484619140625,0.813336968421936,337.8034973144531,1005.4109497070312,0.9525380730628967,363.9026794433594,1027.8243408203125,0.004079490900039673,380.4427795410156,1006.6557006835938,0.010152667760848999,377.0815734863281,981.3662719726562,0.19946181774139404,242.0247039794922,1091.842041015625,0.035644739866256714,389.27294921875,984.7294921875,0.6528943777084351,389.418212890625,1025.5733642578125,0.013553053140640259,394.35919189453125,1008.72314453125,0.8224325776100159,457.0831604003906,1008.1456909179688,0.03246784210205078,448.1033935546875,1003.7993774414062,0.8158674836158752,458.4632873535156,1039.0548095703125,0.18610572814941406,443.1994323730469,1027.4134521484375,0.8076090812683105,502.9485168457031,1019.9904174804688,0.9753853678703308,636.9578247070312,1032.3680419921875,0.12371310591697693
801,366.3310241699219,1022.057861328125,0.8164942264556885,337.8846435546875,1005.4244384765625,0.952912449836731,363.7991638183594,1027.8389892578125,0.003958284854888916,380.4302978515625,1006.6325073242188,0.010205328464508057,377.15771484375,981.35498046875,0.19335085153579712,242.0983428955078,1091.9600830078125,0.03927880525588989,389.3157043457031,984.7432861328125,0.6507493853569031,389.39190673828125,1025.6075439453125,0.013105630874633789,394.3804626464844,1008.7730712890625,0.8286077976226807,457.0367126464844,1008.2101440429688,0.03248545527458191,448.1814880371094,1003.9745483398438,0.8166758418083191,458.52020263671875,1039.178466796875,0.18575656414031982,439.4693603515625,1025.570068359375,0.8059626221656799,503.5611877441406,1020.8400268554688,0.976180911064148,637.0106811523438,1032.3272705078125,0.13418623805046082
802,365.46783447265625,1021.8641967773438,0.8925415277481079,337.9652404785156,1005.7861938476562,0.9741803407669067,363.34173583984375,1032.887939453125,0.007975101470947266,371.3602294921875,1024.4761962890625,0.027929693460464478,375.7740173339844,981.4581909179688,0.08111175894737244,242.3894805908203,1091.544921875,0.04152229428291321,388.4533996582031,985.9835815429688,0.6454066038131714,387.0845642089844,1021.1524658203125,0.0217553973197937,395.08740234375,1013.1592407226562,0.8384231328964233,456.87384033203125,1008.2109985351562,0.04053044319152832,448.599853515625,1004.6034545898438,0.807396411895752,458.08294677734375,1038.7821044921875,0.15333640575408936,438.9928894042969,1026.00390625,0.8445442914962769,503.85772705078125,1021.5499877929688,0.9798368215560913,632.606201171875,1030.9501953125,0.069830983877182
803,365.4374694824219,1021.8458251953125,0.8955210447311401,337.9126281738281,1005.8621215820312,0.9744604825973511,363.0489501953125,1032.5845947265625,0.008187979459762573,371.37579345703125,1024.4339599609375,0.029255151748657227,375.64288330078125,981.5176391601562,0.07950812578201294,242.06784057617188,1091.6845703125,0.033162921667099,388.3905334472656,985.9950561523438,0.6491276025772095,387.1668701171875,1021.2056884765625,0.021464020013809204,395.0685729980469,1013.2109375,0.8393862247467041,456.84698486328125,1008.2264404296875,0.04076433181762695,448.5320739746094,1004.6181640625,0.8053949475288391,458.11163330078125,1038.8040771484375,0.15288805961608887,438.94415283203125,1025.985107421875,0.8450802564620972,503.8136901855469,1021.4917602539062,0.9800810813903809,636.5233764648438,1032.77734375,0.06811249256134033
804,365.1243896484375,1021.2386474609375,0.9429576992988586,338.0376281738281,1005.115966796875,0.9668642282485962,362.9485168457031,1026.9576416015625,0.01334872841835022,371.36248779296875,1025.119140625,0.07338747382164001,375.76202392578125,981.6045532226562,0.06894192099571228,236.8007049560547,1079.82861328125,0.02915024757385254,385.79736328125,987.4630126953125,0.6518785953521729,387.01971435546875,1021.885498046875,0.025497466325759888,395.56060791015625,1013.008056640625,0.8543369174003601,456.9367370605469,1008.5581665039062,0.0426580011844635,448.5920715332031,1005.1100463867188,0.8035029172897339,458.2474060058594,1039.8260498046875,0.19127157330513,438.178466796875,1026.4632568359375,0.8859071731567383,504.1289978027344,1022.5591430664062,0.98146653175354,635.6808471679688,1031.462890625,0.12531626224517822
805,365.0941162109375,1020.8912963867188,0.9454901218414307,337.7996826171875,1004.908447265625,0.9689693450927734,362.6937255859375,1026.9610595703125,0.015112221240997314,371.3426818847656,1025.0758056640625,0.08296078443527222,375.5534973144531,981.7012939453125,0.06557050347328186,242.03018188476562,1091.3778076171875,0.02507227659225464,388.67138671875,986.0228271484375,0.6429376006126404,386.8596496582031,1021.9710083007812,0.026411354541778564,395.632568359375,1013.0377197265625,0.8551037311553955,457.00897216796875,1008.5411376953125,0.04235696792602539,448.6315612792969,1004.749267578125,0.7918155193328857,458.33929443359375,1038.98779296875,0.18441852927207947,437.9373779296875,1026.2349853515625,0.8774257302284241,504.06085205078125,1022.3399658203125,0.9819878339767456,635.5468139648438,1031.6759033203125,0.10029006004333496
806,364.2816467285156,1018.8726806640625,0.9292562007904053,338.08819580078125,1003.1364135742188,0.9680753946304321,362.59686279296875,1026.551513671875,0.016668379306793213,371.39410400390625,1023.3617553710938,0.1023983359336853,375.60980224609375,982.254638671875,0.05368447303771973,242.00955200195312,1091.4090576171875,0.029299557209014893,388.87652587890625,987.2352905273438,0.6050297021865845,386.9117736816406,1021.4974975585938,0.036207348108291626,395.2748718261719,1012.6240844726562,0.8793377876281738,457.4887390136719,1008.6223754882812,0.051324814558029175,449.225341796875,1005.0801391601562,0.8228682279586792,458.76470947265625,1039.692138671875,0.16458287835121155,437.6242370605469,1026.589599609375,0.8883087635040283,504.9635009765625,1023.8856201171875,0.9840095043182373,635.4017333984375,1031.879150390625,0.13615202903747559
807,364.3250427246094,1018.8997802734375,0.927452564239502,338.0166320800781,1003.1499633789062,0.9677919149398804,362.6154479980469,1026.5057373046875,0.01686820387840271,371.43804931640625,1023.2879028320312,0.10036975145339966,375.639892578125,982.2603759765625,0.05781596899032593,241.81239318847656,1091.3265380859375,0.026940494775772095,388.8641052246094,987.2716674804688,0.6164730191230774,386.9134216308594,1021.5592041015625,0.03620234131813049,395.3414611816406,1012.6742553710938,0.8806296586990356,457.4419860839844,1008.6187744140625,0.050453394651412964,449.173095703125,1005.1027221679688,0.8249430060386658,458.72637939453125,1039.7366943359375,0.16090798377990723,437.6139831542969,1026.6097412109375,0.8887892961502075,504.99169921875,1024.0528564453125,0.9838038682937622,635.424560546875,1031.859375,0.1315806806087494
808,362.2650451660156,1016.3134765625,0.9597384929656982,338.0430603027344,1000.8285522460938,0.9305706024169922,362.18328857421875,1020.9706420898438,0.02620023488998413,369.8871154785156,1020.9382934570312,0.21205896139144897,376.2342529296875,982.198486328125,0.06818583607673645,241.7141876220703,1091.7745361328125,0.032775282859802246,389.7787780761719,987.9320678710938,0.6614421606063843,386.08734130859375,1021.806396484375,0.03392273187637329,395.82891845703125,1012.9736938476562,0.8876510858535767,457.4768371582031,1008.2244262695312,0.06447890400886536,448.87969970703125,1004.3694458007812,0.8244410157203674,458.6737060546875,1039.9168701171875,0.18229103088378906,437.2544860839844,1026.52685546875,0.8894140720367432,504.8446350097656,1024.8826904296875,0.9805001616477966,635.3113403320312,1032.045654296875,0.11930406093597412
809,361.8494567871094,1016.1344604492188,0.9618690013885498,338.1130065917969,1000.8133544921875,0.9277465343475342,362.1572570800781,1020.9357299804688,0.027877599000930786,369.8244934082031,1020.8262939453125,0.21574559807777405,376.4289245605469,982.0350952148438,0.07371920347213745,241.71119689941406,1091.1134033203125,0.0317990779876709,387.0673522949219,987.999755859375,0.6825429797172546,385.6952819824219,1021.8027954101562,0.033156245946884155,396.0069885253906,1013.0521850585938,0.8946081399917603,457.6007385253906,1008.09326171875,0.06464746594429016,448.9908752441406,1004.3566284179688,0.8320341110229492,458.9584045410156,1040.0989990234375,0.1873917281627655,437.5174255371094,1026.6214599609375,0.8784770965576172,504.92279052734375,1024.9833984375,0.9805765151977539,635.3050537109375,1032.068115234375,0.11873042583465576
810,360.2025451660156,1014.5826416015625,0.9710046648979187,337.15093994140625,1001.2437133789062,0.8778437972068787,361.9566650390625,1019.727783203125,0.03247332572937012,368.01043701171875,1019.1698608398438,0.23605534434318542,377.3198547363281,981.5951538085938,0.10390383005142212,243.5430145263672,1079.7552490234375,0.03483697772026062,386.9790344238281,987.718994140625,0.7706601023674011,384.972900390625,1021.7655029296875,0.02499079704284668,396.5052185058594,1013.3391723632812,0.8977800607681274,457.38970947265625,1008.2766723632812,0.05622166395187378,448.8081359863281,1004.652099609375,0.8486907482147217,458.42132568359375,1040.401611328125,0.19474905729293823,437.8748779296875,1026.8411865234375,0.8858686089515686,505.1012268066406,1025.0836181640625,0.9787470102310181,635.2811889648438,1032.098876953125,0.11388334631919861
811,359.6698303222656,1014.6768188476562,0.9758896231651306,337.7960510253906,1001.2296142578125,0.8673772811889648,367.6483459472656,1010.7752685546875,0.028134137392044067,367.655517578125,1019.0151977539062,0.22608986496925354,376.87261962890625,981.710205078125,0.1092623770236969,242.38148498535156,1091.2581787109375,0.03016841411590576,386.95526123046875,988.1023559570312,0.7445052862167358,385.2200927734375,1021.3779907226562,0.02580946683883667,396.2694091796875,1013.4756469726562,0.9051064252853394,457.186767578125,1008.2299194335938,0.05322423577308655,448.3082580566406,1004.491455078125,0.8462990522384644,458.35260009765625,1040.4788818359375,0.19793814420700073,437.79840087890625,1026.9429931640625,0.8879773616790771,504.8868408203125,1024.8092041015625,0.9810019731521606,635.4072875976562,1032.1502685546875,0.15035054087638855
812,358.7065734863281,1014.6235961914062,0.9862056374549866,337.7479553222656,1000.1138305664062,0.8781099319458008,360.0210266113281,1020.2540283203125,0.03788799047470093,367.7809753417969,1019.0482177734375,0.26565444469451904,377.67230224609375,981.4225463867188,0.05431026220321655,242.5157470703125,1091.1541748046875,0.06491714715957642,387.1058044433594,987.5692749023438,0.7670276165008545,383.97723388671875,1021.269775390625,0.040645748376846313,393.788818359375,1009.2826538085938,0.8835738301277161,457.53936767578125,1007.4925537109375,0.050937145948410034,448.1886901855469,1004.276123046875,0.8731350898742676,458.7096862792969,1040.212646484375,0.21135574579238892,437.7339172363281,1027.1590576171875,0.867077648639679,504.8333740234375,1024.565673828125,0.9821619987487793,635.3749389648438,1032.139892578125,0.15047135949134827
813,358.7002258300781,1014.6163940429688,0.9862093925476074,337.8072814941406,1000.1151123046875,0.8763905167579651,360.0388488769531,1020.2625732421875,0.03851202130317688,367.7368469238281,1019.0573120117188,0.26615291833877563,377.6335144042969,981.4019165039062,0.056127339601516724,242.3979034423828,1091.0352783203125,0.06664028763771057,387.1286926269531,987.601806640625,0.7708950042724609,383.9160461425781,1021.2033081054688,0.0404202938079834,393.7904357910156,1009.3134155273438,0.8839553594589233,457.4657897949219,1007.5003662109375,0.04916858673095703,447.9439697265625,1004.25,0.8732017278671265,458.76873779296875,1040.210205078125,0.20318475365638733,437.6833190917969,1027.2283935546875,0.8677758574485779,504.78021240234375,1024.6405029296875,0.9812906384468079,635.3294067382812,1032.1297607421875,0.17689615488052368
814,358.6593322753906,1012.87744140625,0.9920518398284912,337.6340637207031,999.0819702148438,0.8671641945838928,363.4184265136719,1009.4556884765625,0.052742213010787964,366.1679382324219,1017.9808959960938,0.3652684688568115,377.5863952636719,980.6759033203125,0.06935638189315796,242.26722717285156,1091.646484375,0.05337709188461304,385.67803955078125,987.9043579101562,0.8779098391532898,384.3714599609375,1021.2649536132812,0.05236157774925232,392.794677734375,1013.7129516601562,0.9092365503311157,458.166015625,1008.1458129882812,0.03744879364967346,448.3431091308594,1004.8953247070312,0.8435461521148682,442.1126708984375,1032.62646484375,0.22809377312660217,437.4013671875,1028.2637939453125,0.8835969567298889,504.4967956542969,1025.11279296875,0.9720677137374878,631.0641479492188,1032.3250732421875,0.2290746569633484
815,358.6332702636719,1012.8704833984375,0.9920576214790344,337.6039123535156,999.11572265625,0.8683048486709595,363.42529296875,1009.4266967773438,0.052603065967559814,366.1683349609375,1017.97705078125,0.3653000295162201,377.58074951171875,980.697265625,0.0700024962425232,242.27561950683594,1091.3980712890625,0.05248531699180603,385.6926574707031,987.9462890625,0.8767337203025818,384.3926696777344,1021.2687377929688,0.05235514044761658,392.80975341796875,1013.6964111328125,0.9092642068862915,458.1344909667969,1008.1211547851562,0.03723764419555664,448.3682556152344,1004.8951416015625,0.8485927581787109,442.10443115234375,1032.5789794921875,0.21982571482658386,437.4034118652344,1028.2332763671875,0.8836066722869873,504.48638916015625,1025.2578125,0.9732279181480408,631.1517333984375,1032.0928955078125,0.2081506848335266
816,358.01409912109375,1012.5842895507812,0.9889302253723145,336.5064392089844,998.5262451171875,0.8498542904853821,363.64569091796875,1010.04296875,0.05407121777534485,365.33966064453125,1017.88037109375,0.36295580863952637,378.0014343261719,981.2098388671875,0.06334647536277771,242.1824951171875,1091.62255859375,0.06112226843833923,385.6575927734375,988.2811279296875,0.8754138946533203,383.5249328613281,1021.2532958984375,0.04634323716163635,392.77447509765625,1013.4927978515625,0.9108949899673462,458.1476135253906,1008.0400390625,0.034384965896606445,448.48248291015625,1004.8873291015625,0.8381506204605103,441.8134460449219,1032.47314453125,0.21340367197990417,437.5184326171875,1028.1910400390625,0.8951901197433472,504.69061279296875,1025.7373046875,0.9702057838439941,630.6758422851562,1032.2921142578125,0.20726478099822998
817,357.38726806640625,1012.893310546875,0.9891147613525391,336.905029296875,998.5947875976562,0.8113865852355957,360.8777160644531,1015.1895141601562,0.03739243745803833,364.2898864746094,1018.2386474609375,0.27846044301986694,378.5966491699219,981.9365234375,0.06169953942298889,242.26173400878906,1091.827880859375,0.03363075852394104,385.88262939453125,989.2166748046875,0.8241670727729797,382.52313232421875,1020.1061401367188,0.052645325660705566,391.1067199707031,1013.6117553710938,0.8763183355331421,457.25091552734375,1007.45751953125,0.041172295808792114,448.12744140625,1004.3980102539062,0.8240295648574829,442.74664306640625,1032.64697265625,0.1671006679534912,437.7701416015625,1028.5445556640625,0.8182729482650757,505.02618408203125,1027.3189697265625,0.9715545177459717,630.54541015625,1032.164306640625,0.28331953287124634
818,357.3876037597656,1012.8812866210938,0.9892315864562988,336.8898010253906,998.5792846679688,0.8117719888687134,360.8892822265625,1015.2009887695312,0.037190526723861694,364.31451416015625,1018.2276000976562,0.27832651138305664,378.63812255859375,981.9140625,0.0643506646156311,242.26162719726562,1091.8280029296875,0.033629149198532104,385.9032897949219,989.2833862304688,0.8261231184005737,382.5147399902344,1020.0208740234375,0.053764551877975464,391.10052490234375,1013.5595703125,0.8759369254112244,457.2295837402344,1007.46337890625,0.04196116328239441,448.2612609863281,1004.4722900390625,0.8324731588363647,442.68328857421875,1032.7176513671875,0.1705097258090973,437.81427001953125,1028.5595703125,0.8163685202598572,505.03955078125,1027.331787109375,0.9715888500213623,630.5463256835938,1032.161865234375,0.2846029996871948
819,357.38507080078125,1012.8821411132812,0.989319920539856,336.88092041015625,998.6233520507812,0.8105852603912354,360.890380859375,1015.2122192382812,0.03687351942062378,364.285888671875,1018.2399291992188,0.2775660753250122,378.6405029296875,981.8829956054688,0.065350741147995,242.2793731689453,1091.7325439453125,0.0494612455368042,385.89788818359375,989.2759399414062,0.8286375403404236,382.5202331542969,1020.0841064453125,0.052864789962768555,391.13360595703125,1013.59619140625,0.8779534101486206,457.196044921875,1007.4910278320312,0.04015597701072693,448.3678894042969,1004.4473266601562,0.8313608765602112,442.5232849121094,1032.6661376953125,0.16603854298591614,437.7283935546875,1028.518310546875,0.8162645697593689,505.09136962890625,1027.4312744140625,0.9698795080184937,630.5699462890625,1032.2247314453125,0.28469550609588623
820,357.26263427734375,1013.2716064453125,0.987403392791748,331.5648193359375,998.5902709960938,0.8384685516357422,354.6071472167969,1019.77197265625,0.03400063514709473,364.2024841308594,1019.106201171875,0.28509998321533203,378.49493408203125,982.6787719726562,0.03933820128440857,242.1736297607422,1092.4219970703125,0.046000540256500244,385.79779052734375,989.71240234375,0.7666299343109131,381.6483154296875,1020.4358520507812,0.052905917167663574,390.5599060058594,1013.4376831054688,0.8033889532089233,457.4107666015625,1007.73779296875,0.03902047872543335,447.9784240722656,1004.4295654296875,0.8040286302566528,441.9229736328125,1032.5869140625,0.2061203420162201,438.0572814941406,1028.8333740234375,0.8584815263748169,505.364990234375,1027.5211181640625,0.969871997833252,630.951904296875,1032.1912841796875,0.2500075697898865
821,357.4258117675781,1013.4758911132812,0.9885725975036621,331.6268615722656,998.5488891601562,0.8071850538253784,359.9508361816406,1019.8761596679688,0.036240994930267334,364.2952880859375,1019.2199096679688,0.3277592360973358,378.4833679199219,982.5167846679688,0.046458303928375244,242.3680877685547,1092.0252685546875,0.05315551161766052,385.7859802246094,989.7791137695312,0.7678611278533936,381.83551025390625,1020.5018310546875,0.05560785531997681,390.6917724609375,1013.4454956054688,0.8018394708633423,457.13421630859375,1007.8653564453125,0.04026332497596741,447.9493713378906,1004.5419921875,0.8034790754318237,441.9693603515625,1032.7432861328125,0.20691964030265808,438.0518493652344,1028.91943359375,0.8590148687362671,505.33538818359375,1027.507568359375,0.9702044129371643,632.5631713867188,1033.34765625,0.26867592334747314
822,356.45196533203125,1014.1589965820312,0.9885113835334778,333.05194091796875,999.410400390625,0.804795503616333,354.0068664550781,1019.963134765625,0.0406762957572937,361.14923095703125,1020.12939453125,0.2940964698791504,378.8036193847656,982.866943359375,0.04929515719413757,242.48846435546875,1091.8985595703125,0.058549076318740845,386.0183410644531,990.3468017578125,0.7405989170074463,381.3547668457031,1021.2191772460938,0.04983067512512207,389.91864013671875,1013.8997802734375,0.7817336320877075,456.59979248046875,1009.0630493164062,0.03842929005622864,447.2259826660156,1005.3464965820312,0.7618753910064697,442.5806579589844,1032.7294921875,0.23052790760993958,438.3967590332031,1029.57470703125,0.8515292406082153,505.5698547363281,1028.8760986328125,0.9610512256622314,632.4696655273438,1033.462158203125,0.24487736821174622
823,356.5079650878906,1014.1530151367188,0.9878355264663696,333.41851806640625,999.3536987304688,0.8199360370635986,353.8714294433594,1019.8104858398438,0.03852611780166626,360.9498291015625,1019.9949340820312,0.28127434849739075,378.737548828125,982.9357299804688,0.049642354249954224,242.1941375732422,1091.9959716796875,0.054961979389190674,385.96270751953125,990.3287963867188,0.7460518479347229,381.235595703125,1021.1763916015625,0.05265113711357117,389.87060546875,1014.0104370117188,0.7894558310508728,456.4378356933594,1009.0347290039062,0.041378527879714966,447.3168029785156,1005.5015258789062,0.7693315744400024,442.33447265625,1032.6573486328125,0.2160976231098175,438.2249755859375,1029.573974609375,0.8318113684654236,505.55230712890625,1028.78076171875,0.960966944694519,632.4451904296875,1033.1868896484375,0.20689994096755981
824,355.7239990234375,1014.5975952148438,0.9893636107444763,331.97576904296875,998.7484130859375,0.8827311992645264,348.9073486328125,1023.3050537109375,0.03760254383087158,360.6752624511719,1020.3954467773438,0.2801051735877991,378.7138977050781,982.367919921875,0.04842004179954529,242.2814483642578,1091.69775390625,0.06496909260749817,385.5850524902344,990.475830078125,0.7462053894996643,381.18170166015625,1020.9812622070312,0.04423680901527405,387.7844543457031,1014.4908447265625,0.7963863611221313,456.89703369140625,1008.5723876953125,0.033840060234069824,447.7789001464844,1004.9287719726562,0.7990410327911377,443.58282470703125,1034.4447021484375,0.28833043575286865,439.1759338378906,1030.441650390625,0.7631129622459412,505.544677734375,1028.8192138671875,0.9597077369689941,632.2116088867188,1032.8856201171875,0.2526502311229706
825,355.7547607421875,1014.5814208984375,0.9892417192459106,332.1150207519531,998.876708984375,0.8845623731613159,353.7414855957031,1020.49951171875,0.03882196545600891,360.77313232421875,1020.296142578125,0.28369057178497314,378.9376525878906,982.3152465820312,0.049629271030426025,242.29205322265625,1091.6734619140625,0.06669068336486816,385.6774597167969,990.538818359375,0.7550775408744812,381.1565856933594,1021.0296020507812,0.04310604929924011,387.7550048828125,1014.611328125,0.7950395345687866,456.6439514160156,1008.60546875,0.03408131003379822,447.6009826660156,1004.9142456054688,0.8043760061264038,443.5985412597656,1034.465576171875,0.29192182421684265,439.18670654296875,1030.49853515625,0.7598873376846313,505.596923828125,1028.7110595703125,0.9621880054473877,632.0320434570312,1033.0076904296875,0.23988044261932373
826,355.1057434082031,1014.20458984375,0.9878013730049133,331.771484375,998.9771728515625,0.8809380531311035,348.3135681152344,1023.49853515625,0.04604822397232056,360.73284912109375,1019.8281860351562,0.269997239112854,378.27764892578125,982.0173950195312,0.030623286962509155,248.15037536621094,1091.4239501953125,0.038127511739730835,384.9547424316406,990.3680419921875,0.7434308528900146,381.15570068359375,1020.1969604492188,0.05435857176780701,386.4692077636719,1014.2010498046875,0.821487307548523,457.0174865722656,1008.0702514648438,0.048662662506103516,448.1851501464844,1004.5859375,0.8103455305099487,454.3573913574219,1039.78662109375,0.3074686527252197,439.6888427734375,1030.57080078125,0.701921284198761,504.83544921875,1028.381103515625,0.9662525653839111,631.8568725585938,1033.1763916015625,0.3288010358810425
827,355.1398620605469,1014.2810668945312,0.9869166612625122,331.9319152832031,998.9773559570312,0.8617321252822876,348.4608154296875,1021.0531005859375,0.04552075266838074,360.7115173339844,1019.7850952148438,0.2615989148616791,378.21575927734375,981.9902954101562,0.030399680137634277,247.96351623535156,1091.6512451171875,0.0398024320602417,384.9307556152344,990.3446044921875,0.7355725765228271,381.29205322265625,1020.08642578125,0.06049385666847229,386.39208984375,1014.121337890625,0.8143976330757141,456.89227294921875,1007.9669189453125,0.05116117000579834,448.23834228515625,1004.7086181640625,0.8115019798278809,454.328857421875,1040.0087890625,0.3019503057003021,439.58074951171875,1030.547607421875,0.677716851234436,504.8244323730469,1028.4892578125,0.9644944667816162,631.875732421875,1033.4190673828125,0.3311712145805359
828,354.9561767578125,1014.5513916015625,0.9902119636535645,331.6624755859375,998.518310546875,0.9003509283065796,347.4678039550781,1023.8629150390625,0.05330267548561096,360.3480529785156,1020.233642578125,0.3039345443248749,378.30511474609375,982.0682373046875,0.022479593753814697,242.6891632080078,1092.0345458984375,0.05708000063896179,385.15380859375,990.905029296875,0.7225285172462463,381.0723876953125,1020.2633056640625,0.044291019439697266,385.9313049316406,1014.2149658203125,0.8084196448326111,456.3621520996094,1008.2130126953125,0.05121737718582153,448.0189208984375,1005.3436279296875,0.834511399269104,454.3209533691406,1040.219970703125,0.25784415006637573,439.46356201171875,1030.573486328125,0.5958992838859558,504.8974609375,1028.4522705078125,0.9700924754142761,631.76953125,1034.068359375,0.3298209309577942
829,354.9195861816406,1014.5328979492188,0.989906907081604,331.8061218261719,998.432861328125,0.9036428928375244,347.4305725097656,1023.7765502929688,0.05273032188415527,360.3454284667969,1020.263671875,0.28669124841690063,378.3086853027344,982.1974487304688,0.02092564105987549,242.24111938476562,1092.3453369140625,0.04635733366012573,384.9906311035156,990.914306640625,0.7178655862808228,381.0699157714844,1020.1503295898438,0.04245331883430481,385.91845703125,1013.9693603515625,0.806831955909729,456.6465759277344,1008.1719360351562,0.0525757372379303,448.15777587890625,1005.1841430664062,0.8433796167373657,445.4519958496094,1035.2381591796875,0.2648630142211914,439.3941345214844,1030.532958984375,0.6122040748596191,504.7071228027344,1028.66064453125,0.9691125154495239,631.8391723632812,1034.140869140625,0.3215445280075073
830,354.7719421386719,1014.594970703125,0.9897992610931396,331.53509521484375,998.822998046875,0.9082362651824951,346.7336120605469,1023.6717529296875,0.07100418210029602,359.63720703125,1020.2232666015625,0.321697473526001,413.86016845703125,996.3589477539062,0.016456782817840576,248.64132690429688,1090.9990234375,0.050657063722610474,385.52337646484375,991.7510986328125,0.7144271731376648,380.38848876953125,1021.018798828125,0.039117127656936646,385.69427490234375,1014.4468994140625,0.8161909580230713,456.4535827636719,1008.19140625,0.035812050104141235,448.04730224609375,1005.0816650390625,0.8404591083526611,446.05010986328125,1035.811767578125,0.26038622856140137,453.60125732421875,1036.468017578125,0.6230540871620178,504.5335388183594,1028.870361328125,0.9676663279533386,631.8137817382812,1034.1630859375,0.2765481472015381
831,354.8585510253906,1014.624267578125,0.9899898767471313,331.58319091796875,998.874755859375,0.9066494703292847,346.85308837890625,1023.6710815429688,0.06877610087394714,359.7096252441406,1020.3187866210938,0.31862571835517883,378.2320861816406,984.7095947265625,0.016160517930984497,248.56393432617188,1090.9801025390625,0.043584734201431274,385.4875793457031,991.5698852539062,0.7010771036148071,380.3930969238281,1021.0111694335938,0.040431588888168335,385.6540222167969,1014.3739013671875,0.8068822622299194,456.2421569824219,1008.09716796875,0.03696715831756592,448.0377197265625,1004.950927734375,0.8417433500289917,445.66204833984375,1035.494873046875,0.27119848132133484,453.7349853515625,1036.35205078125,0.6006730794906616,504.6361999511719,1028.8101806640625,0.9685963988304138,631.8345336914062,1034.203369140625,0.2446911633014679
832,354.79791259765625,1014.2000732421875,0.9938385486602783,331.48779296875,999.33203125,0.9156109690666199,346.5890197753906,1023.2212524414062,0.11369112133979797,359.54840087890625,1020.6279907226562,0.5076479315757751,378.8446350097656,982.783935546875,0.02321481704711914,242.29087829589844,1091.7098388671875,0.0456656813621521,385.50543212890625,991.4608764648438,0.7576601505279541,380.6709289550781,1021.8932495117188,0.03385850787162781,385.8164978027344,1015.4515380859375,0.8288120031356812,456.0159912109375,1008.8565063476562,0.033260613679885864,447.8617248535156,1005.862548828125,0.8437598943710327,445.0166931152344,1036.0670166015625,0.2706283926963806,444.1891784667969,1032.8299560546875,0.6371314525604248,504.0794982910156,1028.4564208984375,0.9629406332969666,631.7218017578125,1033.8829345703125,0.29382872581481934
833,354.8874816894531,1014.31494140625,0.9933304786682129,331.7125549316406,999.3102416992188,0.9112359881401062,346.58306884765625,1023.0347900390625,0.11115336418151855,359.527099609375,1020.5612182617188,0.5016451478004456,378.89630126953125,982.8167114257812,0.022596359252929688,241.89498901367188,1091.5848388671875,0.039398133754730225,385.514892578125,991.5465698242188,0.7506484985351562,380.75531005859375,1021.8360595703125,0.03664848208427429,385.6898498535156,1015.5899658203125,0.8269849419593811,455.86529541015625,1008.8114624023438,0.03130626678466797,447.7542419433594,1005.8771362304688,0.8443067073822021,444.9824523925781,1036.119140625,0.22653281688690186,444.2449035644531,1033.0404052734375,0.6396304368972778,504.239990234375,1028.548095703125,0.9660295248031616,631.782470703125,1034.252685546875,0.2928922176361084
834,354.1491394042969,1014.7093505859375,0.9934079647064209,332.361083984375,999.1002807617188,0.9353423118591309,346.6141052246094,1023.2959594726562,0.17066690325737,359.3792419433594,1021.2574462890625,0.5823382139205933,378.927001953125,982.8465576171875,0.01824072003364563,248.2768096923828,1090.5523681640625,0.04437673091888428,385.60125732421875,991.5714721679688,0.7394247055053711,380.8426818847656,1022.040771484375,0.03648975491523743,386.1646728515625,1012.4181518554688,0.8046562671661377,456.1922912597656,1008.0215454101562,0.03481540083885193,448.9161682128906,1005.9848022460938,0.8527247905731201,454.1474914550781,1041.5162353515625,0.2761452794075012,443.80609130859375,1033.77978515625,0.7005743384361267,504.5713806152344,1028.556640625,0.9686328768730164,631.6610717773438,1034.355224609375,0.379629909992218
835,354.05419921875,1014.700439453125,0.9937354326248169,332.1727600097656,999.167724609375,0.9365394115447998,346.5118408203125,1023.3404541015625,0.17313382029533386,359.30108642578125,1021.2689819335938,0.6055130362510681,378.83416748046875,982.9179077148438,0.01868218183517456,248.9352569580078,1090.222900390625,0.05390426516532898,385.4435729980469,991.5200805664062,0.746938943862915,380.8741455078125,1022.0340576171875,0.037000298500061035,386.2350769042969,1012.4503173828125,0.807371973991394,456.4059143066406,1008.0386352539062,0.0323387086391449,448.6687316894531,1005.6624755859375,0.853547215461731,470.9620056152344,1043.451904296875,0.2956058382987976,443.6041259765625,1033.4112548828125,0.6987277269363403,504.5585021972656,1028.8963623046875,0.9628177881240845,631.7218627929688,1034.277099609375,0.4815762937068939
836,353.2252502441406,1014.798583984375,0.9875973463058472,331.32666015625,999.69140625,0.9303632974624634,346.39544677734375,1023.149658203125,0.1552107036113739,358.0606994628906,1020.0018920898438,0.4970740079879761,378.927490234375,983.09716796875,0.010359406471252441,249.38375854492188,1090.4854736328125,0.0585191547870636,385.2749938964844,992.4014282226562,0.6777771711349487,380.0150451660156,1020.7012329101562,0.056836724281311035,384.9924011230469,1015.4343872070312,0.8065829277038574,456.85882568359375,1011.617431640625,0.03955027461051941,448.363037109375,1005.3327026367188,0.8592069745063782,470.8812255859375,1043.6551513671875,0.3214747905731201,454.9875793457031,1038.3079833984375,0.7087511420249939,504.12872314453125,1027.4598388671875,0.9593440294265747,631.4326171875,1034.659423828125,0.59417325258255
837,353.2227783203125,1014.7387084960938,0.9878585934638977,331.3730163574219,999.697509765625,0.930705189704895,346.5107421875,1023.1268310546875,0.1549191176891327,358.04571533203125,1019.9779663085938,0.4876309633255005,379.13348388671875,983.1809692382812,0.011454254388809204,249.43270874023438,1090.3668212890625,0.0544261634349823,385.4466247558594,992.548828125,0.6823974847793579,380.1194763183594,1020.71923828125,0.05856192111968994,384.94940185546875,1015.5402221679688,0.796047568321228,456.6156005859375,1011.653076171875,0.03831303119659424,448.28717041015625,1005.3792114257812,0.8663562536239624,444.7939453125,1039.326904296875,0.30763036012649536,454.9540710449219,1038.3995361328125,0.7138993740081787,504.240478515625,1028.7357177734375,0.9592610597610474,631.4164428710938,1034.809814453125,0.6297876834869385
838,351.3350524902344,1014.6436157226562,0.9886380434036255,331.1307067871094,999.4845581054688,0.9548940658569336,347.2649230957031,1023.515625,0.18181389570236206,358.49005126953125,1020.614990234375,0.5356801748275757,412.7968444824219,996.1614379882812,0.012359052896499634,249.26231384277344,1090.804443359375,0.044812530279159546,385.6212463378906,992.83544921875,0.6715692281723022,380.1075439453125,1020.49609375,0.060949236154556274,383.5618591308594,1015.4452514648438,0.8087888956069946,456.8825378417969,1011.2676391601562,0.04378274083137512,447.6529846191406,1005.6485595703125,0.9084072709083557,449.90411376953125,1040.3671875,0.2874353528022766,453.69793701171875,1038.1412353515625,0.7260693311691284,503.646728515625,1027.302734375,0.9592167139053345,630.46240234375,1034.574462890625,0.4672040045261383
839,351.32769775390625,1014.661865234375,0.9884684681892395,331.1038818359375,999.4732055664062,0.9545543193817139,347.2452697753906,1023.4815673828125,0.18341761827468872,358.4669189453125,1020.6340942382812,0.5307190418243408,412.7727966308594,996.1760864257812,0.012492597103118896,249.39517211914062,1090.3482666015625,0.05785378813743591,385.6401672363281,992.764892578125,0.6698628664016724,380.1246643066406,1020.5000610351562,0.06074786186218262,383.5474548339844,1015.424072265625,0.8071033358573914,456.9213562011719,1011.2964477539062,0.045728057622909546,447.7041320800781,1005.7037963867188,0.9040879011154175,449.88616943359375,1040.357421875,0.2942582964897156,453.7071533203125,1038.1387939453125,0.7263199090957642,503.6190185546875,1027.356689453125,0.9592313766479492,630.8042602539062,1036.0672607421875,0.35675954818725586
840,350.98828125,1015.0518798828125,0.9898828268051147,331.5375671386719,999.2742919921875,0.9577574133872986,347.3287353515625,1023.5692749023438,0.23626628518104553,357.8740234375,1020.9398193359375,0.5994278788566589,412.1236877441406,990.8753662109375,0.00947791337966919,243.38589477539062,1091.42333984375,0.058060914278030396,385.6014404296875,993.0869140625,0.6490620970726013,379.95697021484375,1021.101806640625,0.08394813537597656,383.3196716308594,1015.9885864257812,0.8169257640838623,456.49371337890625,1012.3390502929688,0.03290078043937683,447.56939697265625,1006.7532958984375,0.9002103805541992,443.6867370605469,1039.7591552734375,0.2720939517021179,441.0959777832031,1033.40625,0.7938419580459595,503.38018798828125,1027.6468505859375,0.9613120555877686,630.8355712890625,1036.8116455078125,0.503387451171875
841,351.123046875,1014.8851928710938,0.9905174374580383,331.5937805175781,998.8587036132812,0.9578178524971008,346.9297790527344,1023.4663696289062,0.2314123809337616,357.91522216796875,1020.87744140625,0.6194526553153992,412.0190124511719,990.944580078125,0.010163545608520508,249.27781677246094,1090.271728515625,0.056343793869018555,384.4923095703125,994.0570068359375,0.6599448323249817,379.9022521972656,1021.2285766601562,0.08704489469528198,383.3591003417969,1016.1895751953125,0.8192660808563232,456.382568359375,1012.5745239257812,0.03700581192970276,447.20538330078125,1006.8255004882812,0.8942519426345825,448.6368713378906,1040.9456787109375,0.2733856439590454,441.22503662109375,1033.1875,0.7927680015563965,503.5209045410156,1027.4056396484375,0.9706636667251587,630.5603637695312,1036.2593994140625,0.5448567867279053
842,351.18896484375,1015.5257568359375,0.9899003505706787,329.9930725097656,999.3379516601562,0.9391703605651855,347.4453125,1023.8405151367188,0.1737385392189026,357.8182373046875,1020.8397827148438,0.6067215800285339,391.14300537109375,997.1921997070312,0.01017346978187561,249.04063415527344,1091.6307373046875,0.07904449105262756,385.0172119140625,994.5490112304688,0.6709224581718445,378.74615478515625,1025.0035400390625,0.06881493330001831,384.05712890625,1015.7252807617188,0.8098543882369995,456.2130126953125,1012.8951416015625,0.039597004652023315,447.4081115722656,1007.8449096679688,0.8994929790496826,448.6026611328125,1041.1295166015625,0.2019730508327484,441.37591552734375,1033.288330078125,0.7716608643531799,503.193603515625,1027.4500732421875,0.9748799800872803,630.4133911132812,1036.8846435546875,0.3856408894062042
843,351.2350769042969,1015.522705078125,0.9900306463241577,330.06964111328125,999.362060546875,0.938033938407898,347.35186767578125,1023.8403930664062,0.18171551823616028,357.7755432128906,1020.875244140625,0.6201618313789368,377.3431701660156,992.267822265625,0.010651916265487671,249.3994598388672,1091.60595703125,0.06755131483078003,385.0087890625,994.6798706054688,0.6894332766532898,379.87890625,1020.6300048828125,0.06867533922195435,384.0516357421875,1015.7775268554688,0.811779260635376,456.1899108886719,1012.9007568359375,0.039407700300216675,447.3831787109375,1007.8362426757812,0.8981097340583801,448.59344482421875,1041.1392822265625,0.20316195487976074,441.375,1033.249267578125,0.7715474367141724,503.1901550292969,1027.4761962890625,0.9746367931365967,630.6078491210938,1036.9462890625,0.3903961777687073
844,350.4512023925781,1015.6043701171875,0.9902976751327515,329.78350830078125,999.4473876953125,0.9322108626365662,347.0874328613281,1024.1575927734375,0.26986151933670044,357.34130859375,1021.6354370117188,0.6900484561920166,376.8101806640625,991.6826171875,0.01625889539718628,243.90357971191406,1093.5977783203125,0.08360180258750916,384.572021484375,993.9400634765625,0.7458312511444092,392.2887268066406,1010.2830200195312,0.04198542237281799,384.26214599609375,1016.0648193359375,0.7625063061714172,455.5736389160156,1012.3626708984375,0.026923269033432007,445.0653076171875,1005.6586303710938,0.9013271331787109,442.8642578125,1039.7265625,0.19323572516441345,439.9390563964844,1033.0469970703125,0.7472228407859802,502.9421081542969,1027.7958984375,0.9727734327316284,629.4979248046875,1037.09716796875,0.3829328119754791
845,350.4667053222656,1015.5509033203125,0.989833414554596,329.7525329589844,999.3472900390625,0.9317303895950317,347.0810241699219,1024.10986328125,0.2571251094341278,357.2889404296875,1021.598876953125,0.68330979347229,376.8721008300781,991.6817016601562,0.015820801258087158,243.24856567382812,1093.6357421875,0.07485643029212952,384.5999755859375,993.9021606445312,0.7409019470214844,392.2950439453125,1010.2125244140625,0.04270446300506592,384.2411193847656,1016.0442504882812,0.7585549354553223,455.5760803222656,1012.3721923828125,0.027022480964660645,445.0874328613281,1005.6259765625,0.9006633758544922,442.85150146484375,1039.7265625,0.19263052940368652,439.9315185546875,1033.0758056640625,0.7473158836364746,502.9365539550781,1027.7847900390625,0.972588062286377,629.5123291015625,1037.285888671875,0.3650977611541748
846,350.0617980957031,1015.7613525390625,0.9895485639572144,329.50897216796875,999.7615356445312,0.913480281829834,346.7549133300781,1024.3897705078125,0.2638729512691498,356.65869140625,1021.7904663085938,0.6707624197006226,377.0987548828125,992.3161010742188,0.013990461826324463,243.2281951904297,1093.7506103515625,0.08068689703941345,384.3673400878906,994.5875244140625,0.7039400339126587,377.7987060546875,1026.0526123046875,0.0486009418964386,383.3481750488281,1016.1522827148438,0.7655550241470337,455.357421875,1013.1505126953125,0.026423722505569458,444.3810729980469,1007.8702392578125,0.8942660689353943,472.1633605957031,1043.702880859375,0.1958874762058258,439.921630859375,1033.13232421875,0.7578312754631042,503.00372314453125,1027.6983642578125,0.9759607315063477,629.1488037109375,1037.59814453125,0.34060752391815186
847,350.31707763671875,1015.7932739257812,0.9887242317199707,328.9649353027344,999.40673828125,0.9146984219551086,346.6521911621094,1024.6240234375,0.259757936000824,356.6692810058594,1021.7373657226562,0.638762354850769,392.10711669921875,997.3264770507812,0.011640965938568115,243.02923583984375,1093.7882080078125,0.07934397459030151,384.2507019042969,994.5512084960938,0.6929921507835388,377.9902038574219,1026.0382080078125,0.05088803172111511,383.09521484375,1015.984375,0.7464942336082458,455.3327941894531,1013.0673217773438,0.02640441060066223,444.52459716796875,1007.951904296875,0.8926548957824707,472.1741638183594,1043.7552490234375,0.19917169213294983,439.91314697265625,1033.18408203125,0.7504158616065979,503.0264892578125,1027.7294921875,0.9759985208511353,629.3665161132812,1037.5340576171875,0.33445191383361816
848,349.5198669433594,1016.2161865234375,0.9828940629959106,327.20745849609375,999.330322265625,0.9017232656478882,346.69268798828125,1024.9598388671875,0.23001518845558167,356.70941162109375,1021.9232177734375,0.4488917589187622,392.4931335449219,996.9957275390625,0.011002331972122192,242.63372802734375,1093.7021484375,0.05518263578414917,384.29473876953125,994.1118774414062,0.6148877739906311,378.0171203613281,1026.4168701171875,0.06277048587799072,382.1787414550781,1015.8857421875,0.7495885491371155,455.5022277832031,1013.0929565429688,0.03363466262817383,444.50408935546875,1008.0499267578125,0.9163129329681396,471.84716796875,1044.1365966796875,0.20262733101844788,440.6850280761719,1034.04052734375,0.7377719879150391,502.9166259765625,1028.101318359375,0.9761024713516235,629.5044555664062,1037.5982666015625,0.37385764718055725
849,349.5755920410156,1016.22900390625,0.9827551245689392,327.2597351074219,999.3490600585938,0.9032837152481079,346.71246337890625,1024.9566650390625,0.2263345718383789,356.70220947265625,1021.9039916992188,0.4414605498313904,392.4683837890625,997.1415405273438,0.01146697998046875,242.71145629882812,1093.6519775390625,0.053484976291656494,384.232666015625,994.185791015625,0.6165589094161987,378.0518493652344,1026.376953125,0.06505882740020752,382.1467590332031,1015.90771484375,0.7524006366729736,455.40045166015625,1013.1585693359375,0.033242493867874146,444.4358825683594,1008.1229858398438,0.9116625785827637,471.89581298828125,1044.2164306640625,0.21154198050498962,440.7270202636719,1033.9190673828125,0.7279863953590393,502.8667907714844,1028.5611572265625,0.9763972759246826,629.4343872070312,1037.7030029296875,0.32645514607429504
850,350.6512756347656,1015.958740234375,0.9740539789199829,327.3686828613281,999.6444702148438,0.8781495690345764,346.86773681640625,1024.4891357421875,0.2739713788032532,357.28070068359375,1022.0326538085938,0.39233532547950745,392.1470947265625,997.0440673828125,0.011857420206069946,243.63662719726562,1093.531494140625,0.04605758190155029,384.4092102050781,993.8106079101562,0.5358299016952515,377.56390380859375,1028.5504150390625,0.06679478287696838,382.86993408203125,1015.2965698242188,0.7465813755989075,454.6326599121094,1013.792236328125,0.05552354454994202,443.9355163574219,1008.9243774414062,0.9279651045799255,471.4842224121094,1044.73779296875,0.22437414526939392,440.699951171875,1034.35302734375,0.7496047019958496,502.8755187988281,1028.6719970703125,0.9779125452041626,629.9102172851562,1038.4659423828125,0.2717626690864563
851,350.7366638183594,1016.0974731445312,0.9731028079986572,327.4617614746094,999.6613159179688,0.8819558620452881,346.969482421875,1024.5445556640625,0.26155775785446167,357.3516540527344,1022.0686645507812,0.37788233160972595,392.0840759277344,997.05712890625,0.011948883533477783,243.93128967285156,1093.326171875,0.056310445070266724,384.4403076171875,993.8724975585938,0.5399587750434875,377.6444091796875,1028.5283203125,0.06626176834106445,382.8089599609375,1015.285400390625,0.7486521601676941,454.6734924316406,1013.7706298828125,0.05524250864982605,443.96832275390625,1008.9093627929688,0.9274166822433472,471.49224853515625,1044.7398681640625,0.22500592470169067,440.7208251953125,1034.323974609375,0.7496440410614014,502.872802734375,1028.6771240234375,0.9779303073883057,629.89208984375,1038.4783935546875,0.2700105905532837
852,350.37127685546875,1016.49072265625,0.9809491038322449,330.3809509277344,1000.4220581054688,0.9199947118759155,346.5769958496094,1024.9620361328125,0.25506800413131714,356.5960693359375,1022.4022216796875,0.4469573497772217,374.3861999511719,996.2634887695312,0.013464361429214478,244.05262756347656,1093.69970703125,0.044707685708999634,384.4626159667969,994.7533569335938,0.5668666958808899,382.7298583984375,1029.488037109375,0.0565451979637146,382.7248840332031,1015.577880859375,0.7193837761878967,454.3138122558594,1014.2763061523438,0.05101659893989563,444.2318420410156,1009.2843627929688,0.9315547943115234,472.2919616699219,1044.75146484375,0.212753027677536,441.0298156738281,1034.4051513671875,0.7731127738952637,502.69354248046875,1029.625732421875,0.9798987507820129,630.17333984375,1038.440673828125,0.19114866852760315
853,350.3841857910156,1016.4276123046875,0.978333592414856,330.46881103515625,1000.3900756835938,0.9163710474967957,346.7367248535156,1025.1068115234375,0.2555159330368042,356.6253662109375,1022.3637084960938,0.38003575801849365,374.5943298339844,996.1163330078125,0.012173503637313843,244.02735900878906,1093.8590087890625,0.04624715447425842,384.51055908203125,994.5380249023438,0.5489329099655151,377.4766540527344,1029.407470703125,0.07550793886184692,382.552001953125,1015.5007934570312,0.7192182540893555,454.3841247558594,1014.3596801757812,0.052726536989212036,444.037353515625,1009.2869262695312,0.929743766784668,472.2864074707031,1044.6807861328125,0.2076135277748108,440.8402099609375,1034.4814453125,0.7761348485946655,502.6291809082031,1029.58984375,0.9796470403671265,629.95458984375,1038.4224853515625,0.2249944806098938
854,350.3416442871094,1016.5677490234375,0.9790382385253906,330.86676025390625,1000.62353515625,0.9166525602340698,346.7566223144531,1025.4254150390625,0.3075200021266937,356.0502014160156,1022.5394897460938,0.43233489990234375,374.62420654296875,995.9265747070312,0.014873594045639038,243.60174560546875,1093.71826171875,0.04414290189743042,384.3426818847656,994.8196411132812,0.5669282078742981,382.3948974609375,1029.6571044921875,0.07684442400932312,382.3042297363281,1015.71484375,0.7207862138748169,454.44451904296875,1014.3076171875,0.054668694734573364,443.87353515625,1008.8878784179688,0.9226009845733643,472.33538818359375,1044.593017578125,0.2296895682811737,440.6265563964844,1034.4642333984375,0.7743662595748901,502.500732421875,1029.6744384765625,0.9796212911605835,629.796875,1038.7857666015625,0.12081262469291687
855,350.4259948730469,1016.5114135742188,0.977827787399292,330.9913635253906,1000.6369018554688,0.9171501398086548,346.8793640136719,1025.416748046875,0.2931992709636688,356.0558776855469,1022.5016479492188,0.4008887708187103,374.6602783203125,995.8049926757812,0.015311181545257568,243.52877807617188,1093.5625,0.04402986168861389,384.37689208984375,994.7030029296875,0.5800349712371826,382.3990783691406,1029.6717529296875,0.07428228855133057,382.23504638671875,1015.7831420898438,0.718111515045166,454.4728088378906,1014.18701171875,0.05440568923950195,443.8355407714844,1008.7451782226562,0.9265211820602417,472.32403564453125,1044.623779296875,0.22467273473739624,440.8483581542969,1034.7236328125,0.767878532409668,502.62738037109375,1029.7572021484375,0.98016357421875,629.78076171875,1038.869140625,0.1465466320514679
856,350.5490417480469,1017.383544921875,0.9699314832687378,330.7652893066406,1001.5515747070312,0.9286270141601562,347.26910400390625,1025.7109375,0.18849176168441772,356.7927551269531,1023.0713500976562,0.3091376721858978,374.60986328125,995.9241943359375,0.017030715942382812,236.31643676757812,1095.3232421875,0.03600853681564331,384.592529296875,995.1101684570312,0.6208773255348206,382.6743469238281,1029.663818359375,0.06973797082901001,382.1058349609375,1015.8909912109375,0.7085539698600769,454.40594482421875,1014.2456665039062,0.048933595418930054,443.9393310546875,1008.7733154296875,0.9293292760848999,471.9852294921875,1044.779296875,0.26231849193573,440.9407653808594,1035.253662109375,0.7433630228042603,502.4818420410156,1029.84521484375,0.9781922101974487,630.276123046875,1039.0445556640625,0.1487196683883667
857,350.5997009277344,1017.5218505859375,0.9697653651237488,331.0411682128906,1001.4461059570312,0.9292550683021545,347.1418151855469,1025.6943359375,0.17173796892166138,356.53289794921875,1023.1743774414062,0.3153451681137085,391.85296630859375,996.6856079101562,0.01569730043411255,235.60179138183594,1095.3924560546875,0.031037241220474243,384.5176086425781,995.15625,0.6335748434066772,382.9998779296875,1029.64013671875,0.06555208563804626,382.1200256347656,1015.7951049804688,0.7051954865455627,454.24700927734375,1014.4229736328125,0.046607643365859985,443.7759704589844,1008.8515625,0.9295786619186401,472.36285400390625,1044.494384765625,0.22180578112602234,440.9717712402344,1035.539306640625,0.7304375171661377,502.8013916015625,1029.855712890625,0.979354739189148,630.2704467773438,1039.167236328125,0.1684865951538086
858,350.022216796875,1017.3308715820312,0.9737715125083923,331.1579895019531,1001.4928588867188,0.9311020374298096,346.3167724609375,1025.3240966796875,0.18794941902160645,355.8592224121094,1023.2705688476562,0.43388137221336365,374.10406494140625,996.5765991210938,0.013934344053268433,236.5400848388672,1088.7489013671875,0.04583194851875305,383.7355651855469,995.6996459960938,0.6560893058776855,382.67169189453125,1030.2137451171875,0.04334929585456848,382.30682373046875,1016.5828857421875,0.7411870360374451,454.43548583984375,1015.5896606445312,0.03525221347808838,443.35089111328125,1010.15966796875,0.9246419668197632,473.1908264160156,1044.853515625,0.21624597907066345,441.7931213378906,1035.634033203125,0.7409527897834778,502.5697021484375,1029.7806396484375,0.980414867401123,629.796630859375,1039.3465576171875,0.1023179292678833
859,349.9180908203125,1017.3777465820312,0.975766658782959,329.15966796875,1001.2005004882812,0.9368123412132263,345.9466552734375,1025.509521484375,0.1964876651763916,355.67242431640625,1023.3992919921875,0.4524948298931122,373.90435791015625,996.6880493164062,0.014318972826004028,236.49600219726562,1088.9884033203125,0.050514549016952515,383.7578430175781,995.8011474609375,0.6363835334777832,382.7261047363281,1030.1259765625,0.046225011348724365,382.293701171875,1016.5866088867188,0.7372459769248962,454.47967529296875,1015.3060913085938,0.03342297673225403,443.21026611328125,1009.9466552734375,0.9217555522918701,472.93182373046875,1044.6923828125,0.21217480301856995,442.0301208496094,1035.4610595703125,0.7212002873420715,502.58111572265625,1029.7523193359375,0.9813363552093506,629.7218017578125,1039.3802490234375,0.09528413414955139
860,349.5251770019531,1018.2968139648438,0.9805752038955688,328.5545654296875,1001.9857177734375,0.9513669013977051,344.59716796875,1025.9063720703125,0.23654097318649292,355.36944580078125,1024.1414794921875,0.5127600431442261,373.1731262207031,997.4375610351562,0.012827694416046143,242.14529418945312,1092.857666015625,0.04151242971420288,383.2100830078125,996.2643432617188,0.6464483141899109,383.5138854980469,1030.849365234375,0.0472734272480011,381.2431640625,1014.2244262695312,0.7679629325866699,454.35723876953125,1015.1402587890625,0.033155351877212524,443.4239501953125,1009.6724853515625,0.9185900092124939,473.341552734375,1044.336181640625,0.20251184701919556,442.2929992675781,1035.8392333984375,0.6988740563392639,502.7735290527344,1029.6492919921875,0.9811288118362427,850.0248413085938,568.6363525390625,0.08803921937942505
861,349.49468994140625,1018.2985229492188,0.9792136549949646,328.58013916015625,1002.03466796875,0.9500538110733032,344.7532653808594,1025.906982421875,0.23633310198783875,355.4820556640625,1024.1002197265625,0.49264952540397644,373.2476501464844,997.4835815429688,0.013942748308181763,242.04351806640625,1092.9967041015625,0.040082305669784546,383.3185729980469,996.3060302734375,0.6594890356063843,383.63916015625,1030.9569091796875,0.0475042462348938,382.01361083984375,1017.4070434570312,0.7649399042129517,454.27215576171875,1014.9986572265625,0.033915191888809204,443.56439208984375,1009.5399169921875,0.9151463508605957,473.28814697265625,1044.4561767578125,0.1886501908302307,442.2485046386719,1035.8988037109375,0.6993588209152222,502.8385009765625,1029.6422119140625,0.9803913235664368,849.94189453125,568.3993530273438,0.09041497111320496
862,349.6943664550781,1018.32666015625,0.9775543808937073,330.7857666015625,1002.7667846679688,0.9534045457839966,345.1911315917969,1025.7545166015625,0.24375540018081665,356.1978759765625,1024.313232421875,0.43390971422195435,369.92144775390625,994.5294189453125,0.011360704898834229,241.83544921875,1093.746337890625,0.03321245312690735,383.7327880859375,996.2649536132812,0.6589108109474182,384.0681457519531,1030.89599609375,0.04697689414024353,382.530029296875,1017.4293823242188,0.7684345245361328,454.5499267578125,1014.5330200195312,0.03851318359375,443.7121276855469,1009.2312622070312,0.9184557199478149,443.8226623535156,1044.0496826171875,0.20681917667388916,441.26788330078125,1034.822998046875,0.7436603307723999,502.84735107421875,1029.681396484375,0.9783300161361694,850.01416015625,569.2545776367188,0.14327272772789001
863,349.72760009765625,1018.3267211914062,0.9783203601837158,330.8199157714844,1002.7340087890625,0.9522279500961304,345.2786865234375,1025.8123779296875,0.24073350429534912,356.1781005859375,1024.38427734375,0.43087711930274963,373.33294677734375,997.4022827148438,0.012175917625427246,241.66314697265625,1094.1236572265625,0.03234297037124634,383.787841796875,996.1818237304688,0.6560071706771851,383.8621826171875,1031.3692626953125,0.04612147808074951,382.5249938964844,1017.541748046875,0.7628837823867798,454.1913757324219,1014.4471435546875,0.03450274467468262,443.18310546875,1009.2822875976562,0.9160275459289551,443.79205322265625,1044.149658203125,0.21676033735275269,440.9289855957031,1034.6939697265625,0.7420684099197388,503.26910400390625,1029.927978515625,0.9784692525863647,849.8992309570312,569.347900390625,0.1285088062286377
864,350.06268310546875,1018.53564453125,0.9838488698005676,331.2730712890625,1003.0825805664062,0.9602760076522827,345.9145812988281,1025.8349609375,0.19443291425704956,355.92803955078125,1024.716552734375,0.4180392622947693,370.4527282714844,994.558837890625,0.0118180513381958,241.82569885253906,1093.153076171875,0.02814611792564392,384.3318786621094,996.3724365234375,0.6765220165252686,378.57452392578125,1035.4930419921875,0.06312155723571777,383.0154113769531,1018.43408203125,0.7603586912155151,453.97479248046875,1014.1181640625,0.032636016607284546,443.8211364746094,1009.2628784179688,0.9257428646087646,471.92913818359375,1045.7352294921875,0.20217695832252502,441.17254638671875,1035.578857421875,0.7533623576164246,503.1966247558594,1030.372314453125,0.9774806499481201,850.4505004882812,569.3380737304688,0.16037458181381226
865,350.13409423828125,1018.3171997070312,0.9853735566139221,331.0119934082031,1002.7708740234375,0.9625353813171387,345.9515075683594,1025.9503173828125,0.20735928416252136,356.1314697265625,1024.716552734375,0.4118303656578064,370.64447021484375,994.5249633789062,0.011929214000701904,241.50144958496094,1093.0921630859375,0.02697470784187317,384.670654296875,996.4235229492188,0.6672807931900024,378.67578125,1035.5565185546875,0.06015053391456604,383.2142639160156,1018.5189208984375,0.7570260167121887,454.10906982421875,1014.2738037109375,0.030236095190048218,444.307861328125,1009.0633544921875,0.9258387088775635,472.6746520996094,1045.7257080078125,0.27308493852615356,440.8812561035156,1035.568603515625,0.7330565452575684,503.1648864746094,1030.6934814453125,0.9762057662010193,850.4291381835938,569.392578125,0.1268799602985382
866,349.16058349609375,1017.7484130859375,0.9864704608917236,331.04876708984375,1000.990234375,0.969740092754364,346.00177001953125,1025.519287109375,0.1504884660243988,355.1107482910156,1024.6055908203125,0.492351770401001,370.2445373535156,994.9442749023438,0.007798612117767334,240.89874267578125,1092.879150390625,0.021621733903884888,384.3470764160156,996.2872314453125,0.63007652759552,390.9928894042969,1032.219482421875,0.06244391202926636,383.1503601074219,1018.1971435546875,0.7500929832458496,453.6280212402344,1013.5903930664062,0.03434497117996216,443.981201171875,1008.6720581054688,0.929394006729126,443.2188415527344,1044.6748046875,0.24967172741889954,440.05108642578125,1034.655517578125,0.7116378545761108,504.2904357910156,1030.7349853515625,0.9778815507888794,850.4120483398438,569.5957641601562,0.13289162516593933
867,348.9999694824219,1017.67626953125,0.9853917360305786,331.14349365234375,1000.8436279296875,0.9675591588020325,345.72711181640625,1025.4913330078125,0.15233784914016724,355.0105285644531,1024.5849609375,0.5115237236022949,370.29541015625,994.9732666015625,0.007612466812133789,240.97750854492188,1092.5595703125,0.020988821983337402,384.37603759765625,996.2167358398438,0.6207795143127441,390.903564453125,1032.3143310546875,0.06226477026939392,382.1165771484375,1015.0485229492188,0.7586162090301514,453.6840515136719,1013.6290893554688,0.03411802649497986,443.9989013671875,1008.6905517578125,0.9310301542282104,443.3477478027344,1044.713623046875,0.2440621554851532,440.03094482421875,1034.742431640625,0.7133516073226929,504.3388977050781,1030.7666015625,0.978117048740387,850.3946533203125,569.461181640625,0.12268680334091187
868,349.0181579589844,1016.5098876953125,0.9703226089477539,332.7344970703125,999.4282836914062,0.9145893454551697,346.58148193359375,1024.3824462890625,0.1212005615234375,354.9252624511719,1023.1341552734375,0.4019118547439575,361.3988952636719,991.9113159179688,0.010036081075668335,241.0497589111328,1093.309326171875,0.019288480281829834,383.9414978027344,996.0340576171875,0.5272961854934692,390.30352783203125,1030.808837890625,0.0927363932132721,381.1831359863281,1017.9210205078125,0.7752613425254822,453.8072204589844,1013.152587890625,0.05416378378868103,444.26690673828125,1007.781494140625,0.9343710541725159,444.188232421875,1044.8701171875,0.24627196788787842,440.3756408691406,1034.440185546875,0.6897491216659546,504.2807312011719,1031.4566650390625,0.9782834053039551,850.587890625,569.84033203125,0.13277781009674072
869,349.1280212402344,1016.5551147460938,0.9697580337524414,332.62152099609375,999.2962646484375,0.918289303779602,346.5606384277344,1024.447021484375,0.12181401252746582,355.2025451660156,1023.0162353515625,0.4036577343940735,361.2868957519531,991.873046875,0.00811779499053955,241.12974548339844,1093.5142822265625,0.02098900079727173,383.8319091796875,995.8125,0.5162556171417236,390.2283020019531,1030.6448974609375,0.10236239433288574,382.2491760253906,1015.01025390625,0.7581143379211426,454.1977844238281,1013.0881958007812,0.054045915603637695,444.29449462890625,1007.668701171875,0.9362341165542603,444.4366149902344,1044.5987548828125,0.23502874374389648,440.6905212402344,1034.638916015625,0.6742144227027893,504.0829772949219,1031.35107421875,0.9781829118728638,850.6290893554688,569.914306640625,0.1292390525341034
870,348.9317626953125,1015.1128540039062,0.9846423268318176,331.8040466308594,998.7442626953125,0.9417880773544312,345.1676330566406,1024.392578125,0.15684464573860168,354.8056945800781,1022.601318359375,0.5910118818283081,376.54229736328125,993.4088134765625,0.007267475128173828,241.11508178710938,1092.9378662109375,0.018611013889312744,383.8924255371094,995.8817749023438,0.6314216256141663,384.59161376953125,1031.0753173828125,0.07399448752403259,380.9273681640625,1018.6913452148438,0.801418662071228,454.57061767578125,1013.609130859375,0.04303792119026184,445.4585876464844,1007.896240234375,0.9408063888549805,478.3734436035156,1043.9923095703125,0.21564054489135742,440.658935546875,1034.998291015625,0.6763229370117188,504.30535888671875,1031.492919921875,0.9765524864196777,850.7576293945312,569.9984741210938,0.1469803750514984
871,349.0137634277344,1015.0094604492188,0.9846228361129761,331.8517150878906,998.767333984375,0.9389055371284485,345.1316223144531,1024.3697509765625,0.1496906280517578,354.88153076171875,1022.4590454101562,0.5960409641265869,376.5757141113281,993.2462768554688,0.008523255586624146,241.17686462402344,1092.847900390625,0.021182656288146973,383.8162841796875,995.9410400390625,0.6397283673286438,384.5982971191406,1030.8529052734375,0.06555914878845215,380.8291320800781,1018.6544799804688,0.8056457042694092,454.854736328125,1013.9135131835938,0.041000306606292725,445.7934265136719,1008.0209350585938,0.9380437135696411,478.3307800292969,1044.2169189453125,0.23257499933242798,441.0166931152344,1034.8419189453125,0.6942977905273438,504.5526123046875,1031.618408203125,0.9768224954605103,850.7965087890625,570.0947265625,0.16845569014549255
872,348.3830261230469,1014.4566650390625,0.9847295880317688,332.0121765136719,997.4639282226562,0.954025149345398,349.94940185546875,1021.4654541015625,0.12156108021736145,353.4900207519531,1022.1837158203125,0.6773078441619873,362.9379577636719,986.4234619140625,0.005511254072189331,241.6016387939453,1092.8680419921875,0.02294173836708069,383.8776550292969,995.8046264648438,0.6146959066390991,384.27630615234375,1031.2523193359375,0.055443137884140015,380.4236145019531,1019.580078125,0.7534458637237549,461.3333435058594,1016.4689331054688,0.04193684458732605,446.15802001953125,1007.9691772460938,0.93719482421875,478.4697265625,1044.0025634765625,0.3237431049346924,441.76458740234375,1034.789306640625,0.6918615102767944,504.2152099609375,1031.446044921875,0.9738060832023621,851.0559692382812,569.6541748046875,0.2524077296257019
873,348.3003845214844,1014.2722778320312,0.9844009876251221,331.8810729980469,997.4221801757812,0.9501780867576599,346.5065002441406,1022.3929443359375,0.12581652402877808,353.4917907714844,1022.065185546875,0.672715961933136,392.81036376953125,996.8906860351562,0.005266308784484863,241.6273651123047,1092.796142578125,0.024176180362701416,383.79290771484375,995.641357421875,0.5553345680236816,384.0531005859375,1031.4393310546875,0.05897572636604309,380.01116943359375,1019.5075073242188,0.7612775564193726,455.2049560546875,1013.3253173828125,0.04357713460922241,446.03790283203125,1007.7819213867188,0.9316809177398682,478.6226501464844,1043.9112548828125,0.3473703861236572,441.5675354003906,1034.5252685546875,0.6948874592781067,504.20721435546875,1031.4066162109375,0.9718785881996155,851.0067138671875,569.6968383789062,0.25950437784194946
874,348.6756896972656,1013.7203979492188,0.9795799255371094,333.5166931152344,996.6234130859375,0.9480233192443848,346.2296142578125,1022.1757202148438,0.0997372567653656,353.1310119628906,1021.9307250976562,0.4277048408985138,376.5008544921875,992.96826171875,0.006097376346588135,242.14772033691406,1093.39990234375,0.02089637517929077,384.4352111816406,995.4014282226562,0.4828577935695648,376.0495910644531,1031.2012939453125,0.052953511476516724,380.61370849609375,1018.764892578125,0.7852352857589722,455.6866149902344,1013.6963500976562,0.04639497399330139,445.51348876953125,1008.2553100585938,0.9229103922843933,479.0079650878906,1043.933837890625,0.3290480971336365,442.4073486328125,1035.1329345703125,0.7286425232887268,504.74560546875,1031.265869140625,0.9758956432342529,850.429443359375,570.3778686523438,0.36705276370048523
875,348.60107421875,1013.6683349609375,0.9814640283584595,333.55694580078125,996.77734375,0.9470945596694946,346.375732421875,1021.6804809570312,0.11543998122215271,353.2733154296875,1021.5883178710938,0.5228368639945984,376.39849853515625,993.1009521484375,0.006613999605178833,242.32217407226562,1093.2125244140625,0.024670720100402832,384.4675598144531,995.3926391601562,0.4900595247745514,376.46881103515625,1031.64501953125,0.05893987417221069,380.6834411621094,1018.837646484375,0.7987961769104004,455.4602966308594,1013.6702880859375,0.048520684242248535,445.76422119140625,1008.1683349609375,0.9255914688110352,479.1566467285156,1044.0887451171875,0.32290565967559814,442.1639404296875,1035.3045654296875,0.7284045219421387,504.7895202636719,1031.42578125,0.9759952425956726,850.49560546875,570.1259765625,0.3219556212425232
876,348.0293884277344,1013.765869140625,0.9747194051742554,335.1163635253906,995.270751953125,0.9310413599014282,346.4986572265625,1020.6079711914062,0.11656138300895691,351.03900146484375,1021.3745727539062,0.4630439281463623,376.9567565917969,992.730224609375,0.007490396499633789,242.28692626953125,1093.202880859375,0.020561009645462036,384.51708984375,995.5767211914062,0.40015071630477905,376.774658203125,1031.19580078125,0.05643194913864136,380.64923095703125,1020.08154296875,0.8018255829811096,455.1695556640625,1014.3866577148438,0.045946091413497925,445.7142639160156,1008.8836669921875,0.9256360530853271,479.060791015625,1044.16357421875,0.26702991127967834,441.77008056640625,1035.672119140625,0.7645890712738037,505.1866455078125,1031.5474853515625,0.9777276515960693,850.705322265625,570.3800048828125,0.38107770681381226
877,347.9676818847656,1013.7557983398438,0.9743351936340332,334.9571533203125,995.3504028320312,0.929484486579895,346.6990966796875,1020.607421875,0.11577832698822021,351.0408630371094,1021.3934936523438,0.46308913826942444,376.7768859863281,992.6703491210938,0.005761146545410156,242.28004455566406,1093.353271484375,0.01679268479347229,384.3533020019531,995.3684692382812,0.3805343508720398,379.7285461425781,1029.921142578125,0.05528208613395691,380.6199951171875,1019.8717651367188,0.8140485882759094,455.5507507324219,1014.2149658203125,0.05387505888938904,445.8567199707031,1008.5894775390625,0.92548668384552,478.87640380859375,1044.0191650390625,0.32195332646369934,442.1924743652344,1035.9091796875,0.7643578052520752,505.1043395996094,1031.7696533203125,0.973931074142456,850.6427612304688,570.4894409179688,0.3813817501068115
878,347.6187744140625,1011.983154296875,0.9583239555358887,333.39501953125,995.0687866210938,0.9229828119277954,338.74359130859375,1019.8499145507812,0.10261011123657227,349.85784912109375,1019.8076782226562,0.283776193857193,393.7409362792969,986.0152587890625,0.007150024175643921,544.7942504882812,464.6903991699219,0.015113860368728638,383.83685302734375,994.9241333007812,0.33627432584762573,381.1793518066406,1029.2342529296875,0.05740663409233093,380.75482177734375,1019.9392700195312,0.8693032264709473,454.80340576171875,1014.9051513671875,0.04254835844039917,445.2642517089844,1009.0339965820312,0.9145066738128662,473.50665283203125,1045.3995361328125,0.2977463901042938,441.73907470703125,1035.9510498046875,0.7445728778839111,504.93017578125,1032.1268310546875,0.97139573097229,850.5773315429688,570.45556640625,0.340707391500473
879,347.7066650390625,1011.996826171875,0.9569159746170044,333.36981201171875,995.2181396484375,0.918662965297699,338.86181640625,1019.794189453125,0.09940850734710693,349.87554931640625,1019.8060913085938,0.2761155068874359,393.8756103515625,986.0226440429688,0.006842374801635742,236.07647705078125,1094.2596435546875,0.015458077192306519,383.923828125,994.9327392578125,0.3251761198043823,384.3008728027344,1030.5323486328125,0.055926620960235596,380.7640380859375,1020.01904296875,0.8702936172485352,454.7631530761719,1014.951171875,0.04357221722602844,445.22613525390625,1009.0689086914062,0.9144840240478516,473.4394836425781,1045.359619140625,0.3042147755622864,441.7068786621094,1035.9639892578125,0.743596076965332,505.0423583984375,1032.100830078125,0.9725222587585449,850.5897216796875,570.4922485351562,0.3648516535758972
880,347.5821838378906,1009.7695922851562,0.9249249696731567,331.2402038574219,995.0015258789062,0.8702316880226135,344.9698486328125,1017.0070190429688,0.07839837670326233,350.0212097167969,1018.2869873046875,0.18907877802848816,393.2221984863281,986.7265014648438,0.010893970727920532,544.7971801757812,464.724609375,0.015143930912017822,385.66717529296875,993.0117797851562,0.3556300401687622,384.9307861328125,1029.447998046875,0.03756067156791687,381.1114807128906,1019.2310180664062,0.8859622478485107,454.5356750488281,1015.0900268554688,0.036548912525177,443.31146240234375,1007.8029174804688,0.92256760597229,477.5518798828125,1044.8309326171875,0.3890242874622345,441.3319396972656,1036.050537109375,0.7337919473648071,504.6532897949219,1032.4373779296875,0.9678359031677246,634.7799072265625,1041.4124755859375,0.3988834619522095
881,347.5694274902344,1009.6182861328125,0.9277433156967163,331.4580993652344,995.0103759765625,0.880570113658905,344.942138671875,1016.9821166992188,0.08494466543197632,349.87890625,1018.13427734375,0.18840241432189941,393.2020263671875,986.723876953125,0.010659992694854736,544.7894287109375,464.7325439453125,0.015152782201766968,385.6883239746094,993.1211547851562,0.36594146490097046,375.6539611816406,1027.1739501953125,0.03323465585708618,381.0717468261719,1019.4005126953125,0.8899117708206177,454.4786376953125,1015.0960693359375,0.03978371620178223,443.3303527832031,1007.77587890625,0.9255512952804565,477.46124267578125,1044.919921875,0.3736744523048401,441.2913818359375,1036.2716064453125,0.7329816818237305,504.6773986816406,1032.47607421875,0.9668824672698975,850.9014282226562,570.0462646484375,0.4398871660232544
882,347.5841064453125,1009.3128051757812,0.9584023952484131,333.9476013183594,993.182861328125,0.8883835673332214,339.066162109375,1017.2468872070312,0.10072758793830872,350.171630859375,1017.7730102539062,0.357815146446228,363.8809509277344,986.4276123046875,0.014751702547073364,544.7809448242188,464.734619140625,0.01514461636543274,384.8307800292969,996.2066650390625,0.43506136536598206,375.63427734375,1027.8255615234375,0.035815268754959106,381.150634765625,1020.6222534179688,0.9014047384262085,453.8959045410156,1015.8427734375,0.038055419921875,443.0544738769531,1008.08642578125,0.9327273368835449,477.80572509765625,1045.3546142578125,0.3480556011199951,441.18701171875,1036.8602294921875,0.7112489938735962,504.65576171875,1032.466552734375,0.9672278165817261,851.0250244140625,569.907958984375,0.4799535274505615
883,347.701171875,1009.38232421875,0.9658750891685486,333.8006286621094,993.2001342773438,0.8993538618087769,339.22930908203125,1017.44189453125,0.12268111109733582,350.4756164550781,1018.1075439453125,0.4273669123649597,363.76177978515625,986.368408203125,0.01263454556465149,544.8067626953125,464.74609375,0.015180647373199463,384.7289123535156,996.21923828125,0.4113408327102661,381.17828369140625,1028.3699951171875,0.0424269437789917,381.21038818359375,1020.781005859375,0.8902496099472046,453.99517822265625,1015.8408203125,0.03676602244377136,443.25311279296875,1007.9013671875,0.9302266836166382,477.69415283203125,1045.4012451171875,0.3658146262168884,441.1565856933594,1036.838623046875,0.7050409913063049,504.6451416015625,1032.5650634765625,0.9670813083648682,851.346435546875,570.2297973632812,0.4902426600456238
884,347.0559387207031,1009.4024047851562,0.9707814455032349,333.676025390625,993.3408203125,0.9116447567939758,339.5443420410156,1018.004150390625,0.1376948058605194,350.63037109375,1018.3877563476562,0.4665991961956024,363.7830810546875,986.786865234375,0.008960038423538208,544.8151245117188,464.74176025390625,0.015184402465820312,384.9112854003906,996.1373291015625,0.3885730504989624,380.1253356933594,1027.804443359375,0.04519495368003845,381.10479736328125,1020.7035522460938,0.8993675708770752,453.8159484863281,1015.992919921875,0.048268795013427734,442.8507385253906,1007.5723266601562,0.9342449903488159,477.9466552734375,1045.53662109375,0.3625977039337158,441.0748596191406,1036.921875,0.7392410039901733,504.5311279296875,1032.5272216796875,0.9659128189086914,851.34375,570.3798217773438,0.4969189465045929
885,347.02386474609375,1009.410888671875,0.9707924127578735,331.52288818359375,994.01025390625,0.9127371311187744,339.5248718261719,1018.0384521484375,0.13754412531852722,350.6282958984375,1018.4019165039062,0.47029271721839905,363.6994934082031,986.7399291992188,0.008693873882293701,544.8382568359375,464.7470703125,0.015222042798995972,384.9209899902344,996.2052001953125,0.3896409273147583,380.0712890625,1027.837890625,0.04551619291305542,381.1029357910156,1020.7542724609375,0.8987013101577759,453.7958984375,1016.049072265625,0.04686206579208374,442.7015075683594,1007.538818359375,0.932032585144043,477.9324035644531,1045.567626953125,0.3563166856765747,441.12982177734375,1037.0089111328125,0.7367171049118042,504.5590515136719,1032.5050048828125,0.9665470123291016,851.2354125976562,570.3790893554688,0.5036783218383789
886,347.5511169433594,1009.5252685546875,0.9683247804641724,333.50885009765625,993.3812866210938,0.9113748073577881,339.6998291015625,1018.3494262695312,0.10011199116706848,350.8394470214844,1018.448486328125,0.31988000869750977,363.6439514160156,986.414794921875,0.014711618423461914,544.8779296875,464.8695068359375,0.01536405086517334,384.78875732421875,996.2620849609375,0.4082859456539154,380.5308837890625,1026.81689453125,0.04315626621246338,380.2608947753906,1019.8956909179688,0.891578197479248,453.5922546386719,1016.3230590820312,0.04755681753158569,442.2127685546875,1008.1626586914062,0.9251257181167603,478.37237548828125,1045.2369384765625,0.33090314269065857,440.71368408203125,1036.413330078125,0.7302532196044922,504.610595703125,1032.8253173828125,0.9667043685913086,851.5531005859375,570.5094604492188,0.5548890233039856
887,347.5396423339844,1009.5101928710938,0.9683806896209717,333.5103454589844,993.3388671875,0.9159427881240845,339.6690673828125,1018.3839111328125,0.09933820366859436,350.7881164550781,1018.4822998046875,0.3017374575138092,363.7028503417969,986.4207763671875,0.015529930591583252,544.9111938476562,464.88067626953125,0.015369534492492676,384.90338134765625,996.3536376953125,0.412225604057312,380.32794189453125,1026.9022216796875,0.041769713163375854,380.1636047363281,1020.0316772460938,0.8865493535995483,453.5579528808594,1016.1342163085938,0.047617584466934204,441.94317626953125,1007.9807739257812,0.9279024600982666,478.36456298828125,1045.0577392578125,0.2789041996002197,441.1011047363281,1036.1224365234375,0.72015780210495,504.41912841796875,1032.7177734375,0.96613609790802,851.5805053710938,570.6068115234375,0.5848426818847656
888,346.788818359375,1010.021240234375,0.9713900089263916,331.60577392578125,994.6498413085938,0.9278361201286316,340.57470703125,1019.205322265625,0.11510536074638367,350.52960205078125,1018.7471313476562,0.37818455696105957,376.552490234375,994.3964233398438,0.012687772512435913,544.9235229492188,464.864990234375,0.015445888042449951,385.3554992675781,997.255615234375,0.4976861774921417,375.23468017578125,1026.719482421875,0.05331882834434509,380.2599792480469,1020.5274047851562,0.8631248474121094,453.14605712890625,1017.0853271484375,0.03704443573951721,442.66094970703125,1008.8009643554688,0.938748836517334,487.98291015625,1043.6807861328125,0.387397438287735,441.1558532714844,1037.6666259765625,0.5945946574211121,504.17572021484375,1032.9464111328125,0.9555574655532837,851.723876953125,570.7008056640625,0.6019042730331421
889,346.6853332519531,1009.8792114257812,0.9653290510177612,331.418701171875,994.7056884765625,0.9294712543487549,340.59027099609375,1019.0880126953125,0.10605373978614807,350.37249755859375,1018.6397705078125,0.33410272002220154,369.56317138671875,993.431884765625,0.013316452503204346,544.9552001953125,464.8829345703125,0.015402376651763916,385.15618896484375,997.4707641601562,0.49554744362831116,375.4029846191406,1026.4425048828125,0.05627232789993286,379.8769226074219,1020.0368041992188,0.8833191394805908,453.16461181640625,1016.9741821289062,0.03642672300338745,443.1087951660156,1008.59765625,0.937014102935791,487.8731689453125,1043.679443359375,0.3980187475681305,440.9038391113281,1037.46923828125,0.5979185104370117,504.0865783691406,1032.987548828125,0.9532431364059448,851.7135009765625,570.9657592773438,0.592705488204956
890,346.77276611328125,1010.87841796875,0.9683634638786316,332.4425048828125,995.4252319335938,0.9282893538475037,340.89154052734375,1020.2224731445312,0.1622163951396942,350.7818603515625,1019.3838500976562,0.4779221713542938,363.9068298339844,987.0252685546875,0.014412373304367065,545.03759765625,464.8836364746094,0.015439808368682861,384.69427490234375,997.6651611328125,0.5659283399581909,374.7188415527344,1026.571044921875,0.052782267332077026,380.0065612792969,1020.6729125976562,0.8350847959518433,453.2243957519531,1017.1061401367188,0.03605714440345764,442.9788818359375,1008.7064819335938,0.9369852542877197,487.5606689453125,1043.7626953125,0.38449305295944214,437.4454040527344,1038.6441650390625,0.6101858019828796,504.1109619140625,1033.0535888671875,0.9494409561157227,851.4623413085938,571.2499389648438,0.5677350163459778
891,346.7535705566406,1010.8707275390625,0.9680991172790527,332.2603759765625,995.455078125,0.9309470653533936,340.9943542480469,1020.2430419921875,0.1657596230506897,350.7803955078125,1019.3858032226562,0.4770694971084595,363.8880615234375,986.8810424804688,0.01398235559463501,545.0633544921875,464.883056640625,0.01543375849723816,384.6141052246094,997.5731201171875,0.5638225078582764,374.64019775390625,1026.5234375,0.05316746234893799,379.9068908691406,1020.6300048828125,0.8297268152236938,453.3027038574219,1017.1890258789062,0.03713536262512207,442.9360656738281,1008.6978149414062,0.936603307723999,487.54583740234375,1043.782958984375,0.3771611750125885,437.4954528808594,1038.607421875,0.6192415952682495,504.09222412109375,1033.0445556640625,0.9490946531295776,851.2674560546875,571.4182739257812,0.5466299653053284
892,347.4634094238281,1011.568359375,0.9648092985153198,332.96978759765625,996.474365234375,0.9151167869567871,340.4061279296875,1021.7199096679688,0.20979833602905273,351.557861328125,1020.0342407226562,0.42921870946884155,363.7033996582031,987.2320556640625,0.02034345269203186,545.0152587890625,464.868408203125,0.015441328287124634,384.197509765625,997.5880126953125,0.5268776416778564,373.85089111328125,1026.0968017578125,0.04275423288345337,379.27197265625,1018.8687744140625,0.8029623627662659,453.3777770996094,1017.2791137695312,0.03175517916679382,442.1900634765625,1009.1932373046875,0.9285562038421631,487.3585205078125,1043.625732421875,0.37883931398391724,437.4958190917969,1037.861083984375,0.6979215145111084,504.0388488769531,1033.197509765625,0.9464284777641296,851.5825805664062,571.86279296875,0.5367377400398254
893,347.4454650878906,1011.5319213867188,0.965303897857666,332.95721435546875,996.43994140625,0.9074586629867554,340.36456298828125,1021.7158203125,0.20897436141967773,351.5440979003906,1019.9849243164062,0.42447206377983093,363.5808410644531,987.2619018554688,0.019383162260055542,545.082275390625,464.8562927246094,0.015484482049942017,384.3023986816406,997.7238159179688,0.5176072716712952,374.00048828125,1026.0262451171875,0.03944307565689087,379.60626220703125,1018.6160888671875,0.8088966012001038,459.8819885253906,1019.0732421875,0.03757995367050171,442.0685119628906,1009.0724487304688,0.9252681732177734,487.1265563964844,1043.5242919921875,0.3733574151992798,437.8406982421875,1037.2392578125,0.7268533110618591,503.8660583496094,1032.9305419921875,0.9475518465042114,851.0897827148438,571.6822509765625,0.4997802972793579
894,347.17742919921875,1013.431884765625,0.9764653444290161,333.7054443359375,996.522216796875,0.9410539865493774,340.18646240234375,1022.6029663085938,0.26590949296951294,351.203125,1021.4681396484375,0.527077853679657,369.81304931640625,994.2530517578125,0.015805929899215698,242.36351013183594,1093.8951416015625,0.0157335102558136,383.9012756347656,998.6234741210938,0.56769859790802,373.6112060546875,1026.928955078125,0.03828519582748413,382.4100341796875,1020.1162109375,0.7943178415298462,459.92901611328125,1019.4098510742188,0.03966262936592102,443.19775390625,1009.5161743164062,0.9330234527587891,488.1641540527344,1044.1162109375,0.3706338405609131,437.9827880859375,1037.8804931640625,0.6711438894271851,503.9078063964844,1033.2308349609375,0.9468287229537964,851.2188110351562,571.205078125,0.48234379291534424
895,347.2034912109375,1013.5578002929688,0.9782768487930298,333.71539306640625,996.5010375976562,0.9419059753417969,340.1991271972656,1022.7797241210938,0.26727592945098877,351.348876953125,1021.7876586914062,0.5404635667800903,369.9158630371094,994.4246826171875,0.014343053102493286,545.0814819335938,464.84088134765625,0.015438675880432129,383.92376708984375,998.6263427734375,0.5711873769760132,373.7637634277344,1026.713623046875,0.03785407543182373,381.6628112792969,1022.8594360351562,0.7998379468917847,459.777099609375,1019.465087890625,0.04194909334182739,443.1884765625,1009.6410522460938,0.9338993430137634,487.9888916015625,1043.8524169921875,0.33310773968696594,437.76397705078125,1039.53466796875,0.6687823534011841,503.7511901855469,1033.1737060546875,0.9467836022377014,850.8722534179688,571.6118774414062,0.4184354543685913
896,347.5960998535156,1013.793701171875,0.981888473033905,333.22613525390625,996.9642944335938,0.9332790374755859,339.5624084472656,1023.0089721679688,0.3063090443611145,351.8976745605469,1021.7786254882812,0.6423388123512268,369.9853515625,994.7532348632812,0.013499081134796143,242.37918090820312,1093.9254150390625,0.01653611660003662,383.5774841308594,998.7898559570312,0.5716841220855713,374.022216796875,1026.7926025390625,0.03546953201293945,379.2484436035156,1019.2655029296875,0.8212193250656128,453.42706298828125,1018.1957397460938,0.038734763860702515,442.98345947265625,1009.7963256835938,0.9318597912788391,488.1869201660156,1043.783447265625,0.3342663645744324,437.64935302734375,1039.4342041015625,0.6563538312911987,503.80126953125,1033.197509765625,0.9468101263046265,850.9210815429688,571.6148681640625,0.4009981155395508
897,347.6238708496094,1013.725830078125,0.9818662405014038,333.2753601074219,996.9449462890625,0.9319180250167847,339.510009765625,1022.965087890625,0.3062037229537964,351.8579406738281,1021.7581176757812,0.639215886592865,375.3674011230469,998.2901611328125,0.013760566711425781,242.36325073242188,1093.9666748046875,0.016604870557785034,383.5186767578125,998.7968139648438,0.5614639520645142,373.98529052734375,1026.8662109375,0.034896671772003174,379.0279541015625,1019.4253540039062,0.8319902420043945,453.34490966796875,1018.2328491210938,0.03887137770652771,442.97930908203125,1009.9053955078125,0.932572603225708,488.1446228027344,1043.6431884765625,0.3331529498100281,437.7478942871094,1039.472900390625,0.6700421571731567,503.76800537109375,1033.198974609375,0.9461018443107605,850.8912963867188,571.6178588867188,0.37355753779411316
898,349.02435302734375,1014.7236328125,0.9752793312072754,333.70538330078125,998.377197265625,0.8920454978942871,339.61444091796875,1022.8932495117188,0.17605069279670715,353.38995361328125,1022.3567504882812,0.4615667164325714,393.4513854980469,993.2835693359375,0.022417813539505005,545.16650390625,464.9714660644531,0.015372008085250854,386.2026672363281,1001.1619873046875,0.6828984022140503,368.9739685058594,1025.6199951171875,0.04217636585235596,379.2042236328125,1018.6492309570312,0.817245364189148,459.8674011230469,1019.9425659179688,0.05091249942779541,443.133544921875,1011.00927734375,0.9316807985305786,479.9464111328125,1046.4658203125,0.32228660583496094,438.25982666015625,1040.373779296875,0.7337337732315063,502.73309326171875,1032.558837890625,0.9370102882385254,850.5905151367188,572.3218994140625,0.34535372257232666
899,348.9975280761719,1014.740234375,0.9758083820343018,333.7395935058594,998.2937622070312,0.8921351432800293,339.791748046875,1022.927001953125,0.1687883734703064,353.4895324707031,1022.281494140625,0.45977985858917236,393.4021911621094,993.2996826171875,0.022756487131118774,545.2402954101562,464.92889404296875,0.015484124422073364,386.2347717285156,1001.2156982421875,0.6880476474761963,368.9208984375,1025.66748046875,0.040150344371795654,379.1498107910156,1018.7395629882812,0.8102020025253296,459.92071533203125,1019.9354248046875,0.04911068081855774,443.156005859375,1010.9552612304688,0.9317556619644165,480.06134033203125,1046.419921875,0.3211866021156311,438.1719970703125,1040.4273681640625,0.7421022057533264,502.8269348144531,1032.483154296875,0.9374871253967285,850.500732421875,572.761962890625,0.33588194847106934
900,348.5848693847656,1015.21533203125,0.9820151925086975,334.76824951171875,998.5584716796875,0.9066444039344788,339.2193908691406,1023.3656616210938,0.21784093976020813,352.6501770019531,1022.8395385742188,0.5982855558395386,370.452392578125,995.9874267578125,0.020161598920822144,246.2751922607422,1099.053466796875,0.01749950647354126,383.775146484375,1000.7999877929688,0.7255906462669373,368.4499206542969,1026.2645263671875,0.04482078552246094,382.0674133300781,1020.6878051757812,0.8111595511436462,461.01708984375,1020.09130859375,0.024408280849456787,444.62896728515625,1014.9990234375,0.9318416714668274,482.06378173828125,1046.590576171875,0.44334885478019714,438.12493896484375,1041.6688232421875,0.6857974529266357,502.6771545410156,1032.744140625,0.9380247592926025,850.8115234375,574.4080810546875,0.2997100353240967
901,348.5712585449219,1015.17333984375,0.9817712306976318,334.6668701171875,998.5166015625,0.9011335968971252,338.9847412109375,1023.4851684570312,0.22743284702301025,352.4804992675781,1022.9004516601562,0.5928783416748047,363.1802062988281,993.1973266601562,0.019914686679840088,545.3339233398438,464.8006896972656,0.015572518110275269,383.721923828125,1000.8987426757812,0.708253800868988,368.4441833496094,1026.400634765625,0.04396462440490723,382.013427734375,1020.7412109375,0.8162014484405518,461.22216796875,1019.9803466796875,0.02268102765083313,444.6785583496094,1015.1441650390625,0.9316997528076172,482.31719970703125,1046.6322021484375,0.49460652470588684,438.0777893066406,1041.685791015625,0.7080612182617188,502.5370178222656,1032.667236328125,0.9372422099113464,850.6278686523438,574.5344848632812,0.293653666973114
902,348.5615539550781,1015.1983032226562,0.9819120168685913,334.5551452636719,998.4932250976562,0.9055924415588379,338.94329833984375,1023.4309692382812,0.2285754680633545,352.4775390625,1022.9671630859375,0.6027219295501709,370.449462890625,996.0645141601562,0.020068317651748657,545.3229370117188,464.784912109375,0.015550285577774048,383.6059265136719,1000.9579467773438,0.723895788192749,368.294189453125,1026.2535400390625,0.04262396693229675,382.0262145996094,1020.7529296875,0.8212621212005615,461.1888122558594,1019.9762573242188,0.02415904402732849,444.6771240234375,1015.1155395507812,0.9325852394104004,482.2391052246094,1046.619873046875,0.46599942445755005,438.06646728515625,1041.6595458984375,0.6998326778411865,502.3828430175781,1032.584716796875,0.9338337779045105,850.5852661132812,574.6290283203125,0.2860373854637146
903,348.7352600097656,1015.2628173828125,0.9826569557189941,334.8748474121094,998.1639404296875,0.9048621654510498,339.0245666503906,1023.3335571289062,0.20579147338867188,352.6709899902344,1022.9932861328125,0.5656441450119019,376.8807067871094,996.2833251953125,0.020152121782302856,545.3267211914062,464.7793884277344,0.015553951263427734,383.5746765136719,1000.926025390625,0.7171854376792908,368.50164794921875,1026.3369140625,0.03922608494758606,382.2582702636719,1020.6115112304688,0.8249768614768982,461.1447448730469,1020.0288696289062,0.023868262767791748,444.5775451660156,1015.0775146484375,0.931930422782898,482.440185546875,1046.6397705078125,0.481841117143631,438.0959167480469,1041.5828857421875,0.7032694816589355,502.2717590332031,1032.6025390625,0.93306565284729,850.4794921875,574.7503051757812,0.27934467792510986
904,348.8700256347656,1015.419189453125,0.9803019762039185,334.93505859375,998.3455810546875,0.9017679691314697,338.9919738769531,1023.4609375,0.18688857555389404,352.75177001953125,1023.1421508789062,0.5259061455726624,376.7804260253906,996.2802124023438,0.01958051323890686,545.3341064453125,464.77288818359375,0.015554040670394897,383.6554260253906,1000.8353881835938,0.7184615731239319,368.4775085449219,1026.428466796875,0.03771209716796875,382.28741455078125,1020.68212890625,0.8270461559295654,460.992919921875,1019.9613037109375,0.021035611629486084,444.6915283203125,1015.128662109375,0.9409158229827881,482.5194396972656,1046.3428955078125,0.45018646121025085,438.0310363769531,1041.5277099609375,0.7044152021408081,502.455322265625,1032.821044921875,0.9402247667312622,850.7134399414062,574.9765625,0.27959364652633667
905,348.9425048828125,1015.6676635742188,0.980789065361023,335.15594482421875,998.4342041015625,0.893862247467041,339.15960693359375,1023.6484985351562,0.1915244162082672,352.83575439453125,1023.423095703125,0.5551776885986328,376.71484375,996.401611328125,0.024212509393692017,545.311767578125,464.7604064941406,0.01558840274810791,383.57171630859375,1000.8019409179688,0.7363676428794861,368.3060302734375,1026.5869140625,0.036230385303497314,382.3229064941406,1020.7407836914062,0.806164026260376,460.9794006347656,1019.8270874023438,0.017576634883880615,444.5308532714844,1015.2490234375,0.9406560063362122,482.2692565917969,1046.2310791015625,0.38874104619026184,437.798583984375,1041.58544921875,0.7002316117286682,502.62347412109375,1032.88232421875,0.9505041837692261,850.5748901367188,574.6756591796875,0.26427996158599854
906,348.8733215332031,1015.7163696289062,0.9814635515213013,335.10791015625,998.3812255859375,0.8987269401550293,339.15130615234375,1023.7283325195312,0.1877191960811615,352.7607421875,1023.482421875,0.5643851161003113,376.6981506347656,996.3696899414062,0.023550420999526978,545.33935546875,464.73858642578125,0.015607744455337524,383.560791015625,1000.7837524414062,0.7356210350990295,368.1869201660156,1026.587158203125,0.03505852818489075,382.3585510253906,1020.7047729492188,0.8042589426040649,461.108154296875,1019.629150390625,0.01697087287902832,444.64080810546875,1015.2989501953125,0.9436262845993042,482.3254089355469,1046.10791015625,0.34976279735565186,437.4927978515625,1041.6363525390625,0.6924918293952942,502.7825622558594,1032.957275390625,0.9502850770950317,849.6260986328125,573.3073120117188,0.28501448035240173
907,348.93524169921875,1015.7482299804688,0.9830688834190369,337.4986572265625,998.3285522460938,0.8626675009727478,338.591552734375,1023.9410400390625,0.1990935504436493,352.80560302734375,1023.666748046875,0.5758247971534729,376.46044921875,996.740478515625,0.020203977823257446,545.3475952148438,464.7164611816406,0.015504240989685059,383.5741271972656,1000.9456787109375,0.7221565842628479,368.036865234375,1026.2103271484375,0.031503260135650635,382.35931396484375,1020.3753051757812,0.7976074814796448,460.9798889160156,1019.7345581054688,0.019754737615585327,444.9335021972656,1015.7322998046875,0.9329617023468018,489.8442077636719,1045.08056640625,0.2772015929222107,437.11419677734375,1041.8443603515625,0.6712039709091187,502.79345703125,1033.443359375,0.9412400722503662,850.2037353515625,574.43212890625,0.440795361995697
908,348.94879150390625,1015.8919677734375,0.9832675457000732,337.7448425292969,998.3209838867188,0.8624544739723206,338.66845703125,1023.9405517578125,0.18572744727134705,352.7862243652344,1023.6577758789062,0.5901466012001038,376.5030212402344,996.6327514648438,0.01945778727531433,545.3421630859375,464.76959228515625,0.015686482191085815,383.46600341796875,1000.8627319335938,0.7380446195602417,367.9106750488281,1026.467529296875,0.029573172330856323,382.5291748046875,1020.4041748046875,0.7962055206298828,460.9747619628906,1019.6371459960938,0.019714385271072388,444.7664489746094,1015.4637451171875,0.9351726770401001,489.8535461425781,1045.0537109375,0.26645442843437195,436.96099853515625,1041.6710205078125,0.6929340362548828,502.8805847167969,1033.5450439453125,0.944247841835022,850.5174560546875,574.6139526367188,0.37339848279953003
909,348.6860046386719,1016.3280029296875,0.9856571555137634,337.3346862792969,998.4401245117188,0.9051133394241333,339.16845703125,1024.0184326171875,0.18207314610481262,352.48675537109375,1023.7427368164062,0.659712553024292,376.65997314453125,996.5736694335938,0.01743289828300476,545.4462280273438,464.7890319824219,0.015780508518218994,383.620849609375,1001.0585327148438,0.7535077333450317,367.7016296386719,1026.9140625,0.028704196214675903,382.9941711425781,1020.9797973632812,0.7912570834159851,461.1387023925781,1019.5803833007812,0.017150580883026123,444.7709655761719,1015.7127685546875,0.9384124279022217,490.12750244140625,1045.0771484375,0.23778167366981506,436.50628662109375,1042.04052734375,0.7830708622932434,503.04486083984375,1033.6029052734375,0.9446811079978943,850.4871215820312,574.9223022460938,0.23997369408607483
910,348.8323974609375,1016.2918090820312,0.9856276512145996,337.5077819824219,998.5152587890625,0.9034103751182556,339.0215148925781,1024.0946044921875,0.18988174200057983,352.6326904296875,1023.8541259765625,0.6519662141799927,376.6833190917969,996.6719360351562,0.02045416831970215,545.4603881835938,464.75750732421875,0.01573815941810608,383.39532470703125,1001.3497314453125,0.7582241296768188,367.67578125,1027.1279296875,0.026963233947753906,382.9845275878906,1021.1084594726562,0.8061894178390503,461.3206481933594,1019.7233276367188,0.017026931047439575,444.1509704589844,1016.0390625,0.9322816133499146,490.0722351074219,1044.994384765625,0.25576305389404297,436.4312744140625,1041.9627685546875,0.7809479236602783,502.77130126953125,1033.5252685546875,0.9456008672714233,850.4979248046875,574.8234252929688,0.27382296323776245
911,348.6805114746094,1016.7431640625,0.9857882261276245,337.43231201171875,998.5820922851562,0.9191522598266602,338.90643310546875,1024.32763671875,0.20939603447914124,352.60009765625,1024.390625,0.6664704084396362,376.47735595703125,996.7296142578125,0.014606297016143799,545.4730834960938,464.739501953125,0.015772998332977295,383.09808349609375,1001.26416015625,0.7534962892532349,367.8517150878906,1027.39306640625,0.02235385775566101,383.2013244628906,1020.8204345703125,0.8277956247329712,461.4722595214844,1019.5608520507812,0.022167474031448364,444.0603332519531,1015.8037109375,0.927661657333374,483.2664794921875,1046.156005859375,0.26446959376335144,436.15576171875,1042.0692138671875,0.7796065807342529,502.5805969238281,1033.432861328125,0.9446266889572144,850.530029296875,574.7507934570312,0.2846206724643707
912,348.606689453125,1016.7291870117188,0.9857286810874939,337.24212646484375,998.59130859375,0.917414665222168,338.8944396972656,1024.3157958984375,0.2102198600769043,352.448974609375,1024.4287109375,0.6848900318145752,376.5154113769531,996.9083251953125,0.013036578893661499,545.4638061523438,464.71917724609375,0.01579684019088745,383.1101989746094,1001.08349609375,0.7389646768569946,367.80877685546875,1027.401611328125,0.021820485591888428,383.2474060058594,1021.130615234375,0.8237893581390381,461.47210693359375,1019.5499267578125,0.0235196053981781,443.9814147949219,1015.6801147460938,0.9274014234542847,483.30322265625,1046.1507568359375,0.2840127646923065,436.1319885253906,1042.029541015625,0.7926627397537231,502.5430908203125,1033.3121337890625,0.9438785910606384,850.5115356445312,574.6331787109375,0.30758246779441833
913,348.72723388671875,1016.7716674804688,0.9871492981910706,337.2731628417969,998.73291015625,0.9150640964508057,339.1699523925781,1024.295166015625,0.19122996926307678,352.7345275878906,1024.365234375,0.6853069067001343,376.4202880859375,996.5318603515625,0.013420015573501587,545.407958984375,464.7185363769531,0.015744835138320923,385.9372253417969,1001.2574462890625,0.7742996215820312,367.5998229980469,1027.1573486328125,0.020591825246810913,383.84869384765625,1020.4408569335938,0.8115366697311401,453.098388671875,1018.8929443359375,0.02357921004295349,443.8240661621094,1015.5111083984375,0.9256687760353088,483.1751403808594,1046.3411865234375,0.3635903000831604,435.5882568359375,1042.1309814453125,0.8159173727035522,502.3885498046875,1033.48046875,0.9344269037246704,850.3377075195312,575.045654296875,0.3014683425426483
914,348.7088317871094,1016.8604125976562,0.9869362115859985,337.2911682128906,998.8841552734375,0.9166971445083618,339.2275085449219,1024.3262939453125,0.1879630982875824,352.6361389160156,1024.463623046875,0.6872038841247559,376.48785400390625,996.6407470703125,0.01308169960975647,545.476318359375,464.72833251953125,0.015765100717544556,383.3561096191406,1000.690673828125,0.7741754055023193,367.66290283203125,1027.2403564453125,0.02231714129447937,383.8348693847656,1020.6917724609375,0.8153287768363953,453.7076416015625,1023.306396484375,0.02250853180885315,443.9316101074219,1015.812744140625,0.9264260530471802,483.49664306640625,1046.333984375,0.3587338328361511,435.5133972167969,1042.1932373046875,0.7840771675109863,502.58038330078125,1033.4674072265625,0.9332257509231567,850.4530029296875,575.1832885742188,0.32121312618255615
915,348.678466796875,1016.9465942382812,0.9876306653022766,337.25250244140625,998.797607421875,0.9176084995269775,339.1361999511719,1024.418701171875,0.2024882733821869,352.7123718261719,1024.531982421875,0.7156982421875,376.46710205078125,996.6975708007812,0.014714866876602173,545.596923828125,464.677734375,0.015810132026672363,383.2442932128906,1000.784912109375,0.7855855226516724,367.35400390625,1027.616943359375,0.019831180572509766,383.8661804199219,1021.0857543945312,0.815731406211853,453.5513000488281,1023.6094360351562,0.0216539204120636,444.0360107421875,1016.1102294921875,0.9233525395393372,484.16448974609375,1046.7164306640625,0.27392029762268066,435.2219543457031,1042.688232421875,0.811244785785675,502.7778625488281,1033.6522216796875,0.9393349289894104,850.5250244140625,575.4186401367188,0.31692197918891907
916,348.8510437011719,1017.0518798828125,0.9877041578292847,337.5046081542969,998.8990478515625,0.9244421720504761,339.16668701171875,1024.3348388671875,0.18961843848228455,352.7799072265625,1024.5517578125,0.6912404298782349,376.4085998535156,996.7669067382812,0.015483736991882324,545.5787963867188,464.64990234375,0.015677571296691895,383.2677001953125,1000.8388061523438,0.7859932780265808,367.4795837402344,1027.636474609375,0.020585238933563232,384.1252746582031,1021.0032348632812,0.8101679682731628,453.8917236328125,1023.3656616210938,0.02343672513961792,443.98651123046875,1015.9364013671875,0.9249333143234253,483.9076843261719,1046.4814453125,0.3187254071235657,435.3019104003906,1042.5452880859375,0.8118970394134521,502.7538146972656,1033.81005859375,0.9355378746986389,850.354248046875,575.6265869140625,0.3077218532562256
917,349.1909484863281,1016.7317504882812,0.9886278510093689,337.82464599609375,998.819091796875,0.9123535752296448,339.25537109375,1024.1317138671875,0.19144496321678162,353.204833984375,1024.123046875,0.6766756772994995,376.454345703125,996.6799926757812,0.014103889465332031,545.5596923828125,464.6551208496094,0.01566946506500244,385.96051025390625,1001.3483276367188,0.7876430749893188,367.6877746582031,1027.4674072265625,0.023506730794906616,384.18023681640625,1020.7371215820312,0.8229061365127563,453.92999267578125,1023.41015625,0.02556779980659485,443.9769287109375,1016.3782958984375,0.9271796941757202,483.9548034667969,1046.5123291015625,0.3238027095794678,434.9775085449219,1042.33056640625,0.7826666831970215,502.78033447265625,1033.652099609375,0.9352015852928162,850.2416381835938,575.6143188476562,0.321481853723526
918,349.2012634277344,1016.6851196289062,0.9887233376502991,337.86590576171875,998.7098999023438,0.9096696376800537,339.2154235839844,1024.129150390625,0.20209425687789917,353.2041320800781,1024.099853515625,0.6868418455123901,376.3810729980469,996.7301635742188,0.014481037855148315,545.56591796875,464.66168212890625,0.015670597553253174,385.9662780761719,1001.3579711914062,0.7842681407928467,367.66168212890625,1027.4696044921875,0.023696422576904297,380.9127502441406,1019.129638671875,0.8247030973434448,453.6513977050781,1023.4595336914062,0.02547129988670349,443.9058837890625,1016.6207275390625,0.926160454750061,484.1321716308594,1046.50927734375,0.28926485776901245,432.347412109375,1041.697998046875,0.7817931175231934,502.8397521972656,1033.3970947265625,0.935049831867218,850.28466796875,575.6132202148438,0.32121866941452026
919,350.33990478515625,1015.6688842773438,0.9907160997390747,338.33172607421875,998.9917602539062,0.8748209476470947,339.0240173339844,1023.4173583984375,0.2946335971355438,354.49505615234375,1022.9754638671875,0.7209451794624329,376.4922180175781,996.2412109375,0.017511606216430664,545.4024658203125,464.6329650878906,0.015667319297790527,385.9824523925781,1001.0385131835938,0.798435389995575,369.1808776855469,1032.56494140625,0.031189560890197754,381.0918273925781,1019.1197509765625,0.8454949855804443,453.7304992675781,1023.3258666992188,0.02558988332748413,443.7387390136719,1016.2338256835938,0.9257639646530151,484.052734375,1046.3211669921875,0.31151100993156433,435.2106628417969,1042.266845703125,0.7760094404220581,502.7267150878906,1033.59033203125,0.9320735931396484,851.4651489257812,576.1358642578125,0.3364493250846863
920,350.2149658203125,1015.6389770507812,0.9902563691139221,338.53155517578125,998.8200073242188,0.883144736289978,338.9159240722656,1023.1566772460938,0.2816736400127411,354.2200622558594,1022.9446411132812,0.7186301350593567,376.42352294921875,996.2269897460938,0.01619979739189148,545.3803100585938,464.645263671875,0.01562008261680603,383.3228454589844,1000.2332763671875,0.7924947738647461,369.3019714355469,1032.64990234375,0.02996581792831421,380.98931884765625,1019.2222290039062,0.8490914106369019,453.6367492675781,1023.667724609375,0.02491176128387451,444.2355651855469,1016.3369140625,0.9171630144119263,484.2658996582031,1046.26513671875,0.30374398827552795,435.71929931640625,1042.535400390625,0.7589125633239746,502.6304931640625,1033.716552734375,0.9300759434700012,851.4183349609375,576.1299438476562,0.3244498074054718
921,351.7820129394531,1016.1581420898438,0.9894541501998901,339.5644836425781,997.57421875,0.929551362991333,340.29046630859375,1024.0294189453125,0.31569552421569824,355.4485778808594,1022.92626953125,0.7571777105331421,376.6163635253906,996.861083984375,0.01833483576774597,545.3665771484375,464.6494445800781,0.01557806134223938,383.1741027832031,1001.1302490234375,0.8424222469329834,368.5310363769531,1034.2874755859375,0.028227418661117554,384.6233825683594,1024.0458984375,0.7590786218643188,453.31231689453125,1023.5114135742188,0.025843769311904907,444.52520751953125,1016.2025146484375,0.919776439666748,484.3149719238281,1046.2613525390625,0.2854297459125519,435.3797607421875,1042.6854248046875,0.7584426999092102,502.5191650390625,1033.514404296875,0.9348258972167969,851.4560546875,576.1866455078125,0.28475135564804077
922,351.8672790527344,1016.1726684570312,0.989666223526001,339.7584228515625,997.6386108398438,0.9307787418365479,340.32379150390625,1024.034423828125,0.3233460783958435,355.5660095214844,1023.0098266601562,0.7676761746406555,376.4599914550781,996.8991088867188,0.01769345998764038,545.4215087890625,464.68157958984375,0.015633106231689453,383.0650329589844,1001.123291015625,0.8360409736633301,368.32861328125,1034.3076171875,0.03260478377342224,384.78265380859375,1024.0506591796875,0.7535642385482788,453.37139892578125,1023.4467163085938,0.023456066846847534,444.47894287109375,1016.0621337890625,0.9208724498748779,484.27239990234375,1046.32568359375,0.28624504804611206,435.4353332519531,1042.5968017578125,0.7788482308387756,502.3488464355469,1033.7435302734375,0.9329146146774292,851.0133666992188,575.9828491210938,0.2802554965019226
923,353.44549560546875,1015.9625244140625,0.9916152954101562,339.9093322753906,997.2005615234375,0.963791012763977,340.7029724121094,1023.4381713867188,0.33322983980178833,356.16778564453125,1021.9628295898438,0.7107671499252319,376.7261657714844,997.2153930664062,0.01849496364593506,545.4276733398438,464.694091796875,0.01560404896736145,383.7774963378906,1001.5342407226562,0.8181447982788086,368.4158935546875,1034.4925537109375,0.03773552179336548,384.75445556640625,1024.2762451171875,0.7399791479110718,453.22601318359375,1023.8165283203125,0.025656580924987793,444.3796081542969,1016.4686889648438,0.9164397716522217,490.4566955566406,1045.41650390625,0.2376239001750946,435.77008056640625,1042.65966796875,0.7810522317886353,502.46075439453125,1034.12744140625,0.937238335609436,850.7990112304688,575.9055786132812,0.2911399006843567
924,353.5123596191406,1016.0101318359375,0.9916452169418335,340.04071044921875,997.2682495117188,0.9643703699111938,340.77996826171875,1023.4703369140625,0.31958234310150146,356.2075500488281,1021.9764404296875,0.6988491415977478,376.85650634765625,997.2075805664062,0.018375277519226074,545.4341430664062,464.70574951171875,0.015617907047271729,383.805908203125,1001.564697265625,0.8203266859054565,368.5247497558594,1034.48779296875,0.03524571657180786,384.74554443359375,1024.29248046875,0.7386026978492737,453.34454345703125,1023.7752075195312,0.02482965588569641,444.40289306640625,1016.3689575195312,0.9154507517814636,490.47174072265625,1045.401611328125,0.23717135190963745,435.8721923828125,1042.685302734375,0.7881208062171936,502.4737548828125,1034.097900390625,0.9382736086845398,850.6561279296875,575.8570556640625,0.3042096495628357
925,354.9583435058594,1015.4763793945312,0.9967764019966125,342.19415283203125,997.0132446289062,0.9589366912841797,340.8430480957031,1023.6524047851562,0.5496110916137695,356.8387756347656,1022.3599243164062,0.7803235054016113,376.2026672363281,997.9141845703125,0.018483221530914307,545.4067993164062,464.6770324707031,0.015621095895767212,383.7147521972656,1002.527099609375,0.8423206806182861,368.1199645996094,1035.243896484375,0.04974791407585144,386.3010559082031,1024.868408203125,0.7352678775787354,453.9480895996094,1023.9201049804688,0.025788456201553345,444.1005859375,1016.9378662109375,0.9049696922302246,490.33111572265625,1045.4261474609375,0.2217746078968048,435.87921142578125,1042.835205078125,0.7811341285705566,502.5340576171875,1034.4263916015625,0.9373188614845276,850.5994262695312,576.037841796875,0.33254069089889526
926,355.1081237792969,1015.3865356445312,0.996881365776062,342.1311950683594,997.1820068359375,0.9596147537231445,340.9322814941406,1023.5882568359375,0.544305682182312,356.97174072265625,1022.1533813476562,0.7815493941307068,374.5256042480469,1000.7677001953125,0.01886764168739319,545.3416748046875,464.6743469238281,0.015665262937545776,383.6870422363281,1002.7774658203125,0.8527950644493103,368.2566833496094,1035.360107421875,0.04827132821083069,386.2457275390625,1025.3121337890625,0.7494992017745972,454.1621398925781,1024.271484375,0.026708871126174927,444.1640319824219,1016.9132080078125,0.902019739151001,484.4711608886719,1047.216552734375,0.2201518416404724,435.9869689941406,1043.085693359375,0.7743617296218872,502.57415771484375,1034.5750732421875,0.9352366924285889,850.2853393554688,575.8984375,0.3013792634010315
927,355.72454833984375,1014.9714965820312,0.9974801540374756,342.5981140136719,996.5049438476562,0.9611932039260864,341.60748291015625,1022.9783935546875,0.6629848480224609,357.2568359375,1021.8796997070312,0.802471399307251,374.7025451660156,1000.6737670898438,0.0188276469707489,545.3621826171875,464.6498107910156,0.015624314546585083,383.60107421875,1003.2133178710938,0.8715924024581909,368.25799560546875,1035.6541748046875,0.04621785879135132,387.3227844238281,1025.14599609375,0.717861533164978,453.1047668457031,1025.0010986328125,0.028476834297180176,443.577392578125,1017.8917236328125,0.8863058090209961,490.9193115234375,1045.8221435546875,0.16392233967781067,435.4551086425781,1043.191162109375,0.8254227638244629,502.8873291015625,1034.6832275390625,0.9439306259155273,849.96533203125,576.466796875,0.23438802361488342
928,355.7227783203125,1015.0459594726562,0.997495174407959,342.5827331542969,996.579833984375,0.96146559715271,341.6274719238281,1023.06982421875,0.668247640132904,357.34063720703125,1021.8723754882812,0.799353301525116,376.04217529296875,997.763427734375,0.018946170806884766,545.2264404296875,464.6673889160156,0.015420377254486084,383.5832824707031,1003.2456665039062,0.8749712705612183,368.3582458496094,1035.671142578125,0.04937449097633362,387.345703125,1025.2864990234375,0.718887209892273,453.1094055175781,1024.780517578125,0.030940502882003784,443.6271667480469,1017.837646484375,0.8866626024246216,490.6313171386719,1045.7940673828125,0.18217244744300842,435.5601806640625,1043.2113037109375,0.8167938590049744,502.89581298828125,1034.5711669921875,0.9444621801376343,849.8681030273438,576.456298828125,0.21269550919532776
929,356.0096435546875,1014.9014892578125,0.9971722364425659,343.4731140136719,996.5960083007812,0.9593555927276611,340.5284118652344,1022.3611450195312,0.7004685401916504,357.2558898925781,1021.5106811523438,0.8051155805587769,375.7672119140625,997.0687866210938,0.027634143829345703,545.37353515625,464.6756896972656,0.015611618757247925,383.4271240234375,1002.6349487304688,0.8900457620620728,368.0618896484375,1035.352294921875,0.049660325050354004,387.37103271484375,1025.005126953125,0.7210902571678162,453.1339111328125,1024.3819580078125,0.038237184286117554,443.4767761230469,1017.4561767578125,0.8914865255355835,490.6129455566406,1045.448486328125,0.13872069120407104,435.6647644042969,1043.101318359375,0.8578962087631226,502.7119445800781,1034.5606689453125,0.9398522973060608,849.6922607421875,576.2754516601562,0.272556334733963
930,355.99078369140625,1014.9559936523438,0.9972660541534424,343.3664245605469,996.6734008789062,0.9589183926582336,340.3169860839844,1022.398193359375,0.7212796807289124,357.30255126953125,1021.5546264648438,0.8028970956802368,375.7846374511719,997.1134033203125,0.025136739015579224,545.3665161132812,464.6478576660156,0.015555262565612793,383.5046081542969,1002.6421508789062,0.886478066444397,368.1734619140625,1035.1993408203125,0.0539170503616333,387.3714904785156,1024.9287109375,0.7193167209625244,453.09149169921875,1024.4371337890625,0.038193970918655396,443.2377014160156,1017.532958984375,0.8923774361610413,481.3207092285156,1050.3902587890625,0.13567957282066345,435.5914306640625,1043.0738525390625,0.8566355109214783,502.593505859375,1034.62158203125,0.942563533782959,849.78857421875,576.3662109375,0.2751789689064026
931,356.7627258300781,1015.26953125,0.9975466728210449,343.60296630859375,996.9299926757812,0.9596350789070129,341.0439758300781,1022.9636840820312,0.6464217901229858,358.4435119628906,1022.2506103515625,0.8035510778427124,375.9619140625,996.8630981445312,0.02944326400756836,545.3865966796875,464.63677978515625,0.015561431646347046,383.6994323730469,1002.41455078125,0.9109674692153931,367.526611328125,1035.0926513671875,0.051656574010849,388.35919189453125,1025.620361328125,0.7082831263542175,452.6600036621094,1025.2906494140625,0.03691834211349487,443.1838073730469,1017.9948120117188,0.8574381470680237,490.7384033203125,1045.1793212890625,0.11584144830703735,435.2549133300781,1043.286865234375,0.8627047538757324,502.715087890625,1034.48876953125,0.9437674880027771,629.9571533203125,1046.2572021484375,0.23554149270057678
932,356.80810546875,1015.2308349609375,0.9974045753479004,343.5207824707031,996.892822265625,0.9579417705535889,341.3122863769531,1022.9593505859375,0.6089440584182739,358.600830078125,1022.1996459960938,0.7943089604377747,376.0921630859375,996.654541015625,0.026518940925598145,545.3857421875,464.63201904296875,0.015630006790161133,383.8233642578125,1002.3463134765625,0.9069847464561462,367.7607116699219,1035.041015625,0.056654512882232666,388.14324951171875,1025.547607421875,0.7134782075881958,452.5562744140625,1025.11181640625,0.03803655505180359,443.1958312988281,1017.9965209960938,0.8658134937286377,490.7207336425781,1045.3594970703125,0.1067318320274353,435.2721252441406,1043.308349609375,0.8661150932312012,502.75714111328125,1034.50927734375,0.9444915056228638,629.7766723632812,1046.3251953125,0.24068474769592285
933,357.3925476074219,1015.2508544921875,0.9972655773162842,343.4849853515625,996.8899536132812,0.9494160413742065,341.7643127441406,1023.2630615234375,0.5822157859802246,359.1996765136719,1022.1295166015625,0.77821946144104,376.51910400390625,996.751708984375,0.02590358257293701,545.386962890625,464.6072998046875,0.015554487705230713,384.33819580078125,1002.5767822265625,0.9149583578109741,367.4610595703125,1035.0118408203125,0.044406771659851074,388.3499450683594,1025.286376953125,0.752031683921814,452.40521240234375,1025.5247802734375,0.03350916504859924,443.00189208984375,1018.6474609375,0.8637584447860718,481.4287109375,1051.447265625,0.12248113751411438,435.5433044433594,1043.671875,0.8655945062637329,502.96844482421875,1034.8330078125,0.9458914399147034,630.189208984375,1046.4400634765625,0.24194824695587158
934,357.3069152832031,1015.1681518554688,0.9972225427627563,343.441162109375,996.8875732421875,0.9511633515357971,341.7085266113281,1023.206787109375,0.5869854688644409,359.0910339355469,1022.0592041015625,0.7763850092887878,376.51947021484375,996.8709716796875,0.026730388402938843,545.3756713867188,464.6958312988281,0.015571027994155884,384.3666076660156,1002.6243896484375,0.9157782793045044,367.5289611816406,1035.0281982421875,0.04490736126899719,388.3587646484375,1025.2789306640625,0.7535378336906433,452.1377258300781,1025.390869140625,0.030690878629684448,442.82000732421875,1018.552001953125,0.8649308085441589,481.1845397949219,1051.3922119140625,0.10147905349731445,435.6080627441406,1043.5567626953125,0.8667323589324951,502.89678955078125,1034.7171630859375,0.9436274170875549,630.0017700195312,1046.5206298828125,0.23447489738464355
935,357.3592224121094,1015.0669555664062,0.9971208572387695,343.4499816894531,996.7450561523438,0.9463559985160828,341.4786071777344,1023.1171875,0.5958645939826965,359.07098388671875,1021.8873291015625,0.7706866264343262,376.63525390625,997.0003051757812,0.03204065561294556,545.45947265625,464.6727600097656,0.015645980834960938,384.2760314941406,1002.6401977539062,0.9158419370651245,367.54168701171875,1034.9281005859375,0.044687479734420776,388.34490966796875,1025.3028564453125,0.7478694915771484,451.90618896484375,1025.4776611328125,0.03344658017158508,442.5750732421875,1018.72705078125,0.8697859644889832,481.11993408203125,1051.51220703125,0.11142611503601074,435.6944885253906,1043.726806640625,0.8641554117202759,502.8569030761719,1034.802734375,0.9457393884658813,630.4318237304688,1046.2535400390625,0.3200000524520874
936,357.31536865234375,1015.0737915039062,0.997098982334137,343.34912109375,996.734130859375,0.9475674629211426,341.4081115722656,1023.0510864257812,0.6057677268981934,358.9988708496094,1021.8505249023438,0.7710071802139282,376.69091796875,997.029052734375,0.030008822679519653,545.541748046875,464.61083984375,0.015764832496643066,384.34527587890625,1002.6698608398438,0.9139894843101501,367.55987548828125,1034.942138671875,0.04513111710548401,388.33807373046875,1025.2667236328125,0.7466172575950623,451.9856872558594,1025.4837646484375,0.033678263425827026,442.68865966796875,1018.6817626953125,0.8712427616119385,481.207275390625,1051.4671630859375,0.11361193656921387,435.7481994628906,1043.721923828125,0.8622628450393677,502.8717956542969,1034.7816162109375,0.945067286491394,630.2530517578125,1046.2962646484375,0.3047780990600586
937,357.137451171875,1015.1025390625,0.9972746968269348,343.1728210449219,997.0204467773438,0.9516229629516602,341.51531982421875,1023.0974731445312,0.6228622794151306,359.10003662109375,1021.9783935546875,0.7993252873420715,376.8390197753906,997.1546630859375,0.030991941690444946,545.5460815429688,464.6056213378906,0.015615105628967285,384.175537109375,1002.8522338867188,0.9162294864654541,367.6290283203125,1035.0380859375,0.04431873559951782,388.3629455566406,1025.5224609375,0.7363827228546143,451.92303466796875,1025.738037109375,0.03220069408416748,442.6001281738281,1018.9144287109375,0.8648671507835388,481.380126953125,1051.3580322265625,0.12162765860557556,435.4730224609375,1043.7816162109375,0.8196637630462646,502.51116943359375,1034.789794921875,0.9359906911849976,629.592529296875,1046.727294921875,0.29748231172561646
938,356.957763671875,1015.0957641601562,0.9972836971282959,343.10797119140625,996.9152221679688,0.9549063444137573,341.25384521484375,1022.978515625,0.6650083661079407,358.8169250488281,1021.9078979492188,0.8084046840667725,376.9857177734375,997.39501953125,0.03114473819732666,545.5341186523438,464.6081848144531,0.015387237071990967,383.8268737792969,1002.9254150390625,0.9141330718994141,367.6789245605469,1035.0970458984375,0.045509159564971924,388.2725524902344,1025.5009765625,0.747096061706543,451.93524169921875,1026.0059814453125,0.03109726309776306,442.681884765625,1019.2831420898438,0.867978572845459,481.4537048339844,1051.5439453125,0.1444711983203888,435.63409423828125,1043.9248046875,0.7955206036567688,502.56976318359375,1034.967041015625,0.9356574416160583,629.1019287109375,1046.739990234375,0.29603123664855957
939,356.9345397949219,1014.9013671875,0.9972681999206543,342.8323059082031,996.9273681640625,0.9480311870574951,341.5635986328125,1023.0423583984375,0.6587990522384644,359.14141845703125,1021.6748046875,0.8280336856842041,376.9304504394531,997.8255004882812,0.02951112389564514,545.5962524414062,464.5469665527344,0.015500515699386597,383.7905578613281,1003.2982177734375,0.9198200702667236,367.38385009765625,1035.00244140625,0.04241400957107544,388.2507019042969,1025.78857421875,0.7647752165794373,452.1277160644531,1026.181884765625,0.029181957244873047,442.26092529296875,1019.4342041015625,0.8572505712509155,478.3974609375,1052.109375,0.16509416699409485,435.7012939453125,1044.4007568359375,0.7675426602363586,502.17474365234375,1035.59228515625,0.9082480669021606,628.5881958007812,1046.8443603515625,0.30121058225631714
940,356.9914855957031,1014.9590454101562,0.9975483417510986,342.9216003417969,996.84619140625,0.947512149810791,341.3404846191406,1023.0668334960938,0.6692378520965576,359.04071044921875,1021.7085571289062,0.8309083580970764,376.70892333984375,997.9739990234375,0.032663434743881226,545.618896484375,464.6772155761719,0.015358805656433105,383.6441345214844,1003.44775390625,0.9237107038497925,367.53131103515625,1035.1552734375,0.044240713119506836,387.99090576171875,1025.9052734375,0.7753610014915466,452.2728576660156,1026.495849609375,0.031733155250549316,442.38824462890625,1019.7271118164062,0.8565683364868164,478.35040283203125,1052.013916015625,0.15571054816246033,435.87591552734375,1044.54736328125,0.7793800830841064,501.98052978515625,1035.7978515625,0.9111182689666748,628.4378051757812,1047.02294921875,0.27282091975212097
941,356.76898193359375,1015.1392822265625,0.9975377321243286,342.62872314453125,996.89501953125,0.9395113587379456,340.9153137207031,1022.9746704101562,0.6981810927391052,358.8290100097656,1021.8770751953125,0.8504810929298401,377.2165832519531,997.8739013671875,0.040966928005218506,545.5380859375,464.78314208984375,0.015456467866897583,383.8215026855469,1003.6480102539062,0.9316457509994507,367.28619384765625,1035.3126220703125,0.04041808843612671,387.92779541015625,1025.9962158203125,0.7677236795425415,452.41351318359375,1026.5277099609375,0.039275944232940674,442.3185119628906,1020.2178955078125,0.8339479565620422,481.4383850097656,1052.330078125,0.1828477382659912,436.01336669921875,1044.900146484375,0.7634475231170654,502.2269287109375,1036.2401123046875,0.923975944519043,628.5759887695312,1047.0980224609375,0.2972929775714874
942,356.6896057128906,1015.1867065429688,0.9976069927215576,342.6436462402344,996.8580322265625,0.9406716823577881,340.71551513671875,1022.927734375,0.7132463455200195,358.6940612792969,1021.9451904296875,0.8562048673629761,377.2207946777344,997.8140869140625,0.04141375422477722,545.5349731445312,464.8214111328125,0.015594393014907837,383.7982177734375,1003.7327270507812,0.9345546960830688,367.2763671875,1035.3631591796875,0.04002460837364197,388.0040283203125,1026.1158447265625,0.7627493143081665,452.37725830078125,1026.550537109375,0.036077529191970825,442.2086486816406,1020.0997314453125,0.8391311764717102,478.65472412109375,1052.638671875,0.2005959153175354,435.92205810546875,1044.8809814453125,0.7579718828201294,502.1361083984375,1036.1617431640625,0.9225108623504639,628.5264282226562,1047.1033935546875,0.33887895941734314
943,356.7340087890625,1014.9462280273438,0.997411847114563,342.74041748046875,996.7940063476562,0.9393263459205627,340.8228759765625,1022.6829223632812,0.7256288528442383,358.90069580078125,1021.6324462890625,0.854252815246582,376.880615234375,997.8045654296875,0.04632386565208435,545.5631103515625,464.74267578125,0.01525890827178955,383.8756408691406,1003.3359985351562,0.9298197031021118,367.0481872558594,1034.7852783203125,0.04340261220932007,387.9783630371094,1025.7958984375,0.7799559831619263,453.4360656738281,1026.061279296875,0.0508003830909729,444.13751220703125,1022.0777587890625,0.8313262462615967,478.4979553222656,1052.3900146484375,0.21821889281272888,435.7755126953125,1044.9290771484375,0.7374951243400574,501.8660583496094,1036.016845703125,0.9221335649490356,628.72802734375,1046.905029296875,0.3187374472618103
944,356.69287109375,1014.9551391601562,0.9972866773605347,343.01953125,996.7534790039062,0.9335598945617676,340.6027526855469,1022.5340576171875,0.7304849624633789,358.7143859863281,1021.5994873046875,0.8539960384368896,376.9782409667969,997.6292724609375,0.04652261734008789,545.6259765625,464.6964111328125,0.01509791612625122,383.9725036621094,1003.2978515625,0.9325015544891357,367.266357421875,1034.7701416015625,0.04343089461326599,388.04864501953125,1025.8106689453125,0.77216637134552,453.3298645019531,1026.2998046875,0.04768303036689758,444.1382751464844,1022.3438720703125,0.8252770900726318,478.47174072265625,1052.4017333984375,0.2261740267276764,435.94964599609375,1045.021240234375,0.7374345660209656,501.79150390625,1036.06591796875,0.9202620983123779,628.32666015625,1046.880126953125,0.23577460646629333
945,356.63348388671875,1014.8604125976562,0.9971020817756653,343.0291442871094,997.0588989257812,0.9379116296768188,340.4375915527344,1022.2694091796875,0.7376409769058228,358.35455322265625,1021.3263549804688,0.832586407661438,376.87689208984375,997.7017211914062,0.0510689914226532,545.5745239257812,464.76739501953125,0.015098363161087036,383.98260498046875,1003.5039672851562,0.932174801826477,367.223388671875,1034.6910400390625,0.04808118939399719,388.9193115234375,1031.30615234375,0.7927043437957764,453.8680114746094,1026.3560791015625,0.05169111490249634,444.21331787109375,1022.37158203125,0.8194235563278198,478.4112548828125,1052.3211669921875,0.269319087266922,436.226318359375,1045.3291015625,0.7252473831176758,501.72857666015625,1035.869140625,0.9264246225357056,627.694091796875,1047.161376953125,0.20164158940315247
946,356.62158203125,1014.7656860351562,0.9969398379325867,342.919677734375,997.0594482421875,0.935903787612915,340.26568603515625,1022.2415771484375,0.7513818740844727,358.3414306640625,1021.2021484375,0.8279159069061279,376.9590148925781,997.6292724609375,0.056700557470321655,246.56346130371094,1099.401611328125,0.01537466049194336,384.00860595703125,1003.49853515625,0.932202935218811,367.27227783203125,1034.7877197265625,0.04863592982292175,388.8456115722656,1031.31103515625,0.7826581001281738,453.8529357910156,1026.159423828125,0.054910808801651,444.34783935546875,1022.2919311523438,0.8178561329841614,478.3760070800781,1052.224365234375,0.2595311999320984,436.27825927734375,1045.29833984375,0.7308281660079956,501.5953369140625,1035.8726806640625,0.922974705696106,626.171142578125,1046.2415771484375,0.18205860257148743
947,356.72528076171875,1014.7105102539062,0.9967703819274902,343.024658203125,997.0036010742188,0.9292244911193848,340.2324523925781,1022.1138916015625,0.7551101446151733,358.25286865234375,1021.1704711914062,0.8285782933235168,377.10107421875,997.6560668945312,0.06309187412261963,545.5753173828125,464.8470153808594,0.015174955129623413,383.9071044921875,1003.591552734375,0.9334299564361572,367.3874816894531,1034.7847900390625,0.0493699312210083,388.7232360839844,1031.3001708984375,0.7839904427528381,453.9451904296875,1026.34912109375,0.05426710844039917,444.2400207519531,1022.477783203125,0.8070675134658813,478.3760070800781,1052.1895751953125,0.2673080861568451,436.4718322753906,1045.3232421875,0.7200140357017517,501.5456237792969,1036.00146484375,0.9253889918327332,627.6791381835938,1047.4385986328125,0.25402772426605225
948,356.7381896972656,1014.7144775390625,0.9967656135559082,342.94976806640625,997.082763671875,0.9289929866790771,340.2491455078125,1022.1819458007812,0.7539740800857544,358.2754211425781,1021.2200317382812,0.8282744884490967,377.17376708984375,997.6292114257812,0.06361666321754456,545.6759033203125,464.7695007324219,0.015007972717285156,383.90447998046875,1003.647705078125,0.9342707395553589,367.3643493652344,1034.78955078125,0.04853019118309021,388.63604736328125,1031.2835693359375,0.7846236228942871,453.9612731933594,1026.24658203125,0.05192965269088745,444.2388000488281,1022.2887573242188,0.8035283088684082,478.34844970703125,1052.1385498046875,0.2705422639846802,436.3655700683594,1045.333740234375,0.7153376340866089,501.49737548828125,1036.0128173828125,0.9229538440704346,627.722412109375,1047.4178466796875,0.25545674562454224
949,357.0430908203125,1014.407958984375,0.9967015981674194,343.1430969238281,996.7672119140625,0.9461313486099243,341.09490966796875,1022.3192138671875,0.6918407082557678,358.9416198730469,1020.8617553710938,0.8166429400444031,376.8383483886719,997.1104125976562,0.05541020631790161,545.5294189453125,464.8839111328125,0.01530313491821289,384.1645202636719,1003.3319702148438,0.9424272775650024,367.2843017578125,1034.4461669921875,0.05715513229370117,387.52703857421875,1025.41943359375,0.7811646461486816,453.3679504394531,1026.3870849609375,0.06099185347557068,444.4371643066406,1022.7640380859375,0.8082590103149414,477.94073486328125,1052.226318359375,0.25409024953842163,436.49932861328125,1045.1390380859375,0.7340694665908813,500.83502197265625,1036.3271484375,0.9209927916526794,627.1260375976562,1047.37158203125,0.26018163561820984
950,357.0280456542969,1014.4110107421875,0.9968050718307495,343.3844909667969,996.8409423828125,0.9461318254470825,340.8659362792969,1022.1843872070312,0.7150029540061951,358.8495788574219,1020.9048461914062,0.826184868812561,376.92034912109375,997.0864868164062,0.05984550714492798,545.5174560546875,464.9300537109375,0.015339314937591553,384.0786437988281,1003.3189697265625,0.9455148577690125,367.4148864746094,1034.442138671875,0.06042635440826416,387.4024353027344,1025.4605712890625,0.7773739099502563,453.1288146972656,1026.581298828125,0.05831021070480347,445.30877685546875,1023.427490234375,0.826194167137146,478.2051696777344,1052.5093994140625,0.26367539167404175,436.3811340332031,1045.24755859375,0.7215818762779236,500.8706970214844,1036.359130859375,0.9225234985351562,627.1365356445312,1047.3746337890625,0.25802090764045715
951,357.59515380859375,1014.0653686523438,0.9963444471359253,343.645751953125,997.056884765625,0.9396407604217529,341.2507629394531,1022.4546508789062,0.6624075770378113,359.36199951171875,1020.8893432617188,0.7724853754043579,377.1734924316406,996.9063110351562,0.0608309805393219,545.5549926757812,464.9266052246094,0.01543116569519043,384.15460205078125,1003.5468139648438,0.9467805624008179,368.07720947265625,1034.39013671875,0.07309368252754211,387.202880859375,1025.6343994140625,0.7941793203353882,452.0361328125,1027.0462646484375,0.055466681718826294,444.9528503417969,1023.8538818359375,0.8224895596504211,478.77349853515625,1052.9329833984375,0.2601490616798401,435.9276123046875,1045.1612548828125,0.7106800675392151,501.2934265136719,1036.6766357421875,0.9201633930206299,625.787109375,1047.2530517578125,0.21198606491088867
952,357.66204833984375,1014.26806640625,0.9961404800415039,343.76837158203125,996.9429321289062,0.9339579939842224,341.1361999511719,1022.7333984375,0.6471430659294128,359.4797058105469,1021.1638793945312,0.7646299600601196,377.1138916015625,996.9537353515625,0.05557909607887268,545.5252685546875,464.8908996582031,0.015469253063201904,384.3473205566406,1003.4002685546875,0.9385684132575989,368.08087158203125,1034.4400634765625,0.0684378445148468,387.3291320800781,1025.651611328125,0.7838295102119446,452.1969909667969,1026.91650390625,0.05987548828125,445.0864562988281,1023.763427734375,0.8239218592643738,478.6881408691406,1052.794189453125,0.2521650791168213,436.32366943359375,1045.2708740234375,0.6960628032684326,501.33984375,1036.7301025390625,0.9235594868659973,625.7662353515625,1046.82373046875,0.2067110240459442
953,357.6849670410156,1013.8848266601562,0.9957433938980103,343.6753845214844,997.0513916015625,0.9423928260803223,341.0506286621094,1022.1959838867188,0.6765715479850769,359.2377014160156,1020.8525390625,0.770635724067688,376.97613525390625,996.8377685546875,0.060589224100112915,545.509033203125,464.77520751953125,0.01545041799545288,384.5513916015625,1003.3468627929688,0.9361335039138794,368.1560363769531,1034.3353271484375,0.07202467322349548,387.2208251953125,1025.4517822265625,0.7962818145751953,451.9793701171875,1027.1243896484375,0.06028980016708374,445.1283264160156,1023.6557006835938,0.8111872673034668,478.4024353027344,1052.79833984375,0.20275241136550903,435.99554443359375,1045.171630859375,0.6587709188461304,501.2093811035156,1037.063232421875,0.9262620210647583,626.15185546875,1047.47509765625,0.19623014330863953
954,357.7950439453125,1014.0614013671875,0.9959077835083008,343.6291809082031,997.1001586914062,0.9439135789871216,341.21783447265625,1022.3644409179688,0.6672255396842957,359.3344421386719,1021.0537109375,0.7797774076461792,377.076904296875,996.818359375,0.05859375,545.5118408203125,464.8001708984375,0.01543956995010376,384.55926513671875,1003.428955078125,0.9399508237838745,367.89764404296875,1034.4071044921875,0.07540559768676758,387.2188415527344,1025.375,0.8027132153511047,451.98846435546875,1027.187255859375,0.05525076389312744,443.5381774902344,1023.4342041015625,0.810186505317688,478.2797546386719,1052.652587890625,0.2081594169139862,435.9563293457031,1045.225830078125,0.6772646307945251,501.2856750488281,1037.08203125,0.9306988716125488,626.2761840820312,1047.435791015625,0.227690190076828
955,358.35162353515625,1013.391357421875,0.9952607154846191,346.3709716796875,996.3754272460938,0.9300857186317444,341.36749267578125,1021.7981567382812,0.7119245529174805,359.4248962402344,1020.76806640625,0.7958846092224121,377.496826171875,996.9629516601562,0.08400213718414307,545.4874877929688,464.8565979003906,0.015491873025894165,384.5303039550781,1004.0337524414062,0.9532111883163452,367.76068115234375,1034.240966796875,0.08145931363105774,387.9580383300781,1031.3076171875,0.7844504117965698,453.8313903808594,1027.916748046875,0.05701553821563721,445.19366455078125,1023.7317504882812,0.8079999089241028,478.38836669921875,1052.85888671875,0.17825135588645935,432.56561279296875,1043.7935791015625,0.6901323795318604,501.5392150878906,1037.0638427734375,0.926192045211792,626.4386596679688,1047.5660400390625,0.22934988141059875
956,358.36376953125,1013.4696655273438,0.9953597784042358,346.36505126953125,996.4073486328125,0.9327839612960815,341.2579650878906,1021.7919921875,0.7181165218353271,359.34832763671875,1020.8505859375,0.8007099032402039,377.5296630859375,997.0857543945312,0.08058208227157593,545.4909057617188,464.89007568359375,0.015522986650466919,384.6535949707031,1004.0504760742188,0.9518546462059021,367.9046325683594,1034.3751220703125,0.078480064868927,388.19183349609375,1031.1859130859375,0.7716389894485474,451.866455078125,1027.0224609375,0.05850812792778015,443.39105224609375,1023.536376953125,0.8137129545211792,478.5582275390625,1053.0526123046875,0.18750342726707458,432.5084533691406,1043.5928955078125,0.6844984889030457,501.24334716796875,1037.1292724609375,0.9211434125900269,626.4248657226562,1047.6556396484375,0.23269250988960266
957,358.9625244140625,1013.7552490234375,0.9949007630348206,346.72784423828125,996.5964965820312,0.936190128326416,341.63037109375,1021.7623901367188,0.6237429976463318,360.0758056640625,1020.9241333007812,0.7721598744392395,377.4043273925781,996.8480224609375,0.0583551824092865,545.478515625,464.880126953125,0.01555970311164856,384.6731872558594,1003.4462280273438,0.9441639184951782,367.9361877441406,1034.412353515625,0.07413709163665771,387.7972412109375,1025.044677734375,0.7660194635391235,453.2111511230469,1028.1292724609375,0.053440600633621216,442.04547119140625,1027.1575927734375,0.8036454916000366,478.9279479980469,1052.9471435546875,0.21560436487197876,431.4655456542969,1043.3648681640625,0.663545548915863,501.43701171875,1037.330078125,0.9284193515777588,626.4732666015625,1047.8533935546875,0.20905029773712158
958,358.90142822265625,1013.5548095703125,0.9939988851547241,346.8319091796875,996.7442016601562,0.9289349317550659,341.5068359375,1021.7639770507812,0.603579044342041,360.0653076171875,1020.8710327148438,0.7426214218139648,377.5740966796875,996.4529418945312,0.07276621460914612,545.4910888671875,464.90838623046875,0.015472054481506348,384.5264587402344,1003.4415893554688,0.946665346622467,367.9860534667969,1034.3916015625,0.07779160141944885,387.435302734375,1025.2105712890625,0.7533696889877319,453.01947021484375,1027.964599609375,0.06114533543586731,444.8995056152344,1023.6149291992188,0.8090643286705017,478.51470947265625,1053.0987548828125,0.18064415454864502,431.6942443847656,1043.3658447265625,0.6498063802719116,501.5533447265625,1037.7027587890625,0.9292774200439453,626.5736694335938,1047.7032470703125,0.23564079403877258
959,359.0126953125,1013.5384521484375,0.9946039915084839,346.726806640625,996.60400390625,0.9156428575515747,341.2841491699219,1021.8715209960938,0.620858907699585,360.4241943359375,1020.7303466796875,0.7387065887451172,377.9291076660156,996.4345092773438,0.06736665964126587,545.55419921875,464.896240234375,0.01544216275215149,385.1109313964844,1003.4293212890625,0.9445913434028625,366.88397216796875,1034.00634765625,0.06865966320037842,388.2487487792969,1024.902099609375,0.7791218757629395,453.4107666015625,1028.1304931640625,0.06557804346084595,442.3604431152344,1026.8568115234375,0.8225222229957581,478.4616394042969,1053.174560546875,0.18026065826416016,431.6510009765625,1043.4271240234375,0.6329877376556396,501.9089050292969,1037.7939453125,0.937720537185669,626.5453491210938,1047.5660400390625,0.2868589460849762
960,358.70928955078125,1013.5113525390625,0.9953096508979797,346.6341857910156,996.5328369140625,0.9202741980552673,341.0880126953125,1021.9219360351562,0.6665038466453552,360.1135559082031,1020.687744140625,0.7696144580841064,377.92120361328125,996.7828369140625,0.06960153579711914,545.4613647460938,464.8648986816406,0.015476524829864502,385.113525390625,1003.5132446289062,0.9481067657470703,366.5310363769531,1034.0489501953125,0.0638376772403717,388.3744812011719,1025.2896728515625,0.7794986367225647,453.1031799316406,1028.3349609375,0.06080830097198486,441.8885498046875,1025.3651123046875,0.8328624963760376,478.4726867675781,1053.3331298828125,0.17262843251228333,431.6498718261719,1043.7408447265625,0.6530643105506897,501.9223327636719,1037.6597900390625,0.9319902658462524,626.4271850585938,1047.50390625,0.260107159614563
961,358.6746520996094,1013.829345703125,0.9955796599388123,346.8384704589844,996.6592407226562,0.9246127605438232,340.61688232421875,1021.8928833007812,0.6509080529212952,359.9029541015625,1021.0447387695312,0.7773463726043701,377.9315490722656,996.7911987304688,0.07816633582115173,545.3995971679688,464.8683776855469,0.015519410371780396,384.8382873535156,1003.5595092773438,0.9491278529167175,366.7964172363281,1034.271240234375,0.06087428331375122,388.0598449707031,1024.950927734375,0.7842998504638672,453.1465759277344,1028.37158203125,0.07148432731628418,444.9268493652344,1023.8502807617188,0.8214144706726074,478.447265625,1053.31103515625,0.17675837874412537,431.9927062988281,1043.6461181640625,0.6037642955780029,501.71343994140625,1037.6258544921875,0.9323744773864746,626.5497436523438,1047.50927734375,0.16987812519073486
962,358.8157043457031,1013.9037475585938,0.9956960678100586,346.5456848144531,996.5183715820312,0.9151257276535034,341.0440979003906,1022.1792602539062,0.6517424583435059,360.55938720703125,1021.1554565429688,0.7816574573516846,377.9748840332031,996.7466430664062,0.06610697507858276,545.4016723632812,464.9205627441406,0.015569955110549927,385.0318603515625,1003.2760620117188,0.9434833526611328,366.53729248046875,1034.1951904296875,0.06275016069412231,388.180419921875,1024.7493896484375,0.7731641530990601,453.334228515625,1028.1824951171875,0.06463009119033813,442.6417236328125,1026.77099609375,0.8288179636001587,478.1582336425781,1053.512939453125,0.15875381231307983,431.8110656738281,1043.702880859375,0.6282964944839478,501.8233337402344,1037.4990234375,0.9398598670959473,625.6285400390625,1047.79248046875,0.16482669115066528
963,358.84210205078125,1013.3056030273438,0.9952297210693359,346.7555236816406,996.3845825195312,0.9197988510131836,341.2534484863281,1022.1837158203125,0.5992711186408997,360.4787902832031,1020.75341796875,0.7194262146949768,378.2315979003906,996.9451904296875,0.07235550880432129,545.5377807617188,464.75970458984375,0.015410840511322021,385.8807067871094,1003.1236572265625,0.9415417313575745,366.1847229003906,1034.088623046875,0.06152293086051941,388.5592956542969,1024.955322265625,0.7769953608512878,453.80987548828125,1028.4366455078125,0.0716865062713623,442.7182922363281,1024.83251953125,0.825825572013855,477.4505920410156,1053.277587890625,0.19078859686851501,432.3049011230469,1044.129638671875,0.6389646530151367,501.5406494140625,1038.2430419921875,0.9365653991699219,626.264892578125,1048.3135986328125,0.15388184785842896
964,358.7020568847656,1013.25390625,0.9954408407211304,346.9194641113281,996.3793334960938,0.9194819927215576,341.1697692871094,1022.1725463867188,0.6075795888900757,360.36053466796875,1020.7099609375,0.7305349707603455,378.2442932128906,996.8921508789062,0.07390999794006348,545.409912109375,464.7335205078125,0.01542353630065918,385.8201904296875,1003.2835693359375,0.9452759027481079,366.0934753417969,1034.085205078125,0.06081348657608032,388.5193786621094,1024.9866943359375,0.7768876552581787,453.7893371582031,1028.452392578125,0.07216498255729675,442.71575927734375,1024.863037109375,0.8266944885253906,477.446533203125,1053.279052734375,0.19052138924598694,432.3366394042969,1044.1607666015625,0.639015793800354,501.5408020019531,1038.2379150390625,0.9364654421806335,626.2260131835938,1048.2889404296875,0.1352689564228058
