scorer,DLC_resnet_50_prj_DOGFeb1shuffle1_1030000,DLC_resnet_50_prj_DOGFeb1shuffle1_1030000,DLC_resnet_50_prj_DOGFeb1shuffle1_1030000,DLC_resnet_50_prj_DOGFeb1shuffle1_1030000,DLC_resnet_50_prj_DOGFeb1shuffle1_1030000,DLC_resnet_50_prj_DOGFeb1shuffle1_1030000,DLC_resnet_50_prj_DOGFeb1shuffle1_1030000,DLC_resnet_50_prj_DOGFeb1shuffle1_1030000,DLC_resnet_50_prj_DOGFeb1shuffle1_1030000,DLC_resnet_50_prj_DOGFeb1shuffle1_1030000,DLC_resnet_50_prj_DOGFeb1shuffle1_1030000,DLC_resnet_50_prj_DOGFeb1shuffle1_1030000,DLC_resnet_50_prj_DOGFeb1shuffle1_1030000,DLC_resnet_50_prj_DOGFeb1shuffle1_1030000,DLC_resnet_50_prj_DOGFeb1shuffle1_1030000,DLC_resnet_50_prj_DOGFeb1shuffle1_1030000,DLC_resnet_50_prj_DOGFeb1shuffle1_1030000,DLC_resnet_50_prj_DOGFeb1shuffle1_1030000,DLC_resnet_50_prj_DOGFeb1shuffle1_1030000,DLC_resnet_50_prj_DOGFeb1shuffle1_1030000,DLC_resnet_50_prj_DOGFeb1shuffle1_1030000,DLC_resnet_50_prj_DOGFeb1shuffle1_1030000,DLC_resnet_50_prj_DOGFeb1shuffle1_1030000,DLC_resnet_50_prj_DOGFeb1shuffle1_1030000,DLC_resnet_50_prj_DOGFeb1shuffle1_1030000,DLC_resnet_50_prj_DOGFeb1shuffle1_1030000,DLC_resnet_50_prj_DOGFeb1shuffle1_1030000,DLC_resnet_50_prj_DOGFeb1shuffle1_1030000,DLC_resnet_50_prj_DOGFeb1shuffle1_1030000,DLC_resnet_50_prj_DOGFeb1shuffle1_1030000,DLC_resnet_50_prj_DOGFeb1shuffle1_1030000,DLC_resnet_50_prj_DOGFeb1shuffle1_1030000,DLC_resnet_50_prj_DOGFeb1shuffle1_1030000,DLC_resnet_50_prj_DOGFeb1shuffle1_1030000,DLC_resnet_50_prj_DOGFeb1shuffle1_1030000,DLC_resnet_50_prj_DOGFeb1shuffle1_1030000,DLC_resnet_50_prj_DOGFeb1shuffle1_1030000,DLC_resnet_50_prj_DOGFeb1shuffle1_1030000,DLC_resnet_50_prj_DOGFeb1shuffle1_1030000,DLC_resnet_50_prj_DOGFeb1shuffle1_1030000,DLC_resnet_50_prj_DOGFeb1shuffle1_1030000,DLC_resnet_50_prj_DOGFeb1shuffle1_1030000,DLC_resnet_50_prj_DOGFeb1shuffle1_1030000,DLC_resnet_50_prj_DOGFeb1shuffle1_1030000,DLC_resnet_50_prj_DOGFeb1shuffle1_1030000
bodyparts,nose,nose,nose,front_head_bone,front_head_bone,front_head_bone,angle_of_mouth,angle_of_mouth,angle_of_mouth,mandible_symphysis_body,mandible_symphysis_body,mandible_symphysis_body,thoracic_vertebrae,thoracic_vertebrae,thoracic_vertebrae,right_point_of_elbow,right_point_of_elbow,right_point_of_elbow,left_point_of_elbow,left_point_of_elbow,left_point_of_elbow,right_carpus,right_carpus,right_carpus,left_carpus,left_carpus,left_carpus,right_patella,right_patella,right_patella,left_patella,left_patella,left_patella,right_calcaneus,right_calcaneus,right_calcaneus,left_calcaneus,left_calcaneus,left_calcaneus,lumbosacral_junction,lumbosacral_junction,lumbosacral_junction,end_tail,end_tail,end_tail
coords,x,y,likelihood,x,y,likelihood,x,y,likelihood,x,y,likelihood,x,y,likelihood,x,y,likelihood,x,y,likelihood,x,y,likelihood,x,y,likelihood,x,y,likelihood,x,y,likelihood,x,y,likelihood,x,y,likelihood,x,y,likelihood,x,y,likelihood
0,354.5167236328125,766.5758666992188,0.9038043022155762,252.6808624267578,756.7725830078125,0.792259931564331,304.1313781738281,659.1544799804688,0.06269541382789612,397.53857421875,760.7161865234375,0.9141314029693604,161.10855102539062,761.18505859375,0.01653382182121277,268.4833984375,488.7339172363281,0.0235041081905365,275.623779296875,490.59454345703125,0.895154595375061,445.39410400390625,416.79400634765625,0.2640206813812256,448.7779846191406,417.81121826171875,0.8324699401855469,464.23760986328125,538.2244873046875,0.08143150806427002,439.23736572265625,1082.2108154296875,0.041365742683410645,445.379638671875,532.595703125,0.015653759241104126,96.96412658691406,431.53387451171875,0.011875689029693604,162.72100830078125,761.1839599609375,0.030684828758239746,123.18267059326172,895.0504760742188,0.1632932722568512
1,351.6633605957031,767.9193115234375,0.9082181453704834,252.93862915039062,759.1381225585938,0.7892996072769165,302.5026550292969,661.8428955078125,0.025608181953430176,396.0050048828125,762.53271484375,0.933363139629364,161.50344848632812,761.4762573242188,0.02587398886680603,162.8391876220703,236.652099609375,0.016988813877105713,273.45672607421875,497.3590393066406,0.8918240070343018,443.13958740234375,420.23333740234375,0.3494918644428253,445.3254699707031,421.5774841308594,0.8370438814163208,459.262451171875,537.9940185546875,0.15539348125457764,434.661376953125,1081.9566650390625,0.00798022747039795,94.71070098876953,438.29986572265625,0.0365944504737854,95.10021209716797,444.39453125,0.033217817544937134,163.4375762939453,775.09423828125,0.055899232625961304,118.68287658691406,899.4174194335938,0.2658511996269226
2,349.8514404296875,769.75,0.9250553846359253,253.61529541015625,761.6930541992188,0.7933110594749451,302.8249206542969,669.2872924804688,0.05368003249168396,394.1937561035156,766.8963012695312,0.9387632608413696,333.22625732421875,635.2537231445312,0.044508904218673706,172.0562286376953,734.073486328125,0.033517271280288696,271.90081787109375,498.03106689453125,0.8752664923667908,442.4615478515625,421.6550598144531,0.26342564821243286,444.5624084472656,422.9496154785156,0.7939057946205139,453.5854797363281,538.201171875,0.198215514421463,128.81765747070312,468.1957702636719,0.025411158800125122,93.63990783691406,439.707275390625,0.04385969042778015,93.99820709228516,446.20556640625,0.05155596137046814,162.49456787109375,774.240966796875,0.0423218309879303,118.44549560546875,900.1917724609375,0.1964728832244873
3,350.1730041503906,770.45703125,0.92286217212677,252.8678741455078,763.3274536132812,0.8017444014549255,301.6016540527344,669.5007934570312,0.05882081389427185,393.2106628417969,767.858642578125,0.9320275783538818,333.8488464355469,636.3612060546875,0.033677518367767334,171.9053192138672,734.1032104492188,0.02917972207069397,272.4052429199219,498.92901611328125,0.8965500593185425,442.3418884277344,423.4472961425781,0.19961276650428772,444.69525146484375,424.1824951171875,0.7979782819747925,452.75341796875,539.5303344726562,0.21827206015586853,126.62427520751953,465.862060546875,0.013252735137939453,94.04537963867188,445.2078552246094,0.023506075143814087,94.44068145751953,446.3637390136719,0.02845284342765808,162.00042724609375,775.0040283203125,0.025237947702407837,117.32990264892578,900.1009521484375,0.14259284734725952
4,349.3388366699219,770.1611328125,0.9478247165679932,252.30458068847656,764.2628784179688,0.833088755607605,390.0176086425781,729.1060180664062,0.04288226366043091,393.162353515625,768.3233642578125,0.9511045217514038,160.51734924316406,760.761474609375,0.027039796113967896,171.61277770996094,733.5193481445312,0.0329456627368927,272.2826843261719,499.7133483886719,0.9239300489425659,441.3225402832031,424.7873229980469,0.26006996631622314,444.1555480957031,424.8731689453125,0.800511360168457,452.2662048339844,539.5469970703125,0.17187711596488953,126.93605041503906,466.26763916015625,0.03053709864616394,94.57689666748047,444.1280517578125,0.015031993389129639,95.00636291503906,445.3589172363281,0.021714389324188232,350.5478820800781,443.4194641113281,0.01955893635749817,116.706787109375,901.628173828125,0.144951730966568
5,349.9941711425781,769.9539794921875,0.9148073792457581,252.35626220703125,765.2071533203125,0.791750967502594,298.041015625,663.3846435546875,0.05665251612663269,393.5324401855469,769.626220703125,0.9359108209609985,332.578369140625,636.4404907226562,0.03385162353515625,172.7862091064453,733.55322265625,0.02498757839202881,272.3599548339844,500.1312255859375,0.8902198076248169,441.3722229003906,424.5389709472656,0.20346421003341675,444.2183532714844,424.9114990234375,0.7920486330986023,458.9151916503906,539.9224853515625,0.1335865557193756,125.92081451416016,466.78411865234375,0.01690727472305298,95.82266235351562,445.1435241699219,0.01680508255958557,96.36799621582031,446.1163635253906,0.01581209897994995,161.64894104003906,774.3755493164062,0.022322237491607666,116.08041381835938,905.6372680664062,0.1014549732208252
6,349.86492919921875,770.1574096679688,0.8804540038108826,247.18545532226562,768.9121704101562,0.7635551691055298,299.0224304199219,667.4805297851562,0.05752113461494446,394.3139953613281,771.601806640625,0.9392985105514526,363.98260498046875,529.6170043945312,0.020223349332809448,173.2250213623047,733.5042724609375,0.034156620502471924,273.31121826171875,501.5485534667969,0.9199275970458984,438.41802978515625,427.1961975097656,0.23247453570365906,443.6030578613281,427.2127380371094,0.7569671273231506,467.6058044433594,539.868408203125,0.10162141919136047,125.20600891113281,466.20501708984375,0.019300222396850586,94.95201110839844,447.766357421875,0.03973454236984253,95.8314437866211,448.9192810058594,0.030187785625457764,160.83871459960938,775.033935546875,0.0179121196269989,115.59191131591797,907.1693115234375,0.13532909750938416
7,349.60992431640625,770.7523193359375,0.8665319085121155,247.29661560058594,768.4564819335938,0.7928494215011597,298.9681701660156,668.9608764648438,0.055254846811294556,394.9064025878906,771.2340698242188,0.9396780133247375,333.4818420410156,636.5066528320312,0.020408719778060913,173.46897888183594,733.03955078125,0.04262080788612366,273.83905029296875,501.9889831542969,0.9332196712493896,438.86212158203125,427.23974609375,0.2390829622745514,444.17718505859375,427.1158447265625,0.7584847211837769,468.09259033203125,539.894775390625,0.08065786957740784,125.19140625,466.83160400390625,0.02292656898498535,95.20575714111328,447.9813232421875,0.03813818097114563,96.05679321289062,449.09332275390625,0.030088871717453003,160.9136199951172,775.326416015625,0.017415255308151245,115.62285614013672,907.2169799804688,0.13625305891036987
8,350.6618347167969,770.531982421875,0.9322026968002319,252.4881134033203,767.2042236328125,0.7777135968208313,299.84722900390625,668.0574951171875,0.08390456438064575,394.9808044433594,771.2828369140625,0.9399124383926392,164.17665100097656,755.1915283203125,0.01677083969116211,363.1231689453125,556.9656372070312,0.024851620197296143,273.70751953125,500.8747863769531,0.9331597685813904,441.423828125,426.225341796875,0.25688111782073975,444.3606872558594,426.2655334472656,0.771328330039978,468.34637451171875,540.0106811523438,0.14040866494178772,124.95612335205078,465.69775390625,0.014876633882522583,96.13760375976562,447.5080261230469,0.052959144115448,97.07642364501953,448.3328552246094,0.03053763508796692,161.9668426513672,774.2870483398438,0.020192384719848633,115.9112548828125,907.16650390625,0.11097732186317444
9,351.0174255371094,770.6136474609375,0.9369192719459534,248.62997436523438,767.5236206054688,0.7927528023719788,300.014892578125,667.0509643554688,0.07087433338165283,395.09283447265625,771.0272827148438,0.9373424053192139,164.53317260742188,755.6730346679688,0.01760345697402954,336.0528564453125,608.3447265625,0.022355079650878906,273.0929870605469,501.0048522949219,0.9329100847244263,441.97625732421875,425.9256286621094,0.27739161252975464,444.91461181640625,426.0223083496094,0.7656327486038208,468.18634033203125,540.3545532226562,0.15662828087806702,125.24608612060547,466.1095886230469,0.012349218130111694,96.5438003540039,447.5054931640625,0.046521782875061035,97.68565368652344,448.26953125,0.0271245539188385,162.1783905029297,774.1372680664062,0.03060510754585266,116.12806701660156,907.1506958007812,0.10948836803436279
10,351.0879821777344,770.64111328125,0.9443135261535645,252.46163940429688,768.061767578125,0.7620676159858704,301.67218017578125,669.927978515625,0.04680353403091431,395.0826110839844,771.0555419921875,0.9415137767791748,334.5848693847656,633.962158203125,0.02864721417427063,175.3327178955078,734.8322143554688,0.0266798734664917,272.2910461425781,501.1190490722656,0.9049720764160156,441.3262634277344,426.3110656738281,0.26697617769241333,444.4326477050781,426.3060302734375,0.7566750049591064,468.0946044921875,540.6327514648438,0.15823686122894287,473.68328857421875,540.2002563476562,0.009805113077163696,97.0570297241211,447.3934020996094,0.04620024561882019,98.17977142333984,448.2996520996094,0.018484562635421753,159.95263671875,772.2091674804688,0.02202501893043518,115.63571166992188,907.6990356445312,0.13453921675682068
11,350.7042541503906,772.1862182617188,0.898563027381897,247.78005981445312,767.7289428710938,0.7778662443161011,300.5376281738281,669.1289672851562,0.04957011342048645,395.8782653808594,772.0682983398438,0.9440927505493164,332.7306213378906,650.74658203125,0.024541497230529785,175.26483154296875,734.3818359375,0.028681963682174683,272.7228088378906,502.3143615722656,0.9122006893157959,441.871337890625,427.1163635253906,0.3515431582927704,444.728759765625,427.31829833984375,0.7368384599685669,468.62432861328125,540.4976806640625,0.13863441348075867,474.044189453125,540.2202758789062,0.00969192385673523,97.35340881347656,448.0733642578125,0.04040983319282532,98.2369155883789,448.82989501953125,0.014042377471923828,161.74069213867188,775.0712280273438,0.01458132266998291,115.30166625976562,908.9466552734375,0.17287880182266235
12,350.2008056640625,772.6852416992188,0.8530129194259644,247.0704803466797,768.5859985351562,0.8194090127944946,299.7220153808594,670.3099365234375,0.048974305391311646,395.60888671875,772.9323120117188,0.9338454008102417,260.72174072265625,476.33868408203125,0.015594899654388428,174.367431640625,734.3762817382812,0.036159247159957886,273.3350524902344,502.6554260253906,0.8888770341873169,441.3290100097656,427.8892822265625,0.2604442238807678,444.2403869628906,427.949951171875,0.7462573647499084,468.1416931152344,540.370849609375,0.07094517350196838,124.62982177734375,466.1869201660156,0.009050220251083374,95.0999755859375,447.9720458984375,0.04922613501548767,96.29168701171875,448.82708740234375,0.021505296230316162,60.737953186035156,879.0847778320312,0.014999181032180786,115.23247528076172,908.5131225585938,0.15753138065338135
13,349.271484375,773.2810668945312,0.7867202758789062,246.7597198486328,768.687255859375,0.8091799020767212,395.5560607910156,736.0179443359375,0.03594094514846802,394.5067138671875,772.0887451171875,0.945866048336029,356.5235290527344,529.1735229492188,0.019697517156600952,172.37454223632812,732.7017211914062,0.060588568449020386,272.2153015136719,502.9335632324219,0.9206058979034424,440.6257019042969,427.65570068359375,0.28085893392562866,443.94146728515625,427.61431884765625,0.749309778213501,452.29180908203125,535.3012084960938,0.0746416449546814,125.11685943603516,470.5396423339844,0.016776442527770996,93.61823272705078,447.1026306152344,0.07176452875137329,94.44154357910156,448.17950439453125,0.034213900566101074,59.61690139770508,879.9354248046875,0.013838887214660645,114.697998046875,908.1616821289062,0.13304609060287476
14,346.849853515625,771.571533203125,0.8409856557846069,246.10037231445312,768.7334594726562,0.8003444671630859,390.31231689453125,735.394287109375,0.03914749622344971,394.0212707519531,771.0926513671875,0.9517059326171875,332.21563720703125,636.3959350585938,0.020328491926193237,172.24942016601562,731.9097290039062,0.0379258394241333,272.16864013671875,501.8947448730469,0.913382887840271,440.42730712890625,427.23626708984375,0.2783546447753906,443.4123229980469,427.2384948730469,0.7359273433685303,452.7897644042969,539.9063720703125,0.0913199782371521,160.40089416503906,696.4408569335938,0.01787465810775757,93.23140716552734,446.4808349609375,0.012882322072982788,93.75655364990234,447.4460144042969,0.008978098630905151,60.148799896240234,879.4744262695312,0.014295607805252075,115.24783325195312,907.632568359375,0.158253014087677
15,347.4036560058594,771.0389404296875,0.8816145658493042,246.60345458984375,767.766845703125,0.801766574382782,390.64013671875,729.499267578125,0.0393834114074707,393.5864562988281,770.6834716796875,0.9509459733963013,163.14459228515625,754.1075439453125,0.02348417043685913,171.55906677246094,731.79736328125,0.041874319314956665,272.1585998535156,500.7142639160156,0.913557767868042,440.0821533203125,426.3589782714844,0.21665579080581665,443.1513366699219,426.2666931152344,0.7326581478118896,452.87213134765625,539.5338134765625,0.13174906373023987,160.28208923339844,695.63037109375,0.02874314785003662,442.882080078125,542.6148071289062,0.008972018957138062,94.55854797363281,447.4833679199219,0.007638096809387207,61.09012985229492,878.9524536132812,0.011751949787139893,114.56608581542969,907.5516967773438,0.11020180583000183
16,349.26715087890625,769.7328491210938,0.8600150346755981,246.88087463378906,767.0294799804688,0.7767903804779053,390.458984375,735.40966796875,0.04610779881477356,394.74029541015625,770.8602294921875,0.9470460414886475,332.95208740234375,635.881103515625,0.027302414178848267,173.31796264648438,732.731689453125,0.029398202896118164,272.32830810546875,501.57086181640625,0.9186354875564575,441.20556640625,425.8241882324219,0.2555680572986603,443.73602294921875,426.1828918457031,0.7379770278930664,459.2908935546875,539.4956665039062,0.13506636023521423,160.9170684814453,695.4515380859375,0.020235657691955566,95.46266174316406,445.7471618652344,0.01645800471305847,96.33129119873047,446.8607177734375,0.010656625032424927,161.43687438964844,775.0173950195312,0.016380488872528076,115.08738708496094,907.8682861328125,0.1724080741405487
17,349.54364013671875,771.9072875976562,0.8357110023498535,247.3495330810547,768.0318603515625,0.807436466217041,390.2834167480469,736.2131958007812,0.06293368339538574,395.223388671875,771.6937866210938,0.9461610317230225,163.386474609375,755.0206298828125,0.01851782202720642,173.54415893554688,734.0736083984375,0.03178280591964722,272.8200988769531,500.8923034667969,0.924742579460144,441.6907958984375,425.7071533203125,0.33130553364753723,444.294921875,426.2981872558594,0.7271308302879333,467.2877197265625,540.2139892578125,0.14903515577316284,434.9238586425781,1095.9775390625,0.01830461621284485,95.97959899902344,445.8959655761719,0.01636907458305359,97.1436767578125,446.7728271484375,0.010200798511505127,161.29383850097656,774.5923461914062,0.010972708463668823,103.99658966064453,537.2745971679688,0.12110915780067444
18,351.9788818359375,772.97119140625,0.8987129926681519,248.037109375,767.818359375,0.7531041502952576,300.0719299316406,669.3795776367188,0.06807699799537659,396.4195556640625,772.7223510742188,0.9381755590438843,331.5370178222656,650.689208984375,0.023223906755447388,174.13565063476562,734.7055053710938,0.029620081186294556,272.6698913574219,501.24774169921875,0.9188334941864014,442.8969421386719,426.01580810546875,0.32208433747291565,445.4695739746094,426.33294677734375,0.7298537492752075,467.627685546875,540.4586791992188,0.16036632657051086,436.2305603027344,1095.9464111328125,0.02112865447998047,96.81474304199219,447.06414794921875,0.02024364471435547,98.54141998291016,446.0848388671875,0.00716206431388855,162.0559539794922,774.9371948242188,0.015077531337738037,114.62183380126953,908.6926879882812,0.13363713026046753
19,352.35516357421875,773.5287475585938,0.9044373035430908,248.5751190185547,767.8289794921875,0.7969800233840942,395.3165283203125,735.0736083984375,0.044746607542037964,397.1489562988281,772.1921997070312,0.9427427053451538,331.2296447753906,650.1473388671875,0.024859100580215454,174.71839904785156,749.6005859375,0.03762561082839966,274.52056884765625,501.57073974609375,0.9292916059494019,442.9781799316406,426.69171142578125,0.26210930943489075,445.99755859375,426.9472961425781,0.7410293817520142,468.31585693359375,541.377685546875,0.11445048451423645,437.1771545410156,1096.13232421875,0.01812615990638733,444.31903076171875,542.2377319335938,0.014981508255004883,98.6567611694336,446.6974792480469,0.005377739667892456,158.6841583251953,774.7092895507812,0.019106626510620117,115.51165008544922,909.4769287109375,0.1109575629234314
20,353.8070068359375,774.1618041992188,0.9076306223869324,249.1839599609375,767.8392333984375,0.7502301335334778,299.94287109375,668.624267578125,0.05526271462440491,397.95208740234375,772.5573120117188,0.9678542613983154,173.8485870361328,734.4295043945312,0.01612260937690735,176.0454559326172,749.548095703125,0.04105955362319946,275.17950439453125,502.04296875,0.9103649854660034,447.3627624511719,426.2597351074219,0.2733820080757141,447.2773742675781,427.8359680175781,0.732506275177002,469.98516845703125,541.2338256835938,0.1293202042579651,437.0193786621094,1096.794921875,0.0075852274894714355,97.80538940429688,444.5982666015625,0.013452291488647461,451.59149169921875,429.1006774902344,0.005842119455337524,163.80177307128906,775.717041015625,0.010092079639434814,122.10726165771484,909.1817626953125,0.09706887602806091
21,354.0483093261719,774.206298828125,0.9216197729110718,249.6283416748047,768.06591796875,0.7273275852203369,396.0477600097656,727.7556762695312,0.06365498900413513,397.49822998046875,773.22998046875,0.973526656627655,251.9846649169922,3.5614423751831055,0.01631990075111389,349.3196105957031,572.7271118164062,0.03229120373725891,275.07476806640625,502.0379943847656,0.9008671045303345,447.3463134765625,425.6498718261719,0.2851299047470093,447.4439392089844,427.3327331542969,0.7090765833854675,469.4716796875,541.2288208007812,0.1787312924861908,436.440673828125,1096.5517578125,0.009002000093460083,444.57391357421875,542.3755493164062,0.013409942388534546,451.4644775390625,428.6683349609375,0.005488067865371704,164.75462341308594,775.5811157226562,0.014036864042282104,122.44087982177734,908.90625,0.12635013461112976
22,355.4503479003906,774.698486328125,0.9156745672225952,250.928955078125,769.1421508789062,0.7047283053398132,301.596923828125,670.1951904296875,0.08579546213150024,398.28424072265625,773.6854248046875,0.9678348302841187,174.1786346435547,741.3389282226562,0.02299562096595764,156.29981994628906,273.55517578125,0.013883143663406372,275.3216857910156,502.59954833984375,0.9196557998657227,448.4119873046875,425.9115295410156,0.4012607932090759,449.03509521484375,426.3919372558594,0.6375212073326111,469.9005432128906,540.572265625,0.14630281925201416,145.54071044921875,471.4200439453125,0.00976291298866272,100.49307250976562,445.1424865722656,0.027604401111602783,101.16304779052734,446.6319580078125,0.014622718095779419,165.79653930664062,776.3062744140625,0.020643800497055054,122.24993896484375,908.7908935546875,0.13952413201332092
23,357.4030456542969,775.5638427734375,0.891703188419342,259.0256652832031,768.7674560546875,0.6645524501800537,306.7601318359375,669.4375610351562,0.09456691145896912,400.0589904785156,774.5712890625,0.9248876571655273,173.0017852783203,761.9017944335938,0.015175610780715942,185.27198791503906,724.9464111328125,0.019588440656661987,278.21575927734375,502.4867248535156,0.9024428129196167,451.8814697265625,426.34375,0.36010706424713135,453.5966491699219,426.4194030761719,0.587974488735199,471.0433044433594,538.6583862304688,0.12487885355949402,223.07984924316406,533.1052856445312,0.007030367851257324,104.77613830566406,445.318359375,0.023530393838882446,104.5261001586914,446.86199951171875,0.021651089191436768,170.89276123046875,776.30615234375,0.021151691675186157,127.49079895019531,908.0728149414062,0.10710304975509644
24,357.9369812011719,776.0828857421875,0.8840735554695129,259.2082824707031,769.2039184570312,0.6657289266586304,306.8348388671875,669.2277221679688,0.09582215547561646,400.18670654296875,775.3173828125,0.9310415387153625,172.79440307617188,762.5886840820312,0.01832643151283264,185.7569580078125,725.5665283203125,0.019499242305755615,277.0943603515625,503.065185546875,0.9018435478210449,452.2838134765625,426.9285583496094,0.23496055603027344,453.7906188964844,428.2270202636719,0.6335136294364929,472.082763671875,538.6640014648438,0.14575204253196716,140.14224243164062,471.63916015625,0.01115390658378601,102.01099395751953,446.708740234375,0.025539040565490723,104.32408142089844,446.4026794433594,0.025458872318267822,171.20211791992188,776.4666748046875,0.025211066007614136,128.60076904296875,907.9246215820312,0.08464917540550232
25,358.6962585449219,775.8330078125,0.8811811804771423,261.11773681640625,768.8610229492188,0.7079834342002869,402.24560546875,731.7000732421875,0.053748875856399536,402.0172119140625,772.7283325195312,0.9409701824188232,175.55567932128906,755.1314086914062,0.016299188137054443,184.8541717529297,730.8807373046875,0.03813430666923523,278.6522521972656,502.64019775390625,0.9209855198860168,452.91162109375,427.22430419921875,0.39667564630508423,454.45135498046875,426.8687438964844,0.5502229332923889,470.1794128417969,538.0137939453125,0.171054869890213,139.30906677246094,468.2832336425781,0.01301315426826477,105.44291687011719,446.08319091796875,0.01996016502380371,105.73160552978516,447.4425964355469,0.013172000646591187,318.625,588.632568359375,0.04378318786621094,129.83392333984375,908.267822265625,0.10070502758026123
26,360.2787170410156,772.437744140625,0.8832225799560547,261.510009765625,767.6849365234375,0.7141312956809998,403.4973449707031,730.6874389648438,0.0380023717880249,403.2640686035156,771.406005859375,0.9462713003158569,177.1112060546875,754.3703002929688,0.022565871477127075,185.72531127929688,730.9495849609375,0.05462643504142761,279.472900390625,502.3990783691406,0.892086386680603,453.794921875,425.1256103515625,0.3091835677623749,455.5147399902344,427.7919006347656,0.6213681697845459,469.5403137207031,537.10107421875,0.24409422278404236,709.2850952148438,444.6785888671875,0.009034574031829834,106.77786254882812,446.533447265625,0.010051995515823364,459.7142333984375,428.3746032714844,0.003788977861404419,74.59867858886719,878.0640258789062,0.009562194347381592,130.26187133789062,907.4232177734375,0.0991412103176117
27,360.2880859375,774.095703125,0.8967075943946838,261.7860412597656,769.0358276367188,0.7569094300270081,403.6328125,731.2371215820312,0.047543883323669434,402.3125,771.2026977539062,0.9449846744537354,176.28158569335938,754.6773681640625,0.019215643405914307,185.7118682861328,730.550048828125,0.06096017360687256,279.4289245605469,501.98516845703125,0.8962129354476929,452.14154052734375,426.0059814453125,0.2859853208065033,453.8984375,426.5958251953125,0.57187819480896,470.1504211425781,537.401123046875,0.29148179292678833,709.147705078125,444.34326171875,0.01095890998840332,106.57744598388672,447.09710693359375,0.012676894664764404,106.0361557006836,452.3994140625,0.005518466234207153,316.7459411621094,588.8411865234375,0.01060137152671814,129.53958129882812,907.747802734375,0.08273881673812866
28,360.3702697753906,774.6679077148438,0.877103328704834,261.67474365234375,769.0322265625,0.7448596954345703,404.02215576171875,732.0709838867188,0.04524227976799011,403.4147033691406,772.4188232421875,0.9274308085441589,173.62554931640625,774.9509887695312,0.016802579164505005,185.92474365234375,730.9586791992188,0.0459902286529541,279.6773681640625,502.8677062988281,0.9049791097640991,452.2625732421875,426.8413391113281,0.32666292786598206,454.2370300292969,426.6643981933594,0.5505274534225464,470.5585632324219,537.7090454101562,0.23064878582954407,223.2149658203125,533.4371337890625,0.008576929569244385,106.67726135253906,446.5377502441406,0.018785029649734497,106.8340072631836,447.9736328125,0.005931645631790161,318.830810546875,588.4949951171875,0.03257724642753601,130.17388916015625,908.71484375,0.07396844029426575
29,360.41949462890625,775.0093383789062,0.8730933666229248,261.7313537597656,769.325927734375,0.7343911528587341,404.03192138671875,732.5687255859375,0.03946655988693237,403.880859375,772.7374267578125,0.9323095083236694,177.16783142089844,754.656982421875,0.016904443502426147,186.40768432617188,731.8561401367188,0.0468234121799469,279.00689697265625,502.7781677246094,0.9076870679855347,452.2285461425781,426.0692138671875,0.27111244201660156,454.0121154785156,426.1169738769531,0.5775413513183594,470.24151611328125,537.6561279296875,0.266733318567276,709.2716064453125,444.3434753417969,0.007955342531204224,106.48026275634766,446.34893798828125,0.01939454674720764,106.64107513427734,447.7532653808594,0.008577555418014526,318.7731018066406,588.4295654296875,0.02751898765563965,130.69384765625,909.0971069335938,0.113758385181427
30,360.2521667480469,775.026123046875,0.8806139230728149,262.5047302246094,769.6640625,0.7371543049812317,404.1857604980469,733.11279296875,0.04133674502372742,404.1769104003906,772.8541259765625,0.9286110401153564,173.48287963867188,775.783447265625,0.019834250211715698,186.8707733154297,732.3009033203125,0.047007232904434204,278.8956604003906,502.8684387207031,0.9044613838195801,452.1787109375,426.13006591796875,0.3028128445148468,454.08514404296875,425.9671936035156,0.5611259937286377,470.0716552734375,537.775634765625,0.2524012327194214,475.7652282714844,539.3082885742188,0.009327322244644165,105.45478820800781,445.9808044433594,0.026819944381713867,105.75996398925781,447.02117919921875,0.009050071239471436,319.19000244140625,588.4342041015625,0.02953726053237915,131.05848693847656,909.3658447265625,0.13321885466575623
31,360.4114990234375,776.2142333984375,0.858110249042511,262.0770568847656,770.3228149414062,0.7561022043228149,405.3015441894531,737.508544921875,0.043005138635635376,406.0962219238281,773.7703247070312,0.9319506883621216,74.38530731201172,877.5612182617188,0.017566293478012085,184.11895751953125,739.7665405273438,0.04354473948478699,279.08038330078125,502.8426208496094,0.8980152010917664,451.4837646484375,426.2244567871094,0.33648383617401123,453.5664367675781,426.3499755859375,0.5860459804534912,472.4280700683594,538.0700073242188,0.22344255447387695,450.0448913574219,1097.3958740234375,0.013910919427871704,105.7737808227539,446.3054504394531,0.03009214997291565,105.96817779541016,447.44708251953125,0.009500205516815186,319.089599609375,588.1444091796875,0.04439157247543335,130.55401611328125,912.60888671875,0.1609058380126953
32,361.2779235839844,775.4312133789062,0.8562150001525879,263.16253662109375,769.3472290039062,0.8118553161621094,404.9139404296875,731.94677734375,0.03963443636894226,408.3678894042969,773.913818359375,0.9286835193634033,74.89286804199219,877.5020141601562,0.01816156506538391,187.90687561035156,731.4423828125,0.04938289523124695,280.6500244140625,502.6939392089844,0.8873193264007568,452.2842712402344,425.69769287109375,0.3026803731918335,454.2663879394531,425.52325439453125,0.5705017447471619,473.336669921875,538.5658569335938,0.1647036373615265,174.13162231445312,697.8699340820312,0.016870319843292236,107.4844970703125,446.5578918457031,0.0114937424659729,468.8911437988281,418.2130432128906,0.005529880523681641,319.03662109375,588.75830078125,0.021227926015853882,130.203369140625,909.9129028320312,0.12848982214927673
33,362.1535949707031,776.9519653320312,0.844760000705719,266.9926452636719,770.2589721679688,0.8054511547088623,406.205322265625,736.1810302734375,0.02860790491104126,410.5834045410156,774.7647705078125,0.9341850280761719,372.09552001953125,529.6069946289062,0.01671844720840454,185.49032592773438,740.7946166992188,0.040461719036102295,286.34674072265625,502.0753173828125,0.9002687931060791,452.8565368652344,425.7259826660156,0.28132981061935425,454.5932922363281,425.79876708984375,0.5999559164047241,469.0457458496094,538.0735473632812,0.220994234085083,451.98583984375,1096.6429443359375,0.015112757682800293,107.66792297363281,446.0827331542969,0.013180971145629883,315.15289306640625,589.086669921875,0.007037997245788574,321.8446350097656,587.2589111328125,0.03239923715591431,130.72573852539062,913.2706909179688,0.13037458062171936
34,363.8739318847656,780.2169799804688,0.879387617111206,266.5776672363281,770.896484375,0.8153719902038574,312.5296325683594,667.55615234375,0.03922712802886963,411.85650634765625,774.6885375976562,0.919689416885376,178.2058563232422,762.5970458984375,0.023862600326538086,186.66664123535156,749.02978515625,0.031689077615737915,286.1397705078125,504.0469970703125,0.8792368173599243,452.6629638671875,427.239501953125,0.2356567084789276,453.3461608886719,429.318359375,0.6792587041854858,470.162841796875,538.4735107421875,0.21074363589286804,175.52978515625,698.5410766601562,0.017757445573806763,458.7124328613281,542.53466796875,0.012224316596984863,315.5815124511719,590.1196899414062,0.007786422967910767,323.1506652832031,587.738525390625,0.03209954500198364,132.0148468017578,913.4518432617188,0.1839805245399475
35,364.62347412109375,778.4920654296875,0.8361347913742065,266.98504638671875,771.982666015625,0.7892228364944458,312.34625244140625,669.4464111328125,0.0543346107006073,412.0667724609375,775.6287841796875,0.9240392446517944,178.0083770751953,762.4349365234375,0.020847350358963013,188.12583923339844,749.377197265625,0.043264806270599365,281.85845947265625,504.4302673339844,0.8759490251541138,452.7163391113281,427.2744140625,0.24390199780464172,453.6976623535156,429.48614501953125,0.6703714728355408,470.1282653808594,538.8997802734375,0.1530313491821289,452.99810791015625,1097.4871826171875,0.01200646162033081,107.7426986694336,447.8321228027344,0.026716887950897217,108.13925170898438,449.58526611328125,0.01056891679763794,322.9952697753906,588.0017700195312,0.030597537755966187,133.0760498046875,913.5792846679688,0.2035418152809143
36,365.67999267578125,779.70361328125,0.8438288569450378,267.9569091796875,771.7609252929688,0.7883985042572021,313.1123046875,670.8306884765625,0.05854994058609009,412.9744873046875,775.8143310546875,0.919590413570404,347.7832946777344,651.4337768554688,0.03206920623779297,188.32223510742188,749.9605102539062,0.039353370666503906,288.2413635253906,504.6027526855469,0.8897511959075928,453.4723205566406,427.28131103515625,0.21900084614753723,454.0744934082031,429.6323547363281,0.7213073968887329,469.49700927734375,539.6931762695312,0.10485857725143433,486.8351745605469,513.3128662109375,0.008369594812393188,108.8438491821289,447.8975830078125,0.035118550062179565,109.56598663330078,449.3910217285156,0.014565140008926392,323.97625732421875,587.988037109375,0.042388916015625,133.37149047851562,913.9334106445312,0.2213980257511139
37,366.1172790527344,780.181884765625,0.8613522052764893,268.3073425292969,772.9664916992188,0.8292344212532043,313.66943359375,672.1149291992188,0.05554118752479553,412.7950439453125,775.776611328125,0.9260386228561401,347.794189453125,651.75,0.023395776748657227,188.4590301513672,749.9046020507812,0.03448766469955444,288.9496765136719,505.8324890136719,0.8574079275131226,453.3125305175781,428.2702331542969,0.18836376070976257,454.4135437011719,430.2581481933594,0.7668153047561646,474.7603759765625,539.9187622070312,0.08421596884727478,708.0169677734375,461.5863342285156,0.0090867280960083,108.686767578125,448.0057678222656,0.058383047580718994,109.96588897705078,449.7698974609375,0.030515223741531372,322.03265380859375,586.9640502929688,0.02240261435508728,132.89508056640625,914.5459594726562,0.22258281707763672
38,366.8430480957031,780.6511840820312,0.8983782529830933,268.661865234375,774.1920776367188,0.8176525831222534,314.3597717285156,673.4834594726562,0.058243364095687866,413.3393859863281,776.6359252929688,0.9252076148986816,348.9573974609375,651.8220825195312,0.03269198536872864,189.15736389160156,750.557861328125,0.04324576258659363,288.37640380859375,506.1947326660156,0.8795139193534851,453.73486328125,428.8631286621094,0.19788163900375366,454.7449645996094,430.50201416015625,0.7823567390441895,483.05438232421875,540.5955200195312,0.06000146269798279,708.05615234375,461.66485595703125,0.008003830909729004,110.4434585571289,448.09063720703125,0.0563298761844635,111.75048065185547,449.5960388183594,0.025929421186447144,325.7440185546875,588.7700805664062,0.025621801614761353,134.39205932617188,914.811767578125,0.18066447973251343
39,368.9011535644531,782.0897827148438,0.929938554763794,268.427734375,774.3348388671875,0.8205845952033997,314.91815185546875,676.8999633789062,0.06624382734298706,414.1402587890625,776.9037475585938,0.9242914319038391,347.7330322265625,651.3504028320312,0.01895013451576233,189.87498474121094,750.28173828125,0.026411354541778564,289.2081298828125,506.689697265625,0.840954065322876,453.6966552734375,428.7776184082031,0.17896008491516113,454.8996887207031,430.8695373535156,0.7949208617210388,483.5184020996094,541.126220703125,0.07697030901908875,461.6722717285156,1100.048095703125,0.007067173719406128,110.9343490600586,450.0449523925781,0.049893468618392944,112.41734313964844,449.6618347167969,0.02822604775428772,326.1454162597656,588.9789428710938,0.02335667610168457,138.3271026611328,911.7178955078125,0.18957912921905518
40,369.47222900390625,782.091552734375,0.939860999584198,268.4574279785156,774.5750122070312,0.8111377954483032,315.38043212890625,676.908203125,0.0488491952419281,413.8441467285156,777.1253051757812,0.9399600625038147,354.7266845703125,649.9152221679688,0.017055273056030273,190.55020141601562,749.896240234375,0.020773380994796753,290.0487976074219,506.9693908691406,0.8608342409133911,454.0076904296875,428.2707214355469,0.16563314199447632,455.4048767089844,430.4251708984375,0.795285701751709,483.7383117675781,540.3638305664062,0.0779525637626648,488.50970458984375,513.6676025390625,0.007833480834960938,111.47264099121094,450.39752197265625,0.04531383514404297,112.87440490722656,449.5279235839844,0.019639819860458374,325.7937316894531,588.65673828125,0.01837781071662903,138.60447692871094,911.1279907226562,0.1966460943222046
41,370.1337890625,782.0930786132812,0.9346439838409424,268.9975891113281,774.1455688476562,0.8260821104049683,314.4735412597656,675.53759765625,0.041970908641815186,414.6626892089844,777.7421264648438,0.9344872236251831,355.05438232421875,649.3858642578125,0.024966657161712646,156.81216430664062,282.1954040527344,0.03312942385673523,289.4670104980469,506.7137756347656,0.8550739288330078,456.7592468261719,427.4086608886719,0.17417067289352417,460.44244384765625,427.2734375,0.783633828163147,484.2480773925781,540.5548095703125,0.10703349113464355,488.66162109375,514.5000610351562,0.014479786157608032,111.49231719970703,447.79864501953125,0.03838068246841431,112.52957153320312,448.70654296875,0.014294624328613281,184.73001098632812,791.6851196289062,0.011265367269515991,139.68789672851562,910.6668090820312,0.1746271848678589
42,370.831787109375,782.5142211914062,0.9339199066162109,269.2762145996094,774.3988037109375,0.8083397150039673,318.3529968261719,673.5575561523438,0.03958320617675781,415.9555969238281,778.2770385742188,0.928031325340271,347.2144775390625,649.7565307617188,0.025287866592407227,156.36656188964844,282.7680969238281,0.021122992038726807,289.8027038574219,506.7432556152344,0.8406100273132324,457.697998046875,426.9358825683594,0.13033902645111084,461.19915771484375,427.0791015625,0.8036835193634033,484.37005615234375,540.6322631835938,0.1039402186870575,489.6002197265625,514.75830078125,0.011965245008468628,459.9611511230469,541.6119384765625,0.03436911106109619,465.9129943847656,428.0498046875,0.008673280477523804,186.78720092773438,791.66015625,0.014639526605606079,142.48605346679688,914.0255126953125,0.14548510313034058
43,371.5456848144531,783.2820434570312,0.9322102069854736,269.8590087890625,775.0489501953125,0.8042973875999451,413.3105773925781,733.778076171875,0.040491312742233276,416.1582336425781,778.938232421875,0.9287782907485962,348.1740417480469,650.5354614257812,0.03469887375831604,203.53330993652344,733.197509765625,0.025728613138198853,290.97198486328125,508.44097900390625,0.9001450538635254,462.109375,426.9855651855469,0.14240700006484985,461.5863342285156,428.48785400390625,0.8344288468360901,484.6094970703125,540.9057006835938,0.0774393379688263,486.6614074707031,535.1360473632812,0.0076219141483306885,459.3861999511719,542.3375244140625,0.027433663606643677,466.7477722167969,429.147216796875,0.01094403862953186,187.08900451660156,790.7652587890625,0.029543191194534302,141.90284729003906,914.688720703125,0.16077843308448792
44,371.82623291015625,784.677001953125,0.9298120141029358,269.9821472167969,775.3558349609375,0.7903486490249634,413.35797119140625,733.7837524414062,0.03280499577522278,416.3275451660156,778.9844360351562,0.907490611076355,355.6949768066406,650.368896484375,0.029705017805099487,353.4158935546875,608.2953491210938,0.02393665909767151,291.3022766113281,508.3715515136719,0.9017585515975952,462.2787170410156,427.2169494628906,0.1547563076019287,461.82598876953125,428.5837707519531,0.8422900438308716,484.499755859375,541.4378051757812,0.06584563851356506,393.2493591308594,908.0540161132812,0.00874301791191101,459.7758483886719,542.5421752929688,0.027146339416503906,467.15899658203125,429.1203308105469,0.01349872350692749,186.31565856933594,762.7859497070312,0.027082353830337524,143.05653381347656,914.8140258789062,0.1602737307548523
45,372.8573913574219,783.6884765625,0.9106907844543457,269.89581298828125,775.55712890625,0.8034783601760864,320.50018310546875,671.9354858398438,0.04994317889213562,417.1737976074219,778.4829711914062,0.9154539108276367,347.96124267578125,649.9923095703125,0.03468918800354004,203.0392608642578,726.4918212890625,0.019874483346939087,292.45782470703125,507.18328857421875,0.8804587721824646,463.3290710449219,426.65814208984375,0.20239120721817017,463.2959899902344,427.9262390136719,0.7982022762298584,485.5031433105469,540.8486328125,0.06994876265525818,488.45330810546875,535.8218383789062,0.008851766586303711,460.7104797363281,541.2113037109375,0.04595264792442322,114.51126098632812,447.4906005859375,0.01234319806098938,186.5360870361328,769.5354614257812,0.01721706986427307,146.849853515625,914.6743774414062,0.1843605935573578
46,371.7215270996094,784.1607055664062,0.9177638292312622,270.2398681640625,776.0599975585938,0.7903761863708496,319.18621826171875,673.5784912109375,0.05044889450073242,416.6126708984375,778.3087158203125,0.9183531403541565,356.29010009765625,649.4329223632812,0.02950957417488098,353.8279113769531,608.5846557617188,0.02128279209136963,290.90863037109375,508.4280700683594,0.8693214058876038,462.3516540527344,426.7857360839844,0.16092711687088013,461.90997314453125,428.2858581542969,0.8443315029144287,484.9632568359375,541.1343383789062,0.06809240579605103,488.5058898925781,541.0758666992188,0.013481706380844116,460.03594970703125,541.4536743164062,0.027642667293548584,467.02557373046875,428.96136474609375,0.012369215488433838,186.28298950195312,762.6837158203125,0.020116716623306274,143.51109313964844,914.5250244140625,0.167173832654953
47,371.29974365234375,782.8629760742188,0.9348260164260864,269.9450378417969,774.8668212890625,0.79117751121521,413.2274169921875,728.5027465820312,0.04811444878578186,416.4432678222656,778.6217651367188,0.9382750988006592,355.0525817871094,650.1378784179688,0.03426668047904968,203.2407989501953,732.8031616210938,0.021834611892700195,290.6145935058594,508.6596984863281,0.8877128958702087,462.2246398925781,426.4287109375,0.135957270860672,461.6756591796875,428.0068664550781,0.8506258726119995,484.8666687011719,541.277587890625,0.0739889144897461,488.1720886230469,541.2616577148438,0.010446608066558838,460.0783386230469,542.4473266601562,0.027178198099136353,466.9382629394531,428.6136779785156,0.014653801918029785,187.4999237060547,790.0940551757812,0.020265847444534302,142.94097900390625,914.6712036132812,0.1260617971420288
48,371.3356018066406,782.3744506835938,0.9295380115509033,269.2303466796875,774.7579345703125,0.7857488393783569,318.7718811035156,674.353271484375,0.050947099924087524,416.54852294921875,778.144287109375,0.9275514483451843,355.4481506347656,649.8178100585938,0.03599667549133301,203.34124755859375,725.5686645507812,0.018611639738082886,291.5377197265625,507.7535400390625,0.8842612504959106,461.98504638671875,425.79742431640625,0.1215064525604248,461.4906005859375,427.22711181640625,0.8243163824081421,485.26336669921875,540.4920654296875,0.11110839247703552,487.965576171875,540.59716796875,0.01554018259048462,460.0674743652344,542.1170654296875,0.025455713272094727,466.2833557128906,428.33367919921875,0.010312438011169434,185.94752502441406,761.6795654296875,0.012349843978881836,143.24765014648438,914.2084350585938,0.18182408809661865
49,370.889892578125,781.9398193359375,0.9228783845901489,268.4609680175781,774.6431884765625,0.7989681959152222,317.8149108886719,673.6681518554688,0.039075493812561035,416.1535339355469,778.1578979492188,0.922612190246582,347.57568359375,649.9727172851562,0.052748262882232666,364.53912353515625,572.165771484375,0.023236006498336792,290.7876892089844,508.5355529785156,0.8353493213653564,456.9560241699219,427.24627685546875,0.1391333043575287,460.5049133300781,427.21234130859375,0.8127949833869934,484.2560119628906,540.8760375976562,0.0718967616558075,489.06317138671875,514.386474609375,0.015172898769378662,460.7998046875,542.0589599609375,0.021727263927459717,465.012451171875,428.4745178222656,0.00864708423614502,186.37738037109375,791.54736328125,0.012354820966720581,142.49606323242188,914.1861572265625,0.1336146891117096
50,369.6856689453125,780.3628540039062,0.9246934056282043,268.40216064453125,773.1145629882812,0.7978568077087402,315.6852722167969,676.3391723632812,0.05882906913757324,415.3050537109375,776.6142578125,0.954884946346283,371.2616271972656,528.6095581054688,0.024899542331695557,364.843994140625,573.3063354492188,0.024932652711868286,290.6600036621094,506.3281555175781,0.873304545879364,455.8000793457031,427.0209045410156,0.16573268175125122,454.8341064453125,429.43267822265625,0.7203424572944641,484.69091796875,539.9956665039062,0.09871208667755127,489.0946350097656,514.4647216796875,0.013839006423950195,111.01204681396484,448.6616516113281,0.030969977378845215,112.12959289550781,449.7354736328125,0.015520721673965454,321.5743713378906,590.9363403320312,0.009970992803573608,144.61550903320312,910.833251953125,0.16978010535240173
51,370.53814697265625,780.1270751953125,0.8961328864097595,268.3829345703125,772.7890014648438,0.8017964959144592,315.781982421875,675.6591796875,0.04201969504356384,415.9654846191406,775.4857177734375,0.9445669054985046,347.94671630859375,651.0283203125,0.0250396728515625,191.81753540039062,749.98779296875,0.022607237100601196,290.06390380859375,505.8238830566406,0.8966870307922363,456.1040954589844,426.1268310546875,0.2359093427658081,459.4403991699219,425.7479553222656,0.6986442804336548,484.16455078125,540.171630859375,0.10356473922729492,488.7538757324219,514.8299560546875,0.009045898914337158,110.42530822753906,448.9740905761719,0.03142094612121582,111.38348388671875,450.1865539550781,0.020716369152069092,325.1226806640625,591.029052734375,0.01698857545852661,144.6409912109375,910.598388671875,0.17594745755195618
52,369.04498291015625,779.5445556640625,0.9249750971794128,268.0032653808594,773.0328369140625,0.8185256719589233,315.26568603515625,675.3569946289062,0.0661572515964508,415.0137634277344,775.5017700195312,0.9517978429794312,183.4631805419922,757.738525390625,0.022824645042419434,191.3517608642578,750.6319580078125,0.02531987428665161,288.4891357421875,505.6788024902344,0.8881833553314209,456.2387390136719,426.11004638671875,0.22558268904685974,459.40081787109375,425.4725341796875,0.6772351861000061,467.9523620605469,539.6189575195312,0.0793260931968689,139.614013671875,466.27996826171875,0.010699987411499023,110.1303939819336,448.45849609375,0.028800010681152344,111.33657836914062,449.8211364746094,0.021846234798431396,323.58642578125,591.18896484375,0.026606082916259766,139.58189392089844,910.2457275390625,0.15681126713752747
53,368.5587158203125,779.3070678710938,0.9146629571914673,268.22625732421875,772.2330322265625,0.8186585903167725,315.40447998046875,675.3963012695312,0.08444499969482422,414.8187561035156,774.931396484375,0.9415178298950195,182.68312072753906,763.99560546875,0.029245048761367798,190.3076934814453,750.1441650390625,0.044035375118255615,287.5148620605469,505.5541076660156,0.9154459238052368,453.4736633300781,425.9636535644531,0.2511635422706604,454.1479797363281,428.3179931640625,0.6160656809806824,468.17596435546875,539.4234619140625,0.12680435180664062,486.9603576660156,513.65380859375,0.01058816909790039,109.33499145507812,447.1286315917969,0.04602351784706116,110.23506927490234,448.48046875,0.027057260274887085,324.3941955566406,590.6375732421875,0.02126869559288025,138.96005249023438,910.3658447265625,0.191788911819458
54,368.4265441894531,778.6566772460938,0.9029312133789062,268.9495544433594,772.1458129882812,0.8125759363174438,315.5701904296875,675.5562744140625,0.10329499840736389,414.44232177734375,774.15869140625,0.9528511166572571,182.8043670654297,763.5902099609375,0.02273544669151306,189.7838134765625,749.6242065429688,0.06869292259216309,287.99658203125,504.20513916015625,0.9388031959533691,452.5262756347656,425.66876220703125,0.2532570958137512,453.4834289550781,427.9640197753906,0.6358100175857544,468.4815673828125,539.297119140625,0.1527828872203827,481.6082458496094,515.79541015625,0.011650294065475464,108.96771240234375,447.0252990722656,0.04680153727531433,109.66355895996094,448.2115783691406,0.024535387754440308,323.9713439941406,590.5570068359375,0.03202742338180542,139.3072509765625,909.9205322265625,0.24664488434791565
55,368.87579345703125,775.5830688476562,0.898995578289032,268.08648681640625,771.3377075195312,0.8103458285331726,315.4760437011719,670.9005737304688,0.07470110058784485,414.72735595703125,773.3457641601562,0.9442803859710693,183.15748596191406,762.9278564453125,0.03163149952888489,191.2926483154297,749.3814086914062,0.040913522243499756,288.06890869140625,503.2332763671875,0.9391063451766968,452.44525146484375,424.47540283203125,0.21251940727233887,454.430419921875,425.17852783203125,0.6542981863021851,473.94488525390625,538.5243530273438,0.1272520124912262,481.4136047363281,515.6456909179688,0.015299111604690552,109.66093444824219,447.21527099609375,0.04113060235977173,110.17139434814453,448.3291015625,0.02414005994796753,323.7202453613281,589.9228515625,0.02912008762359619,139.98834228515625,909.5945434570312,0.2320220172405243
56,368.389892578125,772.8589477539062,0.9263560771942139,267.490478515625,770.9588623046875,0.7846487164497375,315.95172119140625,670.9733276367188,0.11534696817398071,413.7789001464844,773.28759765625,0.952265739440918,190.094970703125,725.5745849609375,0.020736008882522583,190.90728759765625,748.4879150390625,0.0431574285030365,288.2261047363281,502.4208984375,0.9273858070373535,454.6166076660156,421.7463073730469,0.21272212266921997,454.97918701171875,422.7972412109375,0.7135568857192993,468.9437561035156,537.2207641601562,0.13319650292396545,481.3392028808594,515.0722045898438,0.012794315814971924,110.0431137084961,447.69537353515625,0.01567891240119934,110.43819427490234,448.5804443359375,0.016278237104415894,321.772216796875,589.2394409179688,0.021557718515396118,140.12667846679688,908.9526977539062,0.176853209733963
57,369.537353515625,770.1905517578125,0.9470314979553223,267.7698669433594,769.2208251953125,0.7305755019187927,313.59698486328125,666.1920166015625,0.06380391120910645,414.0761413574219,770.1128540039062,0.9350591897964478,183.73464965820312,755.3163452148438,0.02831229567527771,192.2309112548828,749.3223876953125,0.019634395837783813,288.38372802734375,501.0987243652344,0.9212629199028015,454.7041015625,419.08856201171875,0.23194622993469238,454.5,419.9208984375,0.7488996386528015,466.9491271972656,537.8328857421875,0.07556188106536865,477.4859619140625,520.155029296875,0.012011975049972534,110.61432647705078,445.6946716308594,0.015335410833358765,464.3878479003906,417.29412841796875,0.010445743799209595,361.3775939941406,441.9161376953125,0.020949065685272217,140.58216857910156,907.4198608398438,0.13544535636901855
58,369.01171875,769.9375610351562,0.950272262096405,269.1539611816406,767.6527709960938,0.7441412806510925,313.77996826171875,665.4044189453125,0.07753992080688477,413.40167236328125,767.732177734375,0.9365885853767395,185.76063537597656,741.6736450195312,0.02831047773361206,192.94308471679688,733.7787475585938,0.015548259019851685,286.63812255859375,499.65423583984375,0.8780665397644043,453.80206298828125,416.8597412109375,0.2065485715866089,453.38818359375,418.07159423828125,0.7626618146896362,467.42645263671875,531.4278564453125,0.052686601877212524,142.7043914794922,465.4353942871094,0.013306498527526855,109.7746810913086,439.5052795410156,0.023482948541641235,463.28515625,415.7175598144531,0.012722790241241455,324.03839111328125,589.1080932617188,0.014042317867279053,140.85305786132812,905.6925048828125,0.1460832953453064
59,368.7317199707031,766.8934326171875,0.9461201429367065,270.66131591796875,763.8760375976562,0.7278939485549927,314.24151611328125,664.3694458007812,0.05547943711280823,413.95489501953125,765.0696411132812,0.9272124171257019,349.38720703125,634.8527221679688,0.02450999617576599,193.12188720703125,733.9828491210938,0.024098455905914307,288.1397399902344,498.7745056152344,0.8895406723022461,452.90338134765625,414.50439453125,0.19585788249969482,453.9386291503906,416.3625183105469,0.7730523347854614,482.860595703125,524.7518310546875,0.04900503158569336,140.1494903564453,458.6737976074219,0.008723944425582886,458.9461975097656,526.77880859375,0.017966240644454956,108.37752532958984,434.8623046875,0.01184430718421936,359.48895263671875,441.649169921875,0.014032304286956787,142.8799285888672,904.6129150390625,0.07083648443222046
60,369.1028747558594,765.4743041992188,0.9450885057449341,268.669921875,759.6572875976562,0.786371111869812,313.8111572265625,660.7440185546875,0.07789859175682068,414.7547302246094,761.0707397460938,0.9470680952072144,372.4352722167969,520.9669189453125,0.022147685289382935,192.34527587890625,734.4168090820312,0.027067601680755615,288.01666259765625,491.4710693359375,0.9156742095947266,452.11334228515625,411.1285705566406,0.35125529766082764,452.90545654296875,412.88250732421875,0.6224697828292847,468.97381591796875,523.6105346679688,0.09721976518630981,137.69927978515625,452.3616027832031,0.011121213436126709,106.6223373413086,432.18194580078125,0.032540589570999146,107.13427734375,433.37469482421875,0.01229095458984375,317.42529296875,590.1450805664062,0.01755422353744507,146.06947326660156,899.8330078125,0.083372563123703
61,368.84844970703125,762.9685668945312,0.9212625026702881,268.3560485839844,757.9850463867188,0.8151384592056274,314.46502685546875,660.0238037109375,0.08739247918128967,415.1282653808594,759.718505859375,0.9520269632339478,188.37332153320312,748.5529174804688,0.018341243267059326,363.849853515625,556.9512329101562,0.011431604623794556,287.53289794921875,489.6214599609375,0.9214437007904053,451.8822937011719,408.80322265625,0.3271721601486206,453.5074157714844,409.0454406738281,0.5735466480255127,469.35723876953125,522.6569213867188,0.1461670994758606,485.6966247558594,496.7654724121094,0.014457792043685913,107.29266357421875,431.37640380859375,0.044195473194122314,107.4149169921875,432.4217224121094,0.017261415719985962,186.42234802246094,775.2566528320312,0.025588393211364746,146.216552734375,899.0948486328125,0.10218501091003418
62,368.697021484375,762.3985595703125,0.9149718284606934,268.3466796875,757.5714111328125,0.815257728099823,312.769775390625,656.3515014648438,0.06691396236419678,415.6415100097656,759.1655883789062,0.9589400291442871,187.99830627441406,748.0250854492188,0.022306174039840698,262.91778564453125,485.2264099121094,0.013170957565307617,286.1421813964844,489.1162414550781,0.9238071441650391,448.1299133300781,409.1429748535156,0.3040603995323181,453.1491394042969,407.61981201171875,0.6728431582450867,467.46209716796875,522.4915161132812,0.13698658347129822,486.5489501953125,496.70928955078125,0.01166418194770813,458.1157531738281,527.005615234375,0.014227747917175293,462.0987854003906,402.3806457519531,0.010608166456222534,316.63360595703125,588.9171142578125,0.02146318554878235,147.20614624023438,899.1874389648438,0.12503039836883545
63,368.5330505371094,762.3070068359375,0.9109851121902466,268.8597106933594,757.2532348632812,0.8062289953231812,313.8249816894531,659.848876953125,0.049900591373443604,415.435302734375,759.116943359375,0.9553043246269226,187.92298889160156,748.5260620117188,0.018288612365722656,262.9610595703125,485.4826965332031,0.018144726753234863,283.50537109375,486.77508544921875,0.9373095631599426,452.7545471191406,404.40863037109375,0.2602655589580536,452.4078063964844,405.94537353515625,0.741958737373352,467.5321960449219,522.38916015625,0.09217038750648499,481.49969482421875,497.6575012207031,0.008151441812515259,459.54351806640625,526.5325927734375,0.014145046472549438,461.451171875,399.590087890625,0.010075509548187256,318.3431091308594,574.0718994140625,0.026729285717010498,147.59561157226562,899.2896118164062,0.1274404227733612
64,368.6214294433594,757.516357421875,0.9187761545181274,268.7506103515625,756.9088745117188,0.791081428527832,313.61639404296875,655.2821655273438,0.10223174095153809,414.8988952636719,757.4931030273438,0.9529726505279541,170.86709594726562,281.7730407714844,0.022674530744552612,262.4757995605469,484.54278564453125,0.015372991561889648,279.42327880859375,487.4153747558594,0.9265078902244568,450.520263671875,402.1859130859375,0.3050995469093323,450.3428955078125,403.52069091796875,0.8041878938674927,466.73065185546875,522.1773681640625,0.10374197363853455,215.2325439453125,523.4224853515625,0.021724730730056763,104.57195281982422,429.77972412109375,0.01758366823196411,104.06765747070312,431.4877624511719,0.010064959526062012,318.9830322265625,572.7056274414062,0.036112308502197266,148.78497314453125,899.044677734375,0.1407160758972168
65,367.8995666503906,756.7433471679688,0.9427645206451416,268.4491882324219,757.7322998046875,0.8495570421218872,312.1233215332031,653.6073608398438,0.05276176333427429,414.8664855957031,756.952392578125,0.9557626247406006,348.61614990234375,618.5276489257812,0.020901203155517578,191.81756591796875,733.5928344726562,0.014117628335952759,277.49945068359375,487.43695068359375,0.9136738777160645,446.15325927734375,400.9622497558594,0.2932351231575012,449.2470397949219,401.2203674316406,0.8333601951599121,465.9636535644531,522.7221069335938,0.12094298005104065,213.90562438964844,523.777587890625,0.01737341284751892,98.13726806640625,431.6894226074219,0.036960601806640625,98.72476959228516,432.5584716796875,0.03233170509338379,317.6882019042969,571.5692749023438,0.1447077989578247,148.30587768554688,898.9071655273438,0.11702525615692139
66,366.38946533203125,756.9268188476562,0.9042969942092896,267.3216857910156,757.2803344726562,0.8483468294143677,308.02655029296875,652.8082885742188,0.0635213553905487,412.44219970703125,756.6870727539062,0.9481281042098999,181.6946258544922,747.7886962890625,0.025963932275772095,247.15286254882812,488.18115234375,0.01617300510406494,276.2292785644531,486.41351318359375,0.9167861342430115,447.29168701171875,397.1529541015625,0.18081116676330566,447.3587951660156,398.21551513671875,0.8668161630630493,468.1169128417969,523.1427612304688,0.11531034111976624,213.09202575683594,522.99462890625,0.013706862926483154,96.31066131591797,432.77850341796875,0.026966214179992676,97.11673736572266,433.0762939453125,0.015594452619552612,315.0955810546875,573.0473022460938,0.032849013805389404,147.7285919189453,899.7962646484375,0.10108938813209534
67,364.4986877441406,757.1598510742188,0.9425982236862183,266.71722412109375,757.7830200195312,0.827467143535614,303.59222412109375,653.91650390625,0.09681373834609985,411.1546325683594,755.9987182617188,0.9519548416137695,179.64186096191406,748.023681640625,0.02949419617652893,248.3852081298828,484.557861328125,0.021874845027923584,273.6329650878906,486.331298828125,0.9249535799026489,440.631103515625,397.7804870605469,0.1632499098777771,443.94720458984375,397.87359619140625,0.8134334087371826,467.5724792480469,522.186279296875,0.11559751629829407,467.2627258300781,510.7049560546875,0.01534155011177063,93.87847900390625,437.9293212890625,0.03171008825302124,94.53480529785156,433.850341796875,0.014565378427505493,344.9532165527344,426.2638244628906,0.027123689651489258,146.8711700439453,900.5724487304688,0.10501351952552795
68,360.8365783691406,757.9124755859375,0.9170997142791748,266.17724609375,758.3999633789062,0.7596020102500916,301.9406433105469,656.11328125,0.12891101837158203,408.9736022949219,756.160888671875,0.9515200853347778,179.5003204345703,747.2228393554688,0.02194884419441223,247.26889038085938,484.993896484375,0.038173675537109375,270.21923828125,487.671630859375,0.9113582372665405,436.03009033203125,397.0845642089844,0.24645304679870605,437.1559753417969,398.1416320800781,0.7000726461410522,462.3643493652344,524.1683349609375,0.04122716188430786,122.6396255493164,452.45245361328125,0.008809685707092285,91.74147033691406,432.6204528808594,0.030361860990524292,303.1561279296875,587.626220703125,0.01657545566558838,308.1930847167969,573.5070190429688,0.06403899192810059,146.5543212890625,903.8342895507812,0.08383336663246155
69,360.23858642578125,759.1375122070312,0.8947185277938843,266.02984619140625,760.1586303710938,0.7455836534500122,300.7669677734375,655.4097290039062,0.07412955164909363,407.7727355957031,757.532958984375,0.9544748067855835,178.85552978515625,753.8878173828125,0.024126708507537842,246.79408264160156,485.3180236816406,0.026862412691116333,266.327392578125,486.424072265625,0.9243607521057129,435.7419738769531,396.03411865234375,0.3725379705429077,436.67120361328125,397.3434143066406,0.7016941905021667,467.4692077636719,508.9435729980469,0.04610830545425415,121.51122283935547,450.9339599609375,0.00855281949043274,90.69746398925781,432.66363525390625,0.02256906032562256,90.39875030517578,434.2481689453125,0.010870099067687988,306.53570556640625,574.0230712890625,0.07172796130180359,144.0494842529297,906.3414916992188,0.08384731411933899
70,360.5314636230469,764.5257568359375,0.9307655096054077,261.9464111328125,765.5623779296875,0.7540072202682495,403.2465515136719,712.7777709960938,0.0626167356967926,407.009521484375,759.129638671875,0.9445667266845703,347.72650146484375,512.7352294921875,0.031656086444854736,245.60972595214844,486.1641540527344,0.020853132009506226,265.4590759277344,487.9866638183594,0.8993797898292542,432.92926025390625,397.035400390625,0.4443438649177551,433.62408447265625,398.64068603515625,0.7651431560516357,461.2332763671875,523.1790771484375,0.0706925094127655,408.2553405761719,876.3626708984375,0.012191534042358398,444.2215576171875,510.73492431640625,0.01646563410758972,435.88250732421875,399.00006103515625,0.005385398864746094,307.763671875,573.964111328125,0.03189310431480408,146.37496948242188,907.6233520507812,0.089621901512146
71,360.15020751953125,766.8016357421875,0.9284321665763855,261.7499084472656,769.8143920898438,0.8078432083129883,299.3770751953125,664.5933837890625,0.0773826539516449,406.967041015625,762.0972900390625,0.9399387836456299,330.5613708496094,633.7681274414062,0.019389212131500244,230.14247131347656,503.7491149902344,0.034848153591156006,260.33026123046875,497.96112060546875,0.890565037727356,430.0609130859375,400.6465148925781,0.3033040165901184,432.4566345214844,400.6689453125,0.8409655094146729,461.4816589355469,524.5223388671875,0.10485106706619263,459.66064453125,523.9227905273438,0.012249797582626343,444.5573425292969,508.7574157714844,0.022411763668060303,443.6927490234375,501.3318786621094,0.008352667093276978,301.1717834472656,590.2183837890625,0.01673266291618347,146.5534210205078,910.5989379882812,0.23936530947685242
72,359.8365783691406,768.2327270507812,0.9394263029098511,262.3471984863281,770.5435791015625,0.8296168446540833,299.36871337890625,666.0025024414062,0.07423382997512817,403.4737854003906,763.3405151367188,0.9434258937835693,330.79864501953125,632.572021484375,0.019315093755722046,230.22805786132812,508.07135009765625,0.021747976541519165,260.6405029296875,499.2416687011719,0.9058046340942383,428.8962097167969,402.0473937988281,0.22473180294036865,429.7927551269531,402.8301086425781,0.8333021402359009,455.1815490722656,523.2388305664062,0.0757291316986084,459.3041076660156,524.36083984375,0.011898905038833618,86.45201873779297,448.3182373046875,0.06479847431182861,87.41551208496094,449.21612548828125,0.022977709770202637,301.2005920410156,590.1803588867188,0.027719974517822266,147.2078094482422,913.8516235351562,0.29255789518356323
73,360.43463134765625,769.4902954101562,0.9531265497207642,261.7414855957031,772.5057983398438,0.8221287727355957,402.625244140625,724.7958374023438,0.05163875222206116,404.7398681640625,766.0308837890625,0.9346622228622437,330.4928283691406,632.2308349609375,0.06973597407341003,245.19207763671875,498.08831787109375,0.026311904191970825,259.99591064453125,499.7822265625,0.9116390347480774,429.1098327636719,403.5362243652344,0.29084691405296326,430.4732360839844,404.1737365722656,0.85333251953125,448.9114074707031,521.902587890625,0.07972905039787292,202.68017578125,538.8758544921875,0.015437692403793335,85.5434799194336,447.67608642578125,0.06577092409133911,86.13678741455078,448.6098327636719,0.024191617965698242,301.93487548828125,590.4791259765625,0.03315749764442444,147.55941772460938,915.333251953125,0.12478205561637878
74,360.33502197265625,771.0421142578125,0.9408537745475769,261.7370910644531,774.207763671875,0.7622159719467163,402.8602600097656,725.9603271484375,0.05898714065551758,403.9315185546875,768.0478515625,0.9499272108078003,178.3139190673828,769.1080322265625,0.023913919925689697,239.39402770996094,499.3689270019531,0.05225399136543274,260.80230712890625,500.6550598144531,0.9345061779022217,428.2563781738281,404.7906799316406,0.30870962142944336,429.96600341796875,405.38702392578125,0.8544597029685974,450.4374084472656,522.4111938476562,0.15738698840141296,473.1636657714844,1082.6826171875,0.020126700401306152,83.10891723632812,447.6989440917969,0.06830558180809021,83.66728210449219,448.4539794921875,0.05635377764701843,302.26336669921875,587.7852172851562,0.02820625901222229,147.37498474121094,916.7219848632812,0.08137375116348267
75,359.459228515625,772.6322631835938,0.9254903197288513,261.62176513671875,775.6012573242188,0.7670007348060608,402.4973449707031,720.4724731445312,0.04150354862213135,404.6962890625,769.8370971679688,0.9389916658401489,333.41253662109375,633.2059936523438,0.03560146689414978,238.92178344726562,500.003662109375,0.038737744092941284,260.4862976074219,502.0235595703125,0.9474802613258362,427.3661804199219,405.9146423339844,0.26411890983581543,429.3604736328125,406.43084716796875,0.83150315284729,451.4214782714844,522.9213256835938,0.12016904354095459,475.6083068847656,1084.530517578125,0.018274933099746704,82.79318237304688,448.1261291503906,0.03191444277763367,82.05789184570312,450.5329895019531,0.01931890845298767,306.3330993652344,590.4038696289062,0.03513321280479431,146.16339111328125,921.6631469726562,0.08284401893615723
76,359.7065124511719,773.9820556640625,0.9326430559158325,264.4835510253906,780.5927124023438,0.7761232852935791,401.0237121582031,722.0891723632812,0.05836224555969238,404.36676025390625,771.3833618164062,0.946160078048706,179.35177612304688,770.0411987304688,0.014752358198165894,231.4233856201172,504.865966796875,0.03615334630012512,260.4908447265625,503.4140625,0.9532443284988403,430.9674072265625,405.8031921386719,0.26809877157211304,429.3014831542969,408.1240539550781,0.8298581838607788,454.7745666503906,523.25439453125,0.08477136492729187,464.5811767578125,498.21087646484375,0.015202254056930542,83.97281646728516,452.8243713378906,0.015700727701187134,83.7696762084961,450.0093078613281,0.010595113039016724,300.20611572265625,606.3617553710938,0.020491600036621094,147.5355682373047,923.97119140625,0.08027663826942444
77,360.7908630371094,777.9335327148438,0.8964873552322388,265.5878601074219,782.2192993164062,0.7817057371139526,300.57769775390625,676.9825439453125,0.0503595769405365,406.2049865722656,774.1484375,0.9497095346450806,177.5489501953125,777.9240112304688,0.01751112937927246,230.07032775878906,516.2393188476562,0.03486967086791992,261.1111145019531,504.6556396484375,0.9496535062789917,428.9501647949219,408.0547180175781,0.20674452185630798,429.5589904785156,409.069580078125,0.8519887924194336,455.11444091796875,523.3704223632812,0.10180482268333435,464.74371337890625,498.5930480957031,0.015769541263580322,442.2193603515625,527.7872314453125,0.010510504245758057,299.839599609375,592.773681640625,0.00855991244316101,302.248046875,597.9512939453125,0.016723573207855225,148.32545471191406,928.5107421875,0.08421021699905396
78,361.48492431640625,781.6676635742188,0.9315016269683838,266.79620361328125,783.9773559570312,0.8254433870315552,301.31573486328125,677.2567749023438,0.0616878867149353,408.05706787109375,775.7720947265625,0.9381071329116821,179.31028747558594,778.1365356445312,0.025349795818328857,229.7515869140625,517.3370361328125,0.04389828443527222,262.2752990722656,506.7169189453125,0.9200246334075928,430.20257568359375,409.9946594238281,0.24923688173294067,430.06512451171875,411.7708740234375,0.8730385899543762,456.0593566894531,524.0739135742188,0.07802644371986389,459.221923828125,524.7937622070312,0.013660669326782227,443.4975280761719,527.2955932617188,0.02634480595588684,433.37847900390625,411.86834716796875,0.0048284828662872314,300.742919921875,606.0130615234375,0.027684509754180908,148.04269409179688,929.7069702148438,0.13939377665519714
79,361.4663391113281,781.9817504882812,0.9479750990867615,267.2053527832031,785.5555419921875,0.8247357606887817,404.4682312011719,737.3602905273438,0.07071438431739807,407.3456115722656,777.1980590820312,0.9607782363891602,330.7071533203125,649.4240112304688,0.029572486877441406,229.64137268066406,518.7994384765625,0.05069410800933838,260.3748474121094,512.9282836914062,0.9126042723655701,430.4476013183594,411.7100524902344,0.25814497470855713,430.3469543457031,413.6414794921875,0.8858754634857178,167.35440063476562,717.8464965820312,0.054833561182022095,465.1708679199219,518.7191162109375,0.010253846645355225,444.24322509765625,526.6724853515625,0.024965524673461914,300.88909912109375,605.6891479492188,0.006298482418060303,301.4379577636719,605.7357788085938,0.019006937742233276,148.73028564453125,931.4111328125,0.09688660502433777
80,363.5556945800781,782.5462646484375,0.9579636454582214,267.6044006347656,786.1050415039062,0.8299015760421753,406.2027893066406,738.6124267578125,0.043041616678237915,410.7295227050781,777.5214233398438,0.9459086060523987,182.8351593017578,779.4557495117188,0.02777618169784546,231.1674041748047,519.0354614257812,0.030388176441192627,261.1028747558594,513.9710693359375,0.916591465473175,431.1126708984375,414.0948486328125,0.23150455951690674,431.0652160644531,415.4671630859375,0.884774386882782,168.80087280273438,716.5078735351562,0.0826115608215332,465.2727355957031,518.9202270507812,0.011776864528656006,444.57574462890625,526.3770141601562,0.019803762435913086,419.4543151855469,423.3804016113281,0.007942408323287964,300.8633117675781,607.376708984375,0.012714415788650513,149.01968383789062,931.9129028320312,0.08634582161903381
81,364.79986572265625,784.9639282226562,0.9419271349906921,268.64178466796875,788.1558837890625,0.7939344644546509,302.6444396972656,682.6466064453125,0.05235251784324646,409.5002746582031,781.3419189453125,0.9488416910171509,183.764892578125,779.514892578125,0.025390207767486572,239.4665985107422,514.7609252929688,0.019332319498062134,261.2671813964844,516.32568359375,0.9301243424415588,429.27392578125,418.2655944824219,0.23707488179206848,432.366943359375,416.9774169921875,0.8911592960357666,461.5136413574219,541.3272705078125,0.0667010247707367,124.41448211669922,482.29400634765625,0.021312415599822998,89.3097915649414,462.3240051269531,0.04269587993621826,89.4587173461914,463.90411376953125,0.02400800585746765,303.3806457519531,606.6506958007812,0.020634204149246216,149.2594757080078,936.7293701171875,0.08408579230308533
82,366.1176452636719,785.1083984375,0.9541178941726685,269.1019592285156,789.6799926757812,0.821345329284668,306.33251953125,684.521484375,0.043202221393585205,411.26416015625,784.470947265625,0.949810266494751,188.28564453125,779.126953125,0.022330939769744873,345.6378479003906,590.3585815429688,0.02053496241569519,262.4713134765625,518.0460815429688,0.9503774642944336,429.49603271484375,420.0133972167969,0.3240136504173279,431.16705322265625,419.4420166015625,0.8656960129737854,462.2377624511719,540.3948974609375,0.0824035108089447,464.4369812011719,514.0044555664062,0.014788031578063965,90.28565216064453,462.7154235839844,0.034984290599823,90.30509948730469,463.7911071777344,0.016326487064361572,302.6487731933594,605.1300659179688,0.02889615297317505,149.94729614257812,937.9768676757812,0.058410704135894775
83,367.5211486816406,787.0006103515625,0.9494893550872803,269.1288757324219,791.47314453125,0.8358560800552368,303.6894836425781,684.9463500976562,0.040221214294433594,412.2412414550781,786.1032104492188,0.9400544166564941,188.6033172607422,779.4990234375,0.03781771659851074,346.7763671875,589.5098876953125,0.02328324317932129,263.696044921875,518.6804809570312,0.9423867464065552,428.91552734375,422.1172790527344,0.3116718530654907,431.9820251464844,421.6439514160156,0.8564839363098145,463.1608581542969,541.5140991210938,0.09409606456756592,409.7818603515625,907.4929809570312,0.02321159839630127,91.2403793334961,462.92071533203125,0.08305138349533081,90.74620056152344,463.65277099609375,0.016992628574371338,308.8048095703125,604.8796997070312,0.023676544427871704,156.38119506835938,938.7059326171875,0.09932118654251099
84,368.08441162109375,788.9014282226562,0.9264837503433228,269.4561462402344,793.3677368164062,0.8214970827102661,303.1368103027344,686.2149047851562,0.04806050658226013,413.70721435546875,787.17724609375,0.9382704496383667,188.26785278320312,787.0110473632812,0.029292523860931396,244.6698455810547,519.4261474609375,0.031674981117248535,264.3212890625,519.6069946289062,0.9455325603485107,427.7189636230469,423.82025146484375,0.30392754077911377,431.8021240234375,423.0301818847656,0.8438917994499207,456.80810546875,539.8670043945312,0.08142226934432983,465.4702453613281,512.904052734375,0.01852548122406006,91.81499481201172,464.0476989746094,0.022797763347625732,304.01898193359375,620.8269653320312,0.00612214207649231,308.58575439453125,604.8190307617188,0.02309584617614746,157.36361694335938,939.6304321289062,0.08819696307182312
85,368.2002868652344,789.9371948242188,0.937791109085083,271.84625244140625,795.9985961914062,0.8286762237548828,303.0098571777344,686.1935424804688,0.052037209272384644,413.2343444824219,788.9158935546875,0.9449735879898071,189.9063720703125,779.8941040039062,0.03560197353363037,246.2307586669922,519.9003295898438,0.03752753138542175,269.6319885253906,520.40576171875,0.9296930432319641,430.25634765625,423.45904541015625,0.3154492974281311,432.2091979980469,423.96844482421875,0.817987322807312,451.6382141113281,538.0474243164062,0.08963403105735779,465.3260498046875,514.2061157226562,0.023347049951553345,89.1439208984375,524.7767333984375,0.013444900512695312,53.00798034667969,370.5179443359375,0.004118740558624268,343.4232482910156,458.4989929199219,0.013248622417449951,146.4006805419922,949.41015625,0.10365495085716248
86,370.3150634765625,792.1495971679688,0.9074941873550415,274.2064208984375,796.7521362304688,0.7635741233825684,307.3427429199219,686.2622680664062,0.024926215410232544,414.9420471191406,789.6116333007812,0.9362336993217468,190.45184326171875,779.5687255859375,0.021911561489105225,245.6321563720703,520.8876342773438,0.04263722896575928,270.57763671875,520.966064453125,0.9319242238998413,432.7996826171875,424.58770751953125,0.30179184675216675,433.37261962890625,426.6041564941406,0.8135625123977661,451.7803955078125,537.5205688476562,0.10582596063613892,465.4365539550781,514.6689453125,0.032265812158584595,443.12762451171875,543.0572509765625,0.013478070497512817,394.4501037597656,508.1028137207031,0.004552870988845825,343.5663146972656,458.8443298339844,0.017382025718688965,161.35296630859375,939.7953491210938,0.12943750619888306
87,371.3138732910156,795.1405639648438,0.9045342206954956,274.6123046875,799.1535034179688,0.7594795227050781,310.4670715332031,690.3648071289062,0.02372083067893982,416.84930419921875,789.6560668945312,0.9005566835403442,189.7490692138672,786.4999389648438,0.017167121171951294,246.50709533691406,521.21533203125,0.04575693607330322,272.2330322265625,521.2404174804688,0.9382168054580688,433.54180908203125,425.5439758300781,0.27871620655059814,434.0312194824219,427.53118896484375,0.853767991065979,466.97552490234375,541.5465087890625,0.12960737943649292,470.2000732421875,514.3611450195312,0.03176027536392212,443.2068176269531,542.693115234375,0.020603716373443604,94.96031188964844,479.1175842285156,0.005447566509246826,314.13507080078125,632.7042236328125,0.034786373376846313,159.71522521972656,945.0955810546875,0.12279841303825378
88,372.23065185546875,796.770263671875,0.9030386805534363,276.76898193359375,800.6820678710938,0.851763129234314,312.3619384765625,691.9506225585938,0.04038652777671814,417.9930114746094,792.1478271484375,0.9172122478485107,99.00198364257812,916.2603759765625,0.02007940411567688,243.07089233398438,532.77587890625,0.020721018314361572,272.9435119628906,523.0799560546875,0.890102744102478,434.66461181640625,426.96038818359375,0.2682185769081116,435.66748046875,428.9139404296875,0.869138240814209,467.7840576171875,541.0485229492188,0.09340569376945496,470.3765869140625,514.09765625,0.03965005278587341,94.79132843017578,478.2080993652344,0.03709733486175537,95.86744689941406,479.5772399902344,0.029056429862976074,313.76947021484375,627.3173828125,0.035576045513153076,162.7035675048828,943.5333862304688,0.21203914284706116
89,374.46990966796875,797.497314453125,0.9209616780281067,277.81317138671875,801.218017578125,0.8592806458473206,314.9486999511719,696.319580078125,0.05058535933494568,419.6502990722656,792.6139526367188,0.9330888986587524,100.19310760498047,916.8633422851562,0.01875177025794983,246.599609375,529.9697875976562,0.024591028690338135,274.4788818359375,523.736328125,0.8993984460830688,435.7999572753906,427.4050598144531,0.19471213221549988,436.4075622558594,429.2527160644531,0.8351669311523438,468.09088134765625,540.4580688476562,0.1495766043663025,470.50152587890625,515.662109375,0.041718751192092896,442.4966735839844,541.2356567382812,0.01938381791114807,95.77778625488281,479.83001708984375,0.013591140508651733,313.84075927734375,627.6597900390625,0.05051413178443909,163.6665496826172,944.9609985351562,0.15460723638534546
90,375.7621154785156,797.9550170898438,0.92475426197052,279.70550537109375,801.0564575195312,0.8359742164611816,315.2084655761719,697.0999755859375,0.06948480010032654,421.02142333984375,793.3521728515625,0.9292235374450684,100.66885375976562,916.2418212890625,0.021338611841201782,244.19033813476562,532.992431640625,0.032810598611831665,275.44940185546875,523.5570678710938,0.8964225053787231,436.505859375,427.8269348144531,0.18878087401390076,437.32965087890625,429.737548828125,0.7854428291320801,469.12286376953125,540.93505859375,0.2019476592540741,471.7774963378906,516.2197265625,0.049846351146698,95.65131378173828,478.4742431640625,0.034007757902145386,96.54501342773438,480.1720886230469,0.026742011308670044,316.6032409667969,615.1076049804688,0.04190441966056824,160.3368682861328,950.3584594726562,0.1580289900302887
91,376.39520263671875,798.5311279296875,0.9378840923309326,282.20928955078125,801.2939453125,0.8547413349151611,315.70562744140625,698.4923095703125,0.042324960231781006,420.1189270019531,793.6409912109375,0.9471520185470581,198.61053466796875,794.5208740234375,0.03822740912437439,245.3690185546875,534.2716064453125,0.020973265171051025,275.4063720703125,529.0843505859375,0.930361270904541,436.65185546875,429.2834167480469,0.17565026879310608,437.88482666015625,430.679931640625,0.827825665473938,470.3241882324219,540.6576538085938,0.24144217371940613,472.421875,515.916015625,0.030218541622161865,96.9948501586914,480.2207336425781,0.016235768795013428,98.01478576660156,481.14581298828125,0.006948888301849365,315.781005859375,622.1762084960938,0.015937715768814087,161.30824279785156,950.564453125,0.14318978786468506
92,377.42132568359375,799.1068725585938,0.9342715740203857,283.5830993652344,802.504638671875,0.843091607093811,315.914794921875,699.1743774414062,0.07169127464294434,421.247314453125,794.010009765625,0.9555692076683044,199.23841857910156,794.681640625,0.07686525583267212,246.99842834472656,533.9014892578125,0.02143201231956482,275.7335510253906,530.16943359375,0.9560811519622803,437.13653564453125,430.8329162597656,0.17325380444526672,438.5490417480469,432.40594482421875,0.7893843650817871,471.1485900878906,540.6537475585938,0.24205374717712402,473.065185546875,540.4953002929688,0.027942895889282227,97.84026336669922,480.9952392578125,0.016044527292251587,98.74691772460938,481.7948913574219,0.006512820720672607,316.84283447265625,621.85888671875,0.026455998420715332,169.37936401367188,942.7334594726562,0.16536253690719604
93,377.4173889160156,799.6099243164062,0.9580420851707458,283.749755859375,802.8219604492188,0.8408125042915344,316.22869873046875,699.0973510742188,0.07708394527435303,422.2214050292969,794.9699096679688,0.9563602209091187,243.5879669189453,4.133997917175293,0.028144419193267822,255.20028686523438,529.8084106445312,0.02382764220237732,276.3940124511719,530.4697265625,0.9588786959648132,439.3018493652344,430.63323974609375,0.16208836436271667,438.459716796875,433.4105224609375,0.8072333931922913,471.587890625,540.9349975585938,0.1468650996685028,474.132080078125,541.3103637695312,0.021543264389038086,460.36285400390625,544.079345703125,0.012954235076904297,318.9954833984375,635.487060546875,0.009044021368026733,316.17608642578125,622.9974365234375,0.044996947050094604,171.2042999267578,942.6146850585938,0.2048243284225464
94,377.2621154785156,799.713134765625,0.9582188129425049,283.0484619140625,804.1942138671875,0.8458688855171204,316.2362976074219,699.525390625,0.09410583972930908,421.3108825683594,797.0894165039062,0.9439337849617004,199.7513885498047,795.74365234375,0.030498862266540527,255.88848876953125,530.05029296875,0.030623048543930054,276.3193054199219,531.4417724609375,0.9641278982162476,438.1217346191406,432.7577209472656,0.2178354263305664,439.79327392578125,433.7207946777344,0.8135173916816711,470.1054382324219,547.6690063476562,0.19318169355392456,474.0931701660156,541.77880859375,0.026023447513580322,100.89434051513672,480.8739013671875,0.028003603219985962,102.043212890625,481.3687744140625,0.01375424861907959,318.4957580566406,621.634765625,0.04156994819641113,169.59536743164062,944.1627807617188,0.1401890218257904
95,378.6393737792969,801.1210327148438,0.9443678855895996,282.9427185058594,806.1323852539062,0.8440993428230286,315.8487854003906,699.6447143554688,0.07743710279464722,422.08770751953125,799.5030517578125,0.9375766515731812,200.12918090820312,796.1235961914062,0.028145939111709595,256.4706726074219,530.9439697265625,0.025356709957122803,276.1104431152344,533.1571655273438,0.9634258151054382,437.88885498046875,434.2752990722656,0.20077922940254211,440.51043701171875,434.363525390625,0.8126170635223389,469.028076171875,554.1800537109375,0.1951419711112976,474.1580505371094,555.3712768554688,0.028074562549591064,100.92478942871094,480.991455078125,0.01396825909614563,316.2746276855469,637.7489624023438,0.01907980442047119,319.4198303222656,621.84130859375,0.04753673076629639,170.1705780029297,943.8764038085938,0.07645845413208008
96,379.173583984375,800.9422607421875,0.9466406106948853,282.76226806640625,807.1578979492188,0.8394361138343811,318.9862060546875,701.6578979492188,0.059665292501449585,422.1162109375,800.1747436523438,0.944293737411499,243.66357421875,3.292904853820801,0.017248302698135376,256.26300048828125,531.2100830078125,0.0320565402507782,276.38690185546875,533.5255737304688,0.9602830410003662,438.48284912109375,434.6512756347656,0.1657174825668335,441.3830871582031,434.74566650390625,0.8454160094261169,469.0362548828125,554.0789794921875,0.18059852719306946,474.66473388671875,548.7896118164062,0.02632579207420349,101.257080078125,480.69403076171875,0.012205064296722412,316.5553283691406,637.6184692382812,0.016321629285812378,319.9189453125,621.9630126953125,0.09347209334373474,169.9353485107422,943.7937622070312,0.06752893328666687
97,377.5498962402344,799.4630737304688,0.9697497487068176,283.3876953125,805.2642822265625,0.8513820171356201,317.6065673828125,698.6875610351562,0.1266954243183136,422.85296630859375,797.6663818359375,0.9461120963096619,205.05377197265625,794.9551391601562,0.023765146732330322,247.74452209472656,533.9521484375,0.01939961314201355,276.6656188964844,531.2324829101562,0.9517827033996582,440.5984802246094,432.78240966796875,0.1930508017539978,440.9874267578125,433.71441650390625,0.836229145526886,469.5050354003906,547.6157836914062,0.12226846814155579,473.8312683105469,535.3436279296875,0.021627187728881836,107.17630004882812,479.99017333984375,0.028769701719284058,317.53045654296875,636.006591796875,0.0395052433013916,323.32958984375,621.57666015625,0.05351415276527405,170.50778198242188,943.0574340820312,0.22135227918624878
98,379.8205871582031,798.8372192382812,0.9553040266036987,284.96246337890625,802.9768676757812,0.7920029163360596,321.66802978515625,693.3896484375,0.05245700478553772,425.5506286621094,793.8723754882812,0.9501869678497314,204.85992431640625,794.4356079101562,0.02378407120704651,248.10684204101562,534.2918701171875,0.012251675128936768,278.8204650878906,531.2854614257812,0.9405375123023987,440.6501159667969,430.4571533203125,0.22650781273841858,441.757568359375,432.12939453125,0.8159254789352417,470.568115234375,547.872314453125,0.10269275307655334,475.2677917480469,536.2714233398438,0.013202309608459473,108.51502990722656,479.3410339355469,0.017049849033355713,109.03255462646484,480.70587158203125,0.014252394437789917,354.87103271484375,457.0192565917969,0.013408541679382324,172.52554321289062,941.6725463867188,0.23355814814567566
99,380.1131286621094,800.1287231445312,0.9400984644889832,285.1949157714844,802.023681640625,0.7684128284454346,321.7974548339844,693.5709228515625,0.04915812611579895,426.44134521484375,792.4778442382812,0.9467158317565918,205.09185791015625,793.9542236328125,0.02125146985054016,247.28726196289062,533.8880615234375,0.012496232986450195,278.30419921875,530.9083251953125,0.9495002031326294,440.80279541015625,430.212890625,0.23607966303825378,441.718505859375,432.0050964355469,0.8054414987564087,472.0997009277344,541.088134765625,0.12576472759246826,475.97491455078125,541.8798217773438,0.01759400963783264,459.24249267578125,543.6355590820312,0.01863330602645874,109.17008209228516,479.9103698730469,0.016213983297348022,318.8933410644531,622.5427856445312,0.013235479593276978,173.1116180419922,941.0752563476562,0.23849505186080933
100,381.55645751953125,797.306640625,0.914554238319397,287.0621032714844,799.8701782226562,0.8207654356956482,322.3059997558594,693.0107421875,0.04254588484764099,427.3006591796875,791.0579223632812,0.9518737196922302,348.43267822265625,664.730224609375,0.01736941933631897,217.73939514160156,735.8119506835938,0.022523611783981323,278.1844787597656,528.28955078125,0.911858320236206,441.725341796875,428.2381896972656,0.11880120635032654,444.38519287109375,428.62005615234375,0.8787568211555481,471.652587890625,540.1971435546875,0.1311451494693756,475.0143127441406,540.5828857421875,0.015299886465072632,458.6532897949219,543.5657958984375,0.025109529495239258,318.4942626953125,623.0422973632812,0.008665084838867188,121.2470703125,912.9066162109375,0.01172173023223877,174.79734802246094,939.2490844726562,0.09662464261054993
101,383.56903076171875,792.1428833007812,0.9326386451721191,288.3672180175781,796.7506103515625,0.8329224586486816,321.7550354003906,687.7293090820312,0.06469297409057617,427.9137268066406,789.122802734375,0.9324659109115601,205.83349609375,778.9974365234375,0.030707359313964844,247.89463806152344,529.1068725585938,0.019672155380249023,286.24066162109375,521.1185913085938,0.9206151962280273,442.8680725097656,426.1125793457031,0.11425286531448364,445.4638977050781,426.5704040527344,0.8796373009681702,472.228271484375,539.7990112304688,0.12196186184883118,425.87237548828125,908.8358764648438,0.026883065700531006,458.5628356933594,544.4581909179688,0.01639533042907715,104.40766906738281,524.3343505859375,0.00841367244720459,61.40385818481445,5.445931911468506,0.009100615978240967,175.8011474609375,938.2612915039062,0.051722437143325806
102,383.1767272949219,788.4979858398438,0.9341410994529724,286.96209716796875,793.9744262695312,0.8100230693817139,321.8205871582031,685.7294311523438,0.025998979806900024,427.75030517578125,787.0078125,0.951198935508728,206.31829833984375,779.072265625,0.05275040864944458,261.4730224609375,518.8486328125,0.024266302585601807,285.4748229980469,519.74560546875,0.9405937194824219,443.1832275390625,424.3768615722656,0.34878313541412354,446.8808288574219,423.923828125,0.8777142763137817,472.9909362792969,539.1929931640625,0.1295371651649475,426.2764587402344,907.0039672851562,0.022996991872787476,109.27091979980469,465.66229248046875,0.01718112826347351,322.5838928222656,620.268798828125,0.008150547742843628,325.86761474609375,604.9295043945312,0.04154589772224426,178.60951232910156,932.5227661132812,0.078026682138443
103,383.6749572753906,786.3509521484375,0.9540797472000122,286.82574462890625,792.0181884765625,0.8174071311950684,320.2394104003906,684.3231811523438,0.02983364462852478,427.7467346191406,784.8984985351562,0.9593745470046997,206.19764709472656,785.5020141601562,0.03426903486251831,265.465087890625,516.722900390625,0.041777610778808594,282.8940734863281,518.3123168945312,0.9400378465652466,448.0614929199219,419.001953125,0.24152040481567383,447.07586669921875,420.3700866699219,0.8847891092300415,465.467041015625,536.7910766601562,0.12329712510108948,480.53900146484375,514.7001342773438,0.0199282169342041,109.71807861328125,465.6357116699219,0.013902008533477783,110.5252456665039,465.9561767578125,0.00835871696472168,326.2635803222656,604.4596557617188,0.05218100547790527,178.3697052001953,931.7282104492188,0.1063430905342102
104,384.5558166503906,785.6683959960938,0.9523259997367859,286.6043701171875,789.1788330078125,0.7583493590354919,324.4927062988281,689.3070678710938,0.021531790494918823,427.3897705078125,780.0066528320312,0.9237428903579712,205.40460205078125,792.0066528320312,0.01775875687599182,264.6504211425781,516.2506103515625,0.02827131748199463,282.8376159667969,517.6409912109375,0.9031860828399658,448.269775390625,415.2245178222656,0.2783757448196411,448.5840759277344,416.33782958984375,0.8904855847358704,478.3320617675781,540.0993041992188,0.09905484318733215,228.4620361328125,559.169921875,0.011580824851989746,110.81150817871094,465.2633056640625,0.024276554584503174,112.31220245361328,466.2337646484375,0.02935442328453064,328.30316162109375,613.6697387695312,0.02523544430732727,178.69122314453125,930.015869140625,0.15090030431747437
105,385.2602844238281,782.5407104492188,0.9378566741943359,290.0205383300781,787.2188720703125,0.7989856600761414,325.0218811035156,677.822509765625,0.03665539622306824,430.8788757324219,776.7782592773438,0.9176108837127686,110.91095733642578,900.189453125,0.016859591007232666,361.803466796875,589.6871948242188,0.02749583125114441,283.45562744140625,515.80029296875,0.9088742733001709,448.8109436035156,412.4678649902344,0.41779419779777527,449.6110534667969,414.3024597167969,0.8621225357055664,478.2566223144531,537.7767333984375,0.07982665300369263,487.12469482421875,495.18658447265625,0.011930316686630249,460.4237060546875,526.8931884765625,0.021539926528930664,112.43035888671875,464.5437927246094,0.02420327067375183,329.4097900390625,605.736572265625,0.02451595664024353,178.94439697265625,924.7672119140625,0.1319708526134491
106,385.21856689453125,780.6393432617188,0.9395318031311035,290.6138000488281,785.72802734375,0.8281458616256714,428.2775573730469,731.8165893554688,0.03148326277732849,430.8547668457031,775.9337768554688,0.9427486658096313,220.00807189941406,2.516590118408203,0.019247859716415405,361.87548828125,590.0609741210938,0.02960386872291565,283.1513671875,514.8245849609375,0.8964364528656006,449.057373046875,411.03466796875,0.27253109216690063,449.7491149902344,412.7195739746094,0.9066078662872314,483.21502685546875,525.2644653320312,0.07113829255104065,481.9170227050781,496.70648193359375,0.014819204807281494,110.85406494140625,461.4985656738281,0.02959597110748291,111.8771743774414,463.0723571777344,0.027920454740524292,359.5360412597656,441.2117919921875,0.014261215925216675,179.77243041992188,923.6929931640625,0.08500328660011292
107,385.6080627441406,779.245849609375,0.9269341230392456,291.24713134765625,783.7622680664062,0.7955347299575806,428.9532775878906,731.9797973632812,0.031178385019302368,431.55572509765625,774.133544921875,0.9402002692222595,116.64070129394531,898.9981689453125,0.01564347743988037,262.5928955078125,507.4181823730469,0.018873631954193115,288.903564453125,508.0928649902344,0.9056582450866699,449.31951904296875,408.96295166015625,0.2574009895324707,450.2324523925781,410.63037109375,0.8564159870147705,483.6861877441406,524.761962890625,0.1134679913520813,481.5939636230469,498.1777648925781,0.01860111951828003,110.9908676147461,453.6111145019531,0.05281221866607666,111.84736633300781,449.38763427734375,0.02367505431175232,330.96307373046875,597.5271606445312,0.026290029287338257,52.29897689819336,3.091477870941162,0.06714925169944763
108,387.0983581542969,779.8278198242188,0.8907451629638672,292.3917236328125,783.7442016601562,0.7547076344490051,327.2031555175781,676.2591552734375,0.02922999858856201,432.73443603515625,773.681640625,0.9128891229629517,211.77896118164062,2.4483113288879395,0.01600635051727295,262.10443115234375,507.0130310058594,0.025702744722366333,290.2825012207031,506.6385192871094,0.9182734489440918,452.44091796875,405.9886169433594,0.14507648348808289,452.81463623046875,407.70819091796875,0.8431793451309204,483.8437194824219,524.220947265625,0.06572455167770386,481.5999450683594,497.4085388183594,0.027926236391067505,110.9107666015625,452.8650817871094,0.04510197043418884,111.89325714111328,449.04815673828125,0.025404512882232666,329.3423767089844,616.920166015625,0.037602901458740234,180.794677734375,923.0481567382812,0.060524970293045044
109,387.27001953125,779.8502807617188,0.8953381776809692,292.2464294433594,784.6907348632812,0.807563304901123,327.065185546875,676.6354370117188,0.03646451234817505,433.056640625,774.1356201171875,0.9125844240188599,212.01290893554688,2.6946287155151367,0.01836434006690979,263.475830078125,507.87200927734375,0.022680282592773438,291.0777282714844,508.0108947753906,0.9207019805908203,450.1092224121094,408.28363037109375,0.18880605697631836,450.89288330078125,409.9551086425781,0.8472978472709656,483.7889709472656,524.4349975585938,0.0627204179763794,481.291015625,497.6062316894531,0.022647231817245483,110.76529693603516,453.3805236816406,0.052838534116744995,112.06652069091797,449.4682922363281,0.022930234670639038,329.79736328125,605.3245849609375,0.02870732545852661,179.16355895996094,923.3109130859375,0.06064152717590332
110,386.7794494628906,780.5805053710938,0.9047125577926636,292.782958984375,786.103515625,0.846576988697052,428.4071044921875,737.06884765625,0.03424033522605896,433.05853271484375,775.7730102539062,0.9336338043212891,211.80679321289062,2.9892139434814453,0.01817530393600464,263.3871765136719,507.9667663574219,0.020879387855529785,288.118408203125,513.0584716796875,0.8442813158035278,450.1663513183594,408.4421081542969,0.2258913815021515,450.800048828125,410.1601257324219,0.8348021507263184,483.8540954589844,524.7052612304688,0.06620723009109497,485.60137939453125,496.58404541015625,0.018684744834899902,110.67011260986328,453.9162902832031,0.04650804400444031,110.93536376953125,454.8232421875,0.01722538471221924,331.1114807128906,605.3613891601562,0.05103099346160889,179.65328979492188,924.4901733398438,0.10138440132141113
111,386.9792785644531,782.040771484375,0.9321020245552063,291.5361022949219,787.2803955078125,0.8574695587158203,326.0444641113281,675.91259765625,0.03128299117088318,433.5594787597656,776.3367309570312,0.9165979623794556,211.8542022705078,3.03128719329834,0.01851356029510498,263.2027587890625,507.8763122558594,0.019976496696472168,282.9626159667969,515.2288818359375,0.855049729347229,449.9687805175781,409.6092529296875,0.22260954976081848,450.5586853027344,411.0733337402344,0.8764416575431824,483.3827819824219,524.68603515625,0.05977800488471985,485.9502258300781,496.1895446777344,0.022076159715652466,111.11695861816406,454.7602233886719,0.02575737237930298,111.49266052246094,462.4773864746094,0.01897573471069336,330.9404296875,604.2708740234375,0.09030365943908691,179.1361083984375,925.6461181640625,0.10789236426353455
112,386.3092956542969,783.0321044921875,0.947741687297821,291.1452941894531,787.9588012695312,0.7979212999343872,325.8023681640625,679.0274658203125,0.05117723345756531,430.9062805175781,778.0441284179688,0.9065560102462769,212.14141845703125,2.9886341094970703,0.01631784439086914,263.9574890136719,514.1932983398438,0.020269334316253662,287.6382751464844,515.0372924804688,0.9085774421691895,448.84173583984375,411.0047607421875,0.2705659866333008,449.57000732421875,412.6831359863281,0.9065736532211304,482.72021484375,524.8720092773438,0.06496322154998779,235.1829071044922,564.90380859375,0.013734698295593262,111.37157440185547,461.74786376953125,0.027800530195236206,112.25856018066406,463.29254150390625,0.02495431900024414,330.392822265625,605.826416015625,0.06416577100753784,175.34507751464844,934.1278686523438,0.08853155374526978
113,387.5445556640625,783.9957885742188,0.9634251594543457,292.1451721191406,789.4390258789062,0.7708239555358887,326.6011962890625,687.4774780273438,0.05252206325531006,430.3253479003906,781.44677734375,0.8695050477981567,209.85733032226562,786.0648193359375,0.019006669521331787,268.3529357910156,513.9585571289062,0.02268272638320923,287.98486328125,515.6219482421875,0.9118391871452332,449.0118408203125,412.896240234375,0.33727794885635376,449.6202392578125,414.46185302734375,0.8893394470214844,483.1860656738281,525.0633544921875,0.06553223729133606,486.9324951171875,495.4997253417969,0.012442708015441895,111.08877563476562,462.9794616699219,0.01994037628173828,112.32612609863281,464.5682678222656,0.01795300841331482,330.90283203125,606.1241455078125,0.06909817457199097,176.09124755859375,934.5062866210938,0.13228663802146912
114,388.4195251464844,785.0219116210938,0.9592455625534058,291.970703125,791.0809936523438,0.762274980545044,326.74151611328125,687.762939453125,0.06482687592506409,430.5268249511719,782.3504638671875,0.9076755046844482,208.7103729248047,735.327880859375,0.024325966835021973,267.0544128417969,515.0211791992188,0.030912011861801147,287.3241882324219,516.556396484375,0.9170473217964172,449.0043029785156,413.40509033203125,0.3213748633861542,450.1368408203125,415.0296325683594,0.9047988057136536,479.0201110839844,539.6129760742188,0.05277445912361145,487.7735290527344,494.26873779296875,0.011854946613311768,111.19755554199219,463.7311096191406,0.023198753595352173,112.79059600830078,465.0470886230469,0.016828060150146484,328.9886169433594,605.9874267578125,0.0608900785446167,179.9680938720703,931.3925170898438,0.1027325689792633
115,386.6477966308594,784.6689453125,0.9686393737792969,289.082763671875,792.7816162109375,0.7932307720184326,324.2628173828125,684.552734375,0.04115232825279236,429.601318359375,784.1647338867188,0.9610774517059326,211.1708221435547,785.53369140625,0.02357754111289978,268.6133728027344,514.5071411132812,0.032985299825668335,287.7087707519531,516.8590087890625,0.937126874923706,449.0680236816406,414.33917236328125,0.31728318333625793,449.981201171875,415.5821228027344,0.9069855213165283,478.87579345703125,540.2181396484375,0.10090333223342896,425.1429748535156,907.1810302734375,0.01279875636100769,111.11114501953125,464.85821533203125,0.03539666533470154,112.61597442626953,466.01861572265625,0.03159153461456299,327.9505615234375,606.6049194335938,0.04324498772621155,180.1555938720703,932.0315551757812,0.10609564185142517
116,388.1441345214844,785.805419921875,0.9582456350326538,292.62225341796875,792.707763671875,0.7686973214149475,327.1839904785156,688.6581420898438,0.03300994634628296,430.76593017578125,784.1650390625,0.9557830095291138,213.21148681640625,771.85205078125,0.03522410988807678,265.0712890625,515.2117919921875,0.04126393795013428,288.0064697265625,517.1748657226562,0.9323357343673706,449.1038513183594,414.1278076171875,0.3208293914794922,450.3153076171875,415.5785827636719,0.9054750800132751,479.2223815917969,540.0155029296875,0.07806620001792908,425.5101318359375,907.0056762695312,0.010876953601837158,111.89227294921875,464.8265686035156,0.07629996538162231,113.17658233642578,466.5090637207031,0.06411817669868469,327.5755920410156,605.46630859375,0.049286216497421265,180.44448852539062,932.1983642578125,0.09504157304763794
117,388.48028564453125,785.8063354492188,0.9575402736663818,292.72210693359375,792.672119140625,0.7520374059677124,324.9457702636719,684.8367919921875,0.04202371835708618,431.1798400878906,783.6331176757812,0.9445042610168457,208.03550720214844,736.3111572265625,0.02929675579071045,264.7900695800781,515.593505859375,0.04750537872314453,288.21319580078125,517.7724609375,0.9487583637237549,448.9565734863281,414.4226379394531,0.32579290866851807,450.2427673339844,415.84356689453125,0.9025716781616211,479.6016540527344,539.34375,0.07628589868545532,425.436279296875,907.1976928710938,0.011968106031417847,111.83053588867188,464.919189453125,0.07124683260917664,113.23478698730469,466.5166931152344,0.061812132596969604,327.6296081542969,605.6922607421875,0.05768170952796936,183.3430633544922,929.7186889648438,0.10405081510543823
118,388.94415283203125,787.0215454101562,0.9582659006118774,293.3742980957031,793.3987426757812,0.7687935829162598,326.45733642578125,688.6832275390625,0.03624919056892395,431.43707275390625,783.459716796875,0.9274933338165283,207.98580932617188,736.0878295898438,0.021791547536849976,264.3631591796875,516.0825805664062,0.04286268353462219,288.2149963378906,518.061279296875,0.9507912993431091,446.5096130371094,416.5990295410156,0.2584956884384155,450.0918884277344,415.8232421875,0.9167709350585938,479.5176086425781,539.740234375,0.07533925771713257,113.80743408203125,461.2395935058594,0.01153460144996643,112.08247375488281,465.4931640625,0.06969660520553589,113.35719299316406,467.0813903808594,0.07815954089164734,328.854248046875,605.7638549804688,0.061939120292663574,180.73348999023438,932.5154418945312,0.08774137496948242
119,388.37213134765625,787.8157958984375,0.9473838806152344,292.9906921386719,794.6470947265625,0.7315002679824829,326.48822021484375,688.2431640625,0.05041208863258362,431.60357666015625,784.5349731445312,0.9195656776428223,370.180908203125,650.5135498046875,0.018610328435897827,264.3133239746094,516.7896118164062,0.04164832830429077,288.7835693359375,519.2611083984375,0.9651660323143005,446.31951904296875,417.5693664550781,0.3129670321941376,449.70135498046875,416.96685791015625,0.8929916024208069,481.2751770019531,539.9024047851562,0.09699538350105286,114.1479721069336,461.6312561035156,0.016829490661621094,111.9129867553711,465.5614929199219,0.045010656118392944,113.30859375,466.9011535644531,0.041147321462631226,329.11676025390625,626.0843505859375,0.03268975019454956,180.70985412597656,932.9053955078125,0.06567531824111938
120,387.4525451660156,787.4614868164062,0.9433833360671997,292.8098449707031,795.5070190429688,0.7423081398010254,326.3569641113281,688.3004760742188,0.0599672794342041,431.86102294921875,784.6524047851562,0.9220532178878784,370.67694091796875,650.7355346679688,0.018449068069458008,264.28936767578125,516.6596069335938,0.040352463722229004,288.47918701171875,519.32373046875,0.9633870720863342,446.0625915527344,417.6362609863281,0.3167310059070587,449.4777526855469,416.9710693359375,0.8990151882171631,480.5299987792969,539.9931640625,0.09724321961402893,425.5440979003906,908.8275146484375,0.02039957046508789,111.81039428710938,465.4151916503906,0.039949268102645874,113.10365295410156,466.84326171875,0.037669092416763306,329.1798400878906,632.4520874023438,0.0272996723651886,181.3166046142578,932.802490234375,0.08192697167396545
121,388.2056579589844,785.8119506835938,0.9538874626159668,292.781005859375,795.1217651367188,0.7569432854652405,326.3705749511719,688.0859985351562,0.06135290861129761,431.7373046875,784.5498046875,0.931797981262207,208.510498046875,735.7032470703125,0.01906055212020874,264.36956787109375,516.42431640625,0.04181209206581116,287.9764709472656,518.9591064453125,0.9585786461830139,445.6650390625,417.2515869140625,0.342896044254303,448.97943115234375,416.5750732421875,0.9111587405204773,480.52484130859375,540.2801513671875,0.07735678553581238,425.53411865234375,908.2491455078125,0.019346028566360474,112.06993865966797,465.9596252441406,0.060041069984436035,113.48390197753906,467.5528869628906,0.06424662470817566,327.7309265136719,605.3793334960938,0.044899970293045044,180.79368591308594,932.9284057617188,0.13149091601371765
122,388.16162109375,785.7659912109375,0.9538686275482178,292.7960205078125,794.6710815429688,0.7724601030349731,326.0678405761719,688.4386596679688,0.07495558261871338,431.7846374511719,783.9207763671875,0.9275540113449097,208.577392578125,736.0630493164062,0.018975555896759033,364.06689453125,589.0266723632812,0.020265638828277588,287.8769836425781,518.9195556640625,0.9492683410644531,446.2162780761719,417.0498046875,0.30781883001327515,449.2940673828125,416.4836120605469,0.9085626602172852,479.9175720214844,540.3316650390625,0.07169002294540405,425.7795715332031,907.3245239257812,0.02558434009552002,111.30841827392578,465.08868408203125,0.056507617235183716,112.57025146484375,466.5093688964844,0.04196426272392273,328.2424621582031,612.6329956054688,0.03230127692222595,180.34381103515625,933.1868896484375,0.1272008717060089
123,388.2264099121094,785.8471069335938,0.9543889760971069,292.4149475097656,793.9437866210938,0.7118606567382812,326.0175476074219,688.4053344726562,0.08304247260093689,431.41632080078125,783.5038452148438,0.9320234656333923,208.51136779785156,735.796630859375,0.020687401294708252,264.1639404296875,515.9885864257812,0.026573598384857178,288.49676513671875,518.6478271484375,0.9525929689407349,448.8733825683594,414.92431640625,0.286696195602417,449.8365173339844,416.0076599121094,0.9177918434143066,479.52227783203125,540.5438232421875,0.05773442983627319,425.3328552246094,907.3509521484375,0.017426103353500366,111.83403015136719,465.1532897949219,0.05164533853530884,113.39996337890625,466.6681823730469,0.04468300938606262,327.9981994628906,605.4943237304688,0.05087056756019592,179.9674530029297,932.7744140625,0.15201541781425476
124,387.41217041015625,785.3681030273438,0.9572789669036865,288.6583251953125,794.0640258789062,0.7502444982528687,325.3561096191406,688.0659790039062,0.045168668031692505,431.3865661621094,783.8461303710938,0.9439606070518494,210.743408203125,779.0972900390625,0.022371947765350342,364.2140197753906,589.2510986328125,0.018696904182434082,287.977294921875,518.919189453125,0.9460198879241943,448.56622314453125,414.7529296875,0.35215556621551514,449.2528076171875,416.0379333496094,0.9109804034233093,479.6966552734375,540.9630737304688,0.08749961853027344,425.49908447265625,907.0328369140625,0.021801114082336426,111.5217056274414,465.2028503417969,0.042254894971847534,113.15853881835938,466.4147033691406,0.03444918990135193,327.93780517578125,612.8689575195312,0.04318365454673767,179.3682403564453,935.0596313476562,0.13635292649269104
125,388.3162841796875,785.51708984375,0.9593088626861572,288.8567199707031,793.2572631835938,0.7319278120994568,325.6741027832031,688.2738647460938,0.06360626220703125,431.1328125,783.3043823242188,0.9330219626426697,208.55299377441406,735.6536254882812,0.024059057235717773,264.51947021484375,515.7129516601562,0.02421879768371582,288.8803405761719,518.1275024414062,0.9419164061546326,448.755859375,414.4114685058594,0.3505437970161438,449.51544189453125,415.6641540527344,0.8888907432556152,478.8955078125,540.3305053710938,0.10086828470230103,425.18963623046875,906.9266967773438,0.014406532049179077,111.53005981445312,465.0555114746094,0.03559577465057373,113.10176849365234,466.4746398925781,0.02785813808441162,326.7060852050781,614.3621826171875,0.05249100923538208,179.52162170410156,935.1851806640625,0.16093605756759644
126,388.75213623046875,785.7048950195312,0.9615066051483154,289.60662841796875,793.3861694335938,0.7484738230705261,326.22271728515625,688.310791015625,0.05136862397193909,431.8877258300781,782.8759765625,0.92847740650177,208.7443084716797,735.805419921875,0.021921515464782715,264.4903869628906,515.5596923828125,0.022983640432357788,289.3230895996094,518.1364135742188,0.9379408359527588,448.8258361816406,414.22369384765625,0.31482505798339844,449.593017578125,415.54266357421875,0.892850399017334,478.9605407714844,540.0361328125,0.0697472095489502,425.5892639160156,906.7091674804688,0.014759302139282227,111.73221588134766,465.2240905761719,0.061109960079193115,113.28108215332031,466.75347900390625,0.05037057399749756,327.094970703125,621.0567016601562,0.047681212425231934,180.2146453857422,932.8164672851562,0.12141111493110657
127,387.7850036621094,785.4192504882812,0.9607962965965271,293.20013427734375,793.4229125976562,0.7410639524459839,325.90386962890625,688.6242065429688,0.055475711822509766,431.41412353515625,783.7034301757812,0.9380397796630859,210.47300720214844,785.9354858398438,0.021735012531280518,263.753173828125,516.0039672851562,0.018205732107162476,288.5928955078125,518.496337890625,0.9514157772064209,448.97076416015625,415.0863952636719,0.3367735743522644,449.65045166015625,416.2425537109375,0.9018871784210205,479.593017578125,540.76708984375,0.06257039308547974,425.9307861328125,906.7367553710938,0.021050602197647095,111.37499237060547,465.7950439453125,0.05081146955490112,112.76248931884766,467.2608642578125,0.03729361295700073,326.9870910644531,606.7975463867188,0.05916416645050049,179.781982421875,935.5230102539062,0.14801573753356934
128,388.9721984863281,785.6085205078125,0.9567830562591553,289.4873962402344,793.456787109375,0.7631542682647705,326.3205871582031,688.4208374023438,0.05362531542778015,431.5254211425781,783.4557495117188,0.9261821508407593,211.85499572753906,3.2200300693511963,0.020640790462493896,364.2149963378906,589.1047973632812,0.021674156188964844,288.7490539550781,518.78271484375,0.9465681910514832,449.48333740234375,414.6288146972656,0.2867498993873596,450.3188781738281,415.77685546875,0.8939545154571533,479.0792236328125,540.2368774414062,0.06666606664657593,425.8247985839844,906.6593017578125,0.0189284086227417,111.64786529541016,465.370849609375,0.07676208019256592,113.13129425048828,466.8600769042969,0.06637760996818542,328.0328674316406,612.3287353515625,0.05419197678565979,176.25804138183594,936.1552734375,0.12120729684829712
129,388.4547424316406,785.64404296875,0.9592766761779785,292.1299743652344,792.4990844726562,0.7383208870887756,326.09710693359375,688.5396118164062,0.047269999980926514,431.1123962402344,783.2279052734375,0.931277334690094,211.2736053466797,779.6500244140625,0.021595239639282227,261.20989990234375,518.234619140625,0.02044498920440674,289.0160827636719,518.5108642578125,0.9442602396011353,449.53253173828125,414.3830261230469,0.33219996094703674,450.4132385253906,415.62481689453125,0.9005791544914246,478.8623352050781,539.9236450195312,0.07175225019454956,425.740478515625,906.7847290039062,0.012147605419158936,111.66325378417969,465.24359130859375,0.07403263449668884,113.14179229736328,466.7503356933594,0.06471309065818787,326.46722412109375,614.0145874023438,0.049010246992111206,180.5517120361328,932.760009765625,0.1559862196445465
130,386.6663818359375,786.5357666015625,0.9437426328659058,288.43267822265625,793.4258422851562,0.7735365629196167,325.4943542480469,688.7772827148438,0.04152795672416687,430.4264221191406,784.2819213867188,0.9336428642272949,210.82798767089844,779.321044921875,0.022700220346450806,364.0335388183594,589.18505859375,0.02283504605293274,288.50201416015625,519.0018920898438,0.9378095269203186,448.40509033203125,415.1285400390625,0.2972375750541687,449.0000305175781,416.3258056640625,0.9149492979049683,479.24554443359375,540.7571411132812,0.1061200499534607,425.8346862792969,907.3450927734375,0.028136610984802246,111.42328643798828,465.8783874511719,0.051455169916152954,112.96881866455078,467.3653564453125,0.048836082220077515,327.16351318359375,606.631591796875,0.05156421661376953,179.11346435546875,934.9411010742188,0.14833751320838928
131,387.5251159667969,785.2196655273438,0.9487800598144531,287.5760498046875,792.3492431640625,0.7705190777778625,323.30157470703125,684.7410278320312,0.030417919158935547,429.6601867675781,783.2838134765625,0.9393190741539001,210.2741241455078,779.4378662109375,0.019249767065048218,364.3782958984375,589.119873046875,0.022820889949798584,287.8984069824219,518.6337890625,0.9286555647850037,448.3207092285156,414.3603210449219,0.33131295442581177,449.0357360839844,415.91436767578125,0.9042851328849792,478.9307556152344,540.5487670898438,0.07607787847518921,425.5154724121094,907.2765502929688,0.012881249189376831,111.2825698852539,465.6670837402344,0.03981366753578186,112.8829116821289,466.74664306640625,0.03589451313018799,327.9983215332031,619.778076171875,0.06475463509559631,180.00521850585938,934.0224609375,0.11621302366256714
132,387.812744140625,785.2918090820312,0.9511412382125854,287.72265625,791.6864013671875,0.7582303881645203,322.8582458496094,684.5576171875,0.03147897124290466,429.4136962890625,782.8947143554688,0.9206863641738892,209.76344299316406,785.9215087890625,0.018977046012878418,363.7706298828125,589.0941162109375,0.015421688556671143,288.26580810546875,517.1471557617188,0.9193217158317566,448.4718017578125,413.8228759765625,0.34837615489959717,449.2667541503906,415.4587097167969,0.9158439636230469,478.5428771972656,539.73876953125,0.08770662546157837,425.4490661621094,907.0132446289062,0.012659192085266113,111.04570007324219,464.7601318359375,0.03861340880393982,112.71796417236328,465.96771240234375,0.03555905818939209,328.22796630859375,612.8417358398438,0.0786009430885315,180.90699768066406,931.8489379882812,0.15541166067123413
133,386.476806640625,786.0413208007812,0.9524720907211304,286.5680847167969,791.8649291992188,0.7592177391052246,320.46636962890625,683.8694458007812,0.03881615400314331,428.5856018066406,783.732666015625,0.9377185702323914,207.90599060058594,785.6190185546875,0.0255545973777771,267.7281494140625,516.0216674804688,0.019590318202972412,286.29815673828125,518.029296875,0.9222489595413208,447.267822265625,414.34320068359375,0.30525192618370056,448.06304931640625,415.7535095214844,0.8932696580886841,477.92242431640625,540.1217651367188,0.08306834101676941,225.20669555664062,560.1251831054688,0.016703277826309204,60.01761245727539,363.1938781738281,0.023913443088531494,110.60297393798828,465.496337890625,0.01788538694381714,325.52825927734375,606.309326171875,0.07736963033676147,180.69061279296875,931.9961547851562,0.11408635973930359
134,386.1315002441406,785.8599243164062,0.9514062404632568,285.85919189453125,791.9185180664062,0.7777918577194214,322.385498046875,684.3072509765625,0.033158332109451294,428.3499450683594,783.7474365234375,0.9458535313606262,207.60264587402344,785.6295776367188,0.02464810013771057,264.453369140625,516.029296875,0.02004265785217285,286.33404541015625,517.4119873046875,0.9088121652603149,447.94293212890625,413.69647216796875,0.3472629189491272,448.78173828125,415.11328125,0.8909013271331787,478.20245361328125,539.8340454101562,0.07583364844322205,481.5760192871094,518.7403564453125,0.013100981712341309,59.25300598144531,362.4808654785156,0.024275660514831543,320.0205993652344,613.7011108398438,0.017627179622650146,326.1761474609375,606.268310546875,0.12126606702804565,180.5061492919922,931.8515014648438,0.1177460253238678
135,386.1625671386719,785.9862670898438,0.9458720684051514,285.7278137207031,791.4469604492188,0.7623085379600525,320.82843017578125,683.5584106445312,0.03391820192337036,428.352294921875,783.5870361328125,0.9425125122070312,207.17861938476562,785.72216796875,0.02909308671951294,264.1259460449219,516.0325317382812,0.01980966329574585,286.4870910644531,517.6782836914062,0.9119369387626648,447.5544738769531,413.6690979003906,0.3104829490184784,448.42926025390625,415.1874694824219,0.880436897277832,477.6839904785156,539.8731079101562,0.07299453020095825,481.4826354980469,518.345703125,0.013005644083023071,59.3638916015625,362.99298095703125,0.01579350233078003,319.6344299316406,614.057861328125,0.014776736497879028,325.7648010253906,606.2074584960938,0.08317306637763977,180.69407653808594,931.72607421875,0.12101826071739197
136,386.428955078125,785.6802978515625,0.9462764263153076,285.4543762207031,792.0513916015625,0.7829717397689819,322.1452331542969,684.2908325195312,0.026033610105514526,428.6524353027344,783.2048950195312,0.9380133152008057,207.02871704101562,785.3352661132812,0.02505272626876831,363.2442932128906,589.1361694335938,0.02316385507583618,286.6584167480469,517.5387573242188,0.9125776886940002,444.7245178222656,414.7359313964844,0.30588477849960327,447.6874084472656,415.4936218261719,0.8688696622848511,477.55377197265625,540.4371948242188,0.07139724493026733,425.4125671386719,906.6004638671875,0.014884412288665771,109.84708404541016,464.7269592285156,0.0166780948638916,319.5372314453125,614.5670776367188,0.02061578631401062,325.6724853515625,607.9067993164062,0.066497802734375,180.4178009033203,931.7896728515625,0.12395080924034119
137,386.2485046386719,785.5234375,0.9454064965248108,285.2745666503906,792.5005493164062,0.7928881645202637,320.06640625,683.3469848632812,0.029502898454666138,428.40521240234375,783.3096923828125,0.9323832988739014,206.73867797851562,785.2041015625,0.025592058897018433,363.6214904785156,589.3042602539062,0.026421159505844116,286.9318542480469,517.4989013671875,0.893789529800415,447.354736328125,413.74639892578125,0.2892623543739319,448.184814453125,415.3211975097656,0.87303626537323,477.58642578125,540.1854248046875,0.06513354182243347,425.2733459472656,906.3783569335938,0.014603137969970703,110.0466079711914,464.7496032714844,0.017654120922088623,319.2954406738281,614.4628295898438,0.020574837923049927,325.31304931640625,607.4111328125,0.05347704887390137,180.12356567382812,931.8392944335938,0.11506524682044983
138,385.1087646484375,786.175048828125,0.9409042000770569,285.5003662109375,793.741455078125,0.7839658260345459,319.1369323730469,684.361083984375,0.03996992111206055,427.93292236328125,784.026611328125,0.9496616721153259,205.68145751953125,785.5590209960938,0.02848374843597412,363.4864807128906,589.52197265625,0.023449093103408813,286.0736999511719,518.5166625976562,0.9236243963241577,443.0494079589844,415.4327697753906,0.1819569170475006,446.4222106933594,415.59454345703125,0.8618124723434448,477.5903625488281,540.8958740234375,0.05491834878921509,425.0083312988281,907.013427734375,0.014298290014266968,110.62277221679688,465.140380859375,0.021254807710647583,110.63590240478516,465.9029846191406,0.01906755566596985,324.1050109863281,606.359130859375,0.060745179653167725,179.87574768066406,932.5182495117188,0.10159379243850708
139,384.9535827636719,786.2628784179688,0.9365711212158203,285.66064453125,793.9008178710938,0.8044389486312866,319.3672790527344,684.5343017578125,0.04398098587989807,428.14459228515625,784.6464233398438,0.9508061408996582,206.13525390625,785.3500366210938,0.030526459217071533,363.6888427734375,589.6956787109375,0.02047187089920044,285.92962646484375,518.2973022460938,0.9199011325836182,443.4476013183594,415.64532470703125,0.1540234386920929,446.86212158203125,415.4252014160156,0.8707413673400879,477.85333251953125,540.873046875,0.055156320333480835,224.25868225097656,563.4659423828125,0.01251220703125,110.36158752441406,465.0288391113281,0.025298237800598145,319.41644287109375,614.33642578125,0.028277695178985596,327.03118896484375,619.1395874023438,0.06588959693908691,180.1250762939453,932.4993896484375,0.09566661715507507
140,385.404296875,785.7451782226562,0.9397510290145874,285.8602600097656,793.7296142578125,0.7790626287460327,319.7580871582031,684.5480346679688,0.04064175486564636,428.5804748535156,784.5707397460938,0.9443838596343994,206.56405639648438,785.20703125,0.024628549814224243,267.8276062011719,515.99560546875,0.01995512843132019,286.9849548339844,518.6271362304688,0.9319798946380615,443.9817199707031,416.20831298828125,0.1921800971031189,447.5788269042969,415.8126525878906,0.8746298551559448,478.0654296875,541.1322631835938,0.07129043340682983,425.5609130859375,906.8025512695312,0.012765556573867798,110.16299438476562,465.3032531738281,0.02401202917098999,110.58827209472656,466.148193359375,0.017372936010360718,325.2289123535156,606.42431640625,0.06611377000808716,180.24427795410156,932.2968139648438,0.10602685809135437
141,385.01678466796875,786.9622802734375,0.9343990087509155,285.60040283203125,794.1181640625,0.7735586166381836,319.6744689941406,684.6474609375,0.03581485152244568,428.4652099609375,784.6588134765625,0.9467847347259521,206.66363525390625,785.3892211914062,0.023813992738723755,380.5232849121094,618.2110595703125,0.023236989974975586,286.9302978515625,518.4539184570312,0.9174878001213074,447.1813049316406,414.8924560546875,0.1992087960243225,447.59674072265625,415.981689453125,0.8772440552711487,478.1020202636719,541.0186767578125,0.07176294922828674,425.3441467285156,907.4026489257812,0.012636333703994751,459.9685363769531,526.6231079101562,0.013963282108306885,319.5804138183594,613.8707275390625,0.015912294387817383,325.2764892578125,606.459716796875,0.08152320981025696,179.82627868652344,932.380615234375,0.08936318755149841
142,385.7346496582031,785.8960571289062,0.9469252228736877,285.3521728515625,793.0606079101562,0.8050283193588257,320.47576904296875,683.9163818359375,0.034805506467819214,428.36871337890625,783.9462280273438,0.9511455297470093,204.28457641601562,3.463531494140625,0.02515968680381775,266.8774108886719,515.868896484375,0.03115907311439514,286.4383239746094,517.5202026367188,0.892065167427063,444.4051818847656,415.0010986328125,0.2493566870689392,447.51556396484375,415.51446533203125,0.8372315168380737,477.9071960449219,540.7731323242188,0.06016260385513306,481.5617370605469,526.339599609375,0.016589224338531494,60.43912887573242,362.8761901855469,0.01671770215034485,319.2843017578125,614.8593139648438,0.016687452793121338,325.8393249511719,607.17333984375,0.049731820821762085,179.8278350830078,932.3311157226562,0.13742178678512573
143,384.371826171875,786.8944091796875,0.9432492256164551,284.84747314453125,793.1405029296875,0.8103369474411011,319.38873291015625,684.538818359375,0.04385516047477722,427.8066711425781,784.431884765625,0.9525895118713379,206.38632202148438,785.1884155273438,0.02516821026802063,261.4493713378906,518.23876953125,0.02132377028465271,285.96771240234375,517.9009399414062,0.906672477722168,443.13421630859375,415.6861572265625,0.1972588300704956,446.4856262207031,415.84405517578125,0.8350218534469604,477.8414611816406,541.0501098632812,0.06868907809257507,425.8665771484375,907.072021484375,0.013924896717071533,110.40613555908203,464.9507141113281,0.02301180362701416,110.38544464111328,465.5279235839844,0.015932559967041016,326.8099670410156,619.6189575195312,0.06567171216011047,179.7509002685547,932.2322387695312,0.13512000441551208
144,384.0901184082031,787.1166381835938,0.9374491572380066,285.18865966796875,792.994873046875,0.7903478741645813,318.9023742675781,684.2830200195312,0.04274579882621765,427.53887939453125,784.7693481445312,0.9543943405151367,205.94796752929688,785.278564453125,0.0280512273311615,261.2691345214844,518.1471557617188,0.023495972156524658,281.4573669433594,519.0105590820312,0.9082784652709961,442.73919677734375,415.7223205566406,0.20593196153640747,446.0807189941406,415.93341064453125,0.8332239389419556,477.8398132324219,540.8861083984375,0.06757301092147827,425.3135681152344,906.9696044921875,0.013703733682632446,110.78827667236328,464.9686584472656,0.024429231882095337,110.62388610839844,465.5724792480469,0.018405914306640625,327.1167297363281,619.580078125,0.061358124017715454,179.00758361816406,932.1068725585938,0.135147362947464
145,384.72052001953125,787.4107055664062,0.9458832144737244,285.353515625,791.8418579101562,0.7861403822898865,319.5414123535156,684.2139892578125,0.032064288854599,427.6111145019531,784.0126342773438,0.9503951072692871,206.05929565429688,785.5718994140625,0.023134946823120117,261.5807189941406,518.1996459960938,0.026786088943481445,285.982666015625,517.5956420898438,0.901075541973114,443.52545166015625,415.07330322265625,0.21258586645126343,446.58380126953125,415.4865417480469,0.8432646989822388,477.61358642578125,540.6160278320312,0.08903104066848755,481.58197021484375,526.8413696289062,0.014040380716323853,459.7932434082031,526.8051147460938,0.01521158218383789,320.0286560058594,607.5777587890625,0.01984533667564392,324.8977355957031,606.820556640625,0.07253900170326233,179.25521850585938,932.5030517578125,0.15982547402381897
146,384.6775207519531,786.9464111328125,0.939967155456543,285.32891845703125,791.9686279296875,0.7799662351608276,319.3825988769531,684.589599609375,0.03928959369659424,427.84332275390625,784.1480712890625,0.9574449062347412,206.70787048339844,778.2659912109375,0.02717137336730957,362.84814453125,589.0078735351562,0.022503703832626343,286.1785888671875,517.9970703125,0.9038874506950378,443.3681335449219,415.4969177246094,0.23940354585647583,446.4119873046875,415.9371643066406,0.8478140234947205,477.4969482421875,540.6746826171875,0.07463797926902771,440.1942138671875,893.8577880859375,0.014734655618667603,110.68675231933594,464.7726135253906,0.020510852336883545,110.51644897460938,465.2330017089844,0.01364070177078247,325.18408203125,606.827880859375,0.05834665894508362,179.1674346923828,932.0230102539062,0.14425230026245117
147,383.82220458984375,787.61083984375,0.9378287196159363,285.17657470703125,793.9425048828125,0.8112351298332214,320.8320007324219,685.4090576171875,0.039383113384246826,427.67681884765625,785.457275390625,0.9569593667984009,206.49742126464844,778.4015502929688,0.04657256603240967,357.2992248535156,589.066162109375,0.02636086940765381,281.4521789550781,519.442626953125,0.9330005645751953,442.6050720214844,417.325439453125,0.2163623869419098,443.7153625488281,418.09869384765625,0.8750902414321899,471.4195556640625,539.0723876953125,0.07994744181632996,425.75634765625,907.2982788085938,0.01591557264328003,109.14044952392578,464.9685974121094,0.01961532235145569,319.7248229980469,615.4742431640625,0.022449791431427002,325.2176818847656,607.3384399414062,0.030719667673110962,178.82386779785156,932.4015502929688,0.11052042245864868
148,384.4223327636719,788.5261840820312,0.9404998421669006,285.512939453125,793.6522216796875,0.7996693253517151,321.27093505859375,686.16845703125,0.05571943521499634,428.74591064453125,785.16748046875,0.9523420333862305,206.95156860351562,777.9916381835938,0.029633551836013794,379.3630676269531,618.9944458007812,0.04173484444618225,285.1075744628906,518.037841796875,0.9325551986694336,443.22802734375,417.2265625,0.19620850682258606,446.2350158691406,416.63043212890625,0.8813594579696655,471.6693115234375,539.2628784179688,0.08313673734664917,425.9430236816406,907.3565063476562,0.02290135622024536,109.62905883789062,465.0794372558594,0.024232953786849976,109.9517822265625,465.9274597167969,0.021389424800872803,325.2673645019531,606.977294921875,0.03140068054199219,179.31988525390625,932.322998046875,0.10872828960418701
149,384.3659973144531,788.5845336914062,0.9380109310150146,285.666259765625,794.3729248046875,0.7824963331222534,321.0386962890625,686.0896606445312,0.041959553956985474,428.9870910644531,785.047607421875,0.9493178129196167,206.93930053710938,777.6751098632812,0.040737539529800415,379.34381103515625,619.09521484375,0.0432814359664917,283.6368713378906,518.5050659179688,0.9302860498428345,443.4024658203125,417.211181640625,0.1942242681980133,446.352294921875,416.5768127441406,0.8842306137084961,471.74053955078125,538.939453125,0.09062546491622925,426.2550964355469,907.428955078125,0.029143422842025757,109.60626220703125,464.7035827636719,0.014363795518875122,320.4832763671875,614.719482421875,0.02156814932823181,325.0936584472656,606.6773681640625,0.04265075922012329,179.08279418945312,932.5276489257812,0.09748098254203796
150,385.0555419921875,789.2738037109375,0.9238259792327881,285.8992614746094,794.1099243164062,0.7475224733352661,320.7063293457031,686.2019653320312,0.04162845015525818,429.12689208984375,784.8748168945312,0.9352794885635376,207.71958923339844,757.3547973632812,0.048553675413131714,379.74029541015625,619.29443359375,0.030620545148849487,286.0099182128906,519.29443359375,0.9333643913269043,443.2822265625,418.195556640625,0.24670979380607605,445.0787048339844,418.66912841796875,0.8721879720687866,465.9709167480469,537.369140625,0.11058610677719116,426.6646423339844,907.2278442382812,0.029893815517425537,110.23011779785156,464.7644348144531,0.01521959900856018,320.4700622558594,614.621337890625,0.02076283097267151,325.28729248046875,606.39599609375,0.05144113302230835,179.83497619628906,935.3482055664062,0.07875269651412964
151,385.4219970703125,789.8159790039062,0.9202103614807129,286.6259765625,795.7066040039062,0.738583505153656,320.9770812988281,686.217041015625,0.05103066563606262,429.7911682128906,784.8591918945312,0.9315005540847778,208.26914978027344,744.1174926757812,0.037483274936676025,380.0154724121094,618.9562377929688,0.03176245093345642,286.79443359375,519.5861206054688,0.9469940066337585,443.7668151855469,419.006591796875,0.2700826823711395,445.7137451171875,419.40509033203125,0.8765158653259277,472.1988525390625,539.0581665039062,0.10304293036460876,427.4430236816406,907.4102172851562,0.0534825325012207,460.5638427734375,526.5335693359375,0.009103924036026001,320.25323486328125,615.1288452148438,0.015120625495910645,325.25152587890625,606.6166381835938,0.0560096800327301,179.18728637695312,935.595703125,0.08551385998725891
152,384.9072265625,789.5003051757812,0.9152770638465881,285.8993835449219,794.3405151367188,0.7395703792572021,320.8486328125,686.0037231445312,0.04323741793632507,429.3119201660156,784.893310546875,0.9390050172805786,207.9918212890625,757.52587890625,0.038877665996551514,379.4400939941406,619.1251220703125,0.023228853940963745,286.63336181640625,519.3848876953125,0.951418936252594,443.2625732421875,419.009033203125,0.24218595027923584,445.1226501464844,419.33477783203125,0.8728732466697693,465.6084899902344,537.1266479492188,0.12501642107963562,426.805419921875,907.036865234375,0.04124540090560913,109.91736602783203,464.3401184082031,0.013423502445220947,110.5595932006836,464.8209533691406,0.010949373245239258,325.4543151855469,607.2015991210938,0.025048434734344482,179.2340087890625,932.3903198242188,0.0941326916217804
153,384.9170227050781,789.1776123046875,0.9248688220977783,286.1247863769531,793.8848876953125,0.7166301012039185,320.91912841796875,685.71435546875,0.038999080657958984,429.22357177734375,784.4103393554688,0.9378658533096313,208.98020935058594,749.3900756835938,0.03913012146949768,261.58172607421875,518.6398315429688,0.027720361948013306,286.8341979980469,519.1261596679688,0.9374893307685852,443.7027282714844,418.2330322265625,0.2264735996723175,446.77386474609375,417.18426513671875,0.8770852088928223,465.720458984375,537.2191772460938,0.11269727349281311,426.7314453125,907.1182250976562,0.027378737926483154,110.55075073242188,463.8863525390625,0.015615642070770264,321.56854248046875,607.8106689453125,0.011439859867095947,325.8679504394531,607.0265502929688,0.038154006004333496,178.84840393066406,932.5777587890625,0.08156338334083557
154,384.91864013671875,788.7149047851562,0.938357949256897,286.07525634765625,793.9224853515625,0.73350989818573,320.94488525390625,685.5322875976562,0.030675768852233887,429.44500732421875,784.6122436523438,0.9365473985671997,209.06871032714844,757.107421875,0.03862297534942627,261.7584533691406,518.3431396484375,0.02287706732749939,286.33355712890625,518.965576171875,0.9296553730964661,443.92974853515625,418.22882080078125,0.28126442432403564,447.1531982421875,417.1600646972656,0.8865952491760254,472.3812561035156,539.396240234375,0.06733623147010803,426.4929504394531,907.249267578125,0.02564835548400879,110.8205337524414,464.478515625,0.012630641460418701,321.9901428222656,608.0350952148438,0.013845235109329224,326.6735534667969,606.9699096679688,0.05141827464103699,179.30389404296875,934.3678588867188,0.09747946262359619
155,384.9473876953125,789.4945678710938,0.9103236198425293,286.2033996582031,794.3555297851562,0.7410780191421509,321.1411437988281,686.21240234375,0.04486656188964844,429.0191650390625,784.3997192382812,0.9417198896408081,207.434326171875,772.068115234375,0.04535159468650818,262.15008544921875,518.6842041015625,0.03168478608131409,285.4338684082031,519.0857543945312,0.9461838006973267,443.55792236328125,418.70758056640625,0.2294398546218872,445.3728332519531,418.67596435546875,0.8853495717048645,466.1898498535156,537.5546264648438,0.14214974641799927,425.750732421875,907.1785888671875,0.02037838101387024,59.92628479003906,365.5548095703125,0.013533174991607666,320.78912353515625,614.6455078125,0.020869702100753784,325.3244323730469,607.1852416992188,0.02542099356651306,178.6620330810547,932.7117919921875,0.08754658699035645
156,385.1251525878906,790.290283203125,0.9011893272399902,286.1054382324219,794.0826416015625,0.7426601648330688,321.41632080078125,686.6414794921875,0.06005978584289551,428.8150329589844,785.185302734375,0.9282952547073364,206.19424438476562,785.2492065429688,0.04248005151748657,261.45684814453125,518.71044921875,0.03167811036109924,286.0522766113281,519.1461181640625,0.9361916780471802,443.74212646484375,419.20355224609375,0.23363250494003296,445.6398620605469,419.29541015625,0.881084144115448,471.965576171875,539.0234985351562,0.11717036366462708,426.9059143066406,907.3869018554688,0.027927488088607788,109.64863586425781,464.81427001953125,0.011658310890197754,321.1296081542969,614.5950317382812,0.015414148569107056,324.72967529296875,606.9827270507812,0.03255400061607361,178.6605682373047,933.0584106445312,0.08437386155128479
157,385.25799560546875,789.3818969726562,0.9204350709915161,285.8247985839844,794.03466796875,0.7654533982276917,321.2060546875,686.1049194335938,0.049072057008743286,429.0167236328125,784.7813720703125,0.9368301630020142,207.43536376953125,777.5371704101562,0.038163214921951294,264.0699157714844,509.8883972167969,0.03208482265472412,285.5885009765625,519.1267700195312,0.9379152059555054,443.12744140625,419.0088195800781,0.24804818630218506,445.0654602050781,419.0693359375,0.88804030418396,466.2791442871094,537.7186279296875,0.1141003966331482,426.4739074707031,906.6784057617188,0.033191293478012085,60.03647232055664,365.0518493652344,0.013148903846740723,321.6420593261719,615.6273193359375,0.0212709903717041,324.83966064453125,607.92626953125,0.018979638814926147,178.6592254638672,932.6674194335938,0.08481359481811523
158,385.36834716796875,790.0031127929688,0.912278413772583,286.0225524902344,793.5637817382812,0.7535008788108826,321.18121337890625,686.3056640625,0.046718597412109375,429.18963623046875,784.7109375,0.9286393523216248,206.98452758789062,777.7400512695312,0.04742512106895447,263.58709716796875,509.7983703613281,0.03335645794868469,285.7863464355469,518.9202880859375,0.9337025284767151,443.52056884765625,418.8750915527344,0.2551901042461395,445.315673828125,418.912841796875,0.8840581178665161,466.23773193359375,537.5694580078125,0.13342535495758057,427.08294677734375,906.8818969726562,0.04629889130592346,109.84629821777344,464.41754150390625,0.010236293077468872,322.3105163574219,621.231201171875,0.017589867115020752,325.43951416015625,607.3350219726562,0.02631443738937378,178.7456512451172,933.0641479492188,0.08645063638687134
159,385.0083923339844,790.5451049804688,0.9064863920211792,287.1925048828125,795.4882202148438,0.7499977350234985,321.3297424316406,686.6207275390625,0.055932313203811646,428.3478698730469,785.2767333984375,0.9322141408920288,206.14169311523438,778.7879028320312,0.05379936099052429,263.49462890625,509.82952880859375,0.030505508184432983,281.76544189453125,520.1031494140625,0.9340395927429199,443.3360595703125,419.0968322753906,0.23661965131759644,446.8580627441406,417.51715087890625,0.8798251152038574,466.7068176269531,537.6932373046875,0.16607385873794556,427.1691589355469,907.0293579101562,0.03997644782066345,109.63916778564453,464.4609069824219,0.011403977870941162,319.92156982421875,614.1416625976562,0.013739228248596191,324.4718933105469,606.215087890625,0.04328399896621704,178.61143493652344,936.3043823242188,0.09343165159225464
160,385.3136291503906,789.7142944335938,0.9174985885620117,285.5774230957031,794.3099975585938,0.7580130696296692,321.3059997558594,686.2247314453125,0.07469770312309265,429.1309814453125,784.8447875976562,0.9339401721954346,207.73971557617188,771.8153076171875,0.042534857988357544,263.91766357421875,516.8822021484375,0.023508697748184204,286.8208923339844,518.9242553710938,0.9467518329620361,443.89715576171875,418.7915344238281,0.2551817297935486,446.99920654296875,417.5393981933594,0.907444953918457,466.00531005859375,537.125,0.13768836855888367,427.10076904296875,907.3180541992188,0.04353457689285278,109.85926818847656,464.4670715332031,0.01272091269493103,321.6726989746094,614.7637939453125,0.018148720264434814,325.0436096191406,607.0985717773438,0.04120159149169922,179.12612915039062,932.8073120117188,0.0780346691608429
161,385.2534484863281,789.4550170898438,0.9152514934539795,286.2925109863281,795.451416015625,0.7564190626144409,321.6064147949219,686.5764770507812,0.08054244518280029,429.3655090332031,784.9031372070312,0.9315009117126465,208.1082305908203,777.4424438476562,0.0497816801071167,263.7386474609375,516.446044921875,0.02775058150291443,287.06317138671875,518.879638671875,0.9444800019264221,443.955322265625,419.1429138183594,0.2778542935848236,445.8017883300781,419.21673583984375,0.9037023782730103,465.7542724609375,537.5918579101562,0.10965710878372192,427.0634460449219,907.1222534179688,0.04530850052833557,60.13278579711914,364.549560546875,0.01682358980178833,321.2426452636719,614.7650146484375,0.017669469118118286,324.2109680175781,606.575439453125,0.040319234132766724,178.3089599609375,935.9041748046875,0.08183315396308899
162,385.2713928222656,789.9840087890625,0.9017738699913025,286.33795166015625,796.1263427734375,0.759670615196228,321.5195007324219,687.1924438476562,0.059116512537002563,429.098388671875,785.4564819335938,0.9247531890869141,208.02491760253906,777.6113891601562,0.04025954008102417,263.3074951171875,516.781982421875,0.03280520439147949,287.0093078613281,519.4065551757812,0.9447053670883179,444.3839416503906,419.1200866699219,0.2281995415687561,446.1829833984375,419.20648193359375,0.9015771150588989,465.8241271972656,537.4467163085938,0.12383642792701721,427.320068359375,907.7547607421875,0.04269888997077942,109.46366119384766,464.7593688964844,0.008926630020141602,322.85992431640625,620.1411743164062,0.01273009181022644,324.6695556640625,606.3445434570312,0.04253512620925903,178.4801788330078,935.92822265625,0.0825495719909668
163,385.6718444824219,789.8270874023438,0.918789267539978,287.63934326171875,795.75048828125,0.7969951629638672,322.2405090332031,686.561279296875,0.030620276927947998,430.2958068847656,786.113525390625,0.9369186162948608,209.01600646972656,784.5982055664062,0.03414598107337952,263.7313232421875,517.4720458984375,0.03384867310523987,289.21282958984375,519.274658203125,0.9491910338401794,448.6056213378906,418.4635009765625,0.27344030141830444,447.4714050292969,419.921630859375,0.8987926840782166,479.02984619140625,541.0093383789062,0.09104013442993164,427.116943359375,908.019775390625,0.03762847185134888,110.27696228027344,465.70281982421875,0.009218961000442505,111.14909362792969,465.8688659667969,0.005833566188812256,325.8488464355469,606.7138061523438,0.027057766914367676,178.1421661376953,936.18603515625,0.09866997599601746
164,385.3742980957031,790.35888671875,0.9073982238769531,287.6622619628906,795.4982299804688,0.7760985493659973,322.1850891113281,687.0914916992188,0.04318034648895264,429.84332275390625,785.847900390625,0.9171611666679382,209.60995483398438,756.8162841796875,0.03690788149833679,263.8662109375,517.1337890625,0.03807249665260315,288.95391845703125,519.5415649414062,0.9553335905075073,444.99127197265625,420.4508056640625,0.27268052101135254,446.9476623535156,420.6044921875,0.8951075673103333,466.2283020019531,537.9334106445312,0.09322935342788696,426.9311828613281,908.0507202148438,0.03068980574607849,109.3573989868164,465.6640319824219,0.012736260890960693,322.92059326171875,621.1830444335938,0.009452790021896362,325.76806640625,606.3684692382812,0.032177746295928955,177.4199981689453,936.8881225585938,0.07492071390151978
165,385.87750244140625,789.9476928710938,0.9198479056358337,286.66156005859375,796.1641235351562,0.7746734619140625,322.6506042480469,686.6217651367188,0.019580751657485962,430.27532958984375,786.6661987304688,0.9302114248275757,208.85806274414062,784.9813232421875,0.02714022994041443,263.6010437011719,517.2433471679688,0.030796140432357788,288.9053955078125,519.6363525390625,0.9475886821746826,445.4400329589844,419.98834228515625,0.2702263593673706,447.31427001953125,420.2099914550781,0.8893029689788818,472.6054992675781,539.5776977539062,0.06847381591796875,426.6983642578125,908.9063110351562,0.029790818691253662,452.4515686035156,542.2058715820312,0.005485802888870239,321.91339111328125,615.7706298828125,0.005988478660583496,325.8927001953125,606.4671020507812,0.02775895595550537,178.5977020263672,932.9356079101562,0.09419220685958862
166,385.4202575683594,790.222412109375,0.9166496992111206,287.3234558105469,796.03955078125,0.7556408643722534,322.58941650390625,686.868896484375,0.041667670011520386,429.6988220214844,786.4845581054688,0.9365289807319641,208.8221435546875,744.1438598632812,0.0348181426525116,263.6402587890625,517.1810302734375,0.03986009955406189,288.3262634277344,519.6630859375,0.9519880414009094,445.6255798339844,420.0122375488281,0.25004446506500244,447.6921081542969,420.43060302734375,0.8838058710098267,466.0839538574219,537.6060180664062,0.08806493878364563,426.8692932128906,907.9414672851562,0.03199246525764465,451.96844482421875,542.056396484375,0.004659742116928101,323.8241882324219,621.2437744140625,0.0081900954246521,325.3521728515625,606.3244018554688,0.02201172709465027,177.70751953125,935.8753662109375,0.08091357350349426
167,385.16888427734375,790.0098876953125,0.9153282642364502,287.2640686035156,795.4461669921875,0.7665772438049316,322.3769226074219,686.60595703125,0.0475810170173645,429.61468505859375,786.5269165039062,0.9381024837493896,207.80044555664062,784.9915771484375,0.03600147366523743,264.03955078125,516.6211547851562,0.027783334255218506,287.9137268066406,519.5462036132812,0.9499527215957642,445.3569641113281,420.383056640625,0.2641487121582031,447.49163818359375,420.640869140625,0.8877109885215759,466.2676086425781,537.9940185546875,0.1338011622428894,427.5702819824219,908.2643432617188,0.04151931405067444,109.88534545898438,465.11968994140625,0.0074981749057769775,323.0035705566406,621.4757080078125,0.01393619179725647,324.87506103515625,605.9725952148438,0.023366540670394897,178.009765625,932.57568359375,0.07092350721359253
168,385.0836486816406,790.3123779296875,0.9140658974647522,286.79669189453125,795.8291625976562,0.782084584236145,321.84442138671875,686.8893432617188,0.0659346878528595,429.4622802734375,786.2608032226562,0.9282954931259155,208.26715087890625,777.5238647460938,0.03856655955314636,263.8762512207031,516.8663940429688,0.03674677014350891,287.8006896972656,519.9169311523438,0.9510183334350586,445.17974853515625,420.5892639160156,0.25052523612976074,447.43328857421875,420.61981201171875,0.8860050439834595,466.1145935058594,538.1953735351562,0.12652882933616638,427.45428466796875,908.173828125,0.03614547848701477,109.31704711914062,465.20147705078125,0.010324358940124512,322.36932373046875,620.5272827148438,0.015349000692367554,324.4856872558594,605.27001953125,0.04362550377845764,178.29315185546875,932.2403564453125,0.08553957939147949
169,385.2020263671875,789.1747436523438,0.9215209484100342,285.5545959472656,794.2066650390625,0.764654278755188,321.5108642578125,685.895263671875,0.05862903594970703,429.4302978515625,785.2852783203125,0.9310307502746582,209.63438415527344,749.6015625,0.04017996788024902,364.6726989746094,588.9068603515625,0.029483646154403687,287.21588134765625,519.227783203125,0.9430700540542603,444.566650390625,419.7252197265625,0.27297478914260864,446.6979675292969,419.7586975097656,0.8850798606872559,465.3027038574219,538.1917724609375,0.14574038982391357,426.9538269042969,907.5950317382812,0.042427390813827515,67.26019287109375,363.9017333984375,0.013446122407913208,321.00927734375,615.142333984375,0.01804792881011963,325.255859375,605.028564453125,0.046648234128952026,177.6172332763672,932.2018432617188,0.0806553065776825
170,384.72723388671875,788.2443237304688,0.9328628182411194,285.7086486816406,794.5833740234375,0.7912293672561646,321.24993896484375,685.7335815429688,0.053169459104537964,428.91766357421875,785.3300170898438,0.9433766603469849,207.1697998046875,777.8090209960938,0.036774635314941406,365.2937927246094,589.0585327148438,0.03249630331993103,286.6314392089844,518.5615844726562,0.9393907189369202,444.5768127441406,419.12225341796875,0.32709622383117676,446.39849853515625,419.0430908203125,0.8941295742988586,465.7090148925781,537.8246459960938,0.10506418347358704,426.647216796875,907.107666015625,0.029914528131484985,109.16275787353516,464.7710266113281,0.009048700332641602,320.76580810546875,614.6793823242188,0.014979898929595947,324.15716552734375,605.7203369140625,0.044153571128845215,177.9395751953125,931.9489135742188,0.09511592984199524
171,384.66693115234375,788.626220703125,0.9257556200027466,285.6404724121094,793.9937744140625,0.7871397733688354,321.27630615234375,685.8705444335938,0.06785145401954651,429.2061767578125,784.8944091796875,0.9436590671539307,206.91946411132812,777.8494873046875,0.043400347232818604,365.31805419921875,589.3125,0.028971344232559204,286.19464111328125,518.6868896484375,0.9400105476379395,444.1625061035156,418.843017578125,0.30521994829177856,447.19415283203125,417.6585998535156,0.9021673202514648,465.8630676269531,537.3466796875,0.13452646136283875,426.7469482421875,907.2833251953125,0.03184899687767029,108.91513061523438,464.61541748046875,0.010016471147537231,320.6704406738281,614.3988647460938,0.01869061589241028,324.1407165527344,606.2503662109375,0.05714404582977295,178.00503540039062,931.9889526367188,0.1042717695236206
172,384.80413818359375,790.1541748046875,0.914953887462616,286.2319641113281,794.3140258789062,0.7818783521652222,320.708251953125,686.7149658203125,0.04310348629951477,428.6519470214844,785.34619140625,0.9441020488739014,206.71786499023438,778.0440063476562,0.0582614541053772,364.74261474609375,589.2265625,0.030093640089035034,285.8420104980469,518.9498901367188,0.9466326832771301,443.61688232421875,419.9150390625,0.2700423002243042,445.617431640625,419.8022766113281,0.8743998408317566,465.8914489746094,538.1268310546875,0.1452414095401764,426.9860534667969,907.5552978515625,0.039850860834121704,451.6168212890625,542.8363037109375,0.007625162601470947,321.9354248046875,620.9853515625,0.0142153799533844,323.3807067871094,606.6748046875,0.027198314666748047,177.219970703125,932.2913208007812,0.08157151937484741
173,384.8006286621094,790.879638671875,0.9109266996383667,286.6252746582031,794.8134155273438,0.7476471662521362,320.821044921875,686.8285522460938,0.041525691747665405,428.6474609375,785.5031127929688,0.9307727813720703,206.30209350585938,778.1193237304688,0.06974935531616211,263.73822021484375,516.702392578125,0.03560909628868103,285.3978576660156,518.9854125976562,0.9419885277748108,443.5299987792969,419.9065856933594,0.2618294656276703,445.5252685546875,420.20281982421875,0.8817998170852661,466.22991943359375,538.327392578125,0.16993212699890137,427.2724609375,907.632080078125,0.03738716244697571,108.72480010986328,464.93206787109375,0.011293560266494751,322.1313171386719,621.4937744140625,0.013791829347610474,323.9545593261719,607.31103515625,0.02181360125541687,177.18544006347656,932.4706420898438,0.07457885146141052
174,384.587646484375,789.7617797851562,0.9126849174499512,286.1434020996094,794.42724609375,0.7191921472549438,320.9500732421875,687.0228881835938,0.043313801288604736,428.392578125,785.7900390625,0.9447716474533081,206.55667114257812,778.0822143554688,0.046513646841049194,263.51190185546875,516.3580322265625,0.03766852617263794,285.75189208984375,518.5433349609375,0.9362651109695435,443.43890380859375,419.8298034667969,0.21733665466308594,445.5550231933594,420.1250305175781,0.8801041841506958,466.0812072753906,538.4188232421875,0.16244077682495117,427.6585693359375,907.5154418945312,0.03423908352851868,108.95885467529297,464.7830810546875,0.009578526020050049,322.0548095703125,620.9761962890625,0.018917053937911987,324.3809509277344,606.8678588867188,0.032333970069885254,177.23635864257812,932.3966674804688,0.0874098539352417
175,384.1446838378906,788.4566650390625,0.9177312850952148,285.4604797363281,793.6878051757812,0.7829093933105469,321.125,686.2326049804688,0.06737831234931946,428.5859375,785.4075317382812,0.9436467289924622,206.724365234375,778.1538696289062,0.043484628200531006,278.3499450683594,514.4342651367188,0.02772781252861023,286.38751220703125,517.4761962890625,0.9247837066650391,443.1570129394531,419.0372009277344,0.27380549907684326,446.24176025390625,418.0762023925781,0.8827264308929443,466.3486328125,537.8011474609375,0.20120760798454285,426.6040344238281,906.8295288085938,0.02825358510017395,66.87867736816406,364.6632080078125,0.012693464756011963,321.4356994628906,619.60546875,0.020569294691085815,325.35357666015625,606.7853393554688,0.02485141158103943,177.208251953125,932.084228515625,0.09103032946586609
176,384.48272705078125,786.9144897460938,0.9394832253456116,285.6711730957031,793.3031005859375,0.7905814051628113,319.3317565917969,686.2033081054688,0.07590490579605103,427.6695861816406,784.9786987304688,0.9594526886940002,206.35604858398438,777.4461669921875,0.04178425669670105,365.5001220703125,589.2492065429688,0.02780011296272278,281.5614929199219,517.988525390625,0.9169226884841919,443.6161193847656,417.7024841308594,0.2539546489715576,446.16448974609375,417.06854248046875,0.8988516330718994,466.0965881347656,536.766357421875,0.11893782019615173,425.7489318847656,906.5896606445312,0.017022281885147095,108.72522735595703,464.0856018066406,0.026833266019821167,319.3583984375,613.941162109375,0.03743240237236023,324.16595458984375,606.3863525390625,0.11482658982276917,177.1580352783203,931.9071044921875,0.09823918342590332
177,384.0337219238281,786.3047485351562,0.9427971243858337,285.3998718261719,792.18310546875,0.8038308620452881,319.2189025878906,685.8966064453125,0.08815622329711914,427.3583068847656,784.2904052734375,0.9596015214920044,206.05599975585938,777.8355712890625,0.0406147837638855,266.0205993652344,516.0210571289062,0.020112335681915283,280.8772277832031,518.183349609375,0.9239283204078674,443.26080322265625,416.9014587402344,0.20001006126403809,445.7086181640625,416.8263854980469,0.8809093236923218,464.93548583984375,537.6332397460938,0.06725072860717773,224.42481994628906,559.9738159179688,0.01861131191253662,108.45777130126953,464.2023620605469,0.01959213614463806,318.1124267578125,619.1375122070312,0.03060433268547058,324.53887939453125,606.0128784179688,0.08862277865409851,177.47059631347656,931.0128784179688,0.1153445839881897
178,383.6226501464844,786.4100341796875,0.9472154974937439,285.4842834472656,791.1564331054688,0.8110448718070984,318.4566955566406,685.39404296875,0.06537041068077087,426.699951171875,784.35107421875,0.9585660099983215,205.92874145507812,777.253173828125,0.03361105918884277,267.12030029296875,515.5416259765625,0.02320188283920288,281.6711120605469,517.8685302734375,0.9327893257141113,443.4707946777344,416.0070495605469,0.18780624866485596,446.19189453125,415.9828186035156,0.8719000220298767,470.50787353515625,538.5508422851562,0.059424906969070435,224.77647399902344,559.2921752929688,0.01818743348121643,110.0346908569336,464.80352783203125,0.0174085795879364,317.9359436035156,612.8180541992188,0.01720482110977173,324.1124572753906,605.0637817382812,0.09446579217910767,176.65264892578125,930.745361328125,0.13285958766937256
179,383.98248291015625,786.2949829101562,0.9403486251831055,285.5921630859375,791.7176513671875,0.7905533313751221,319.0925598144531,684.81787109375,0.06580829620361328,426.5983581542969,783.9398803710938,0.9548231363296509,205.98992919921875,777.4559326171875,0.037532806396484375,266.9869689941406,515.5945434570312,0.02505624294281006,281.4556579589844,517.93359375,0.9280047416687012,443.2761535644531,416.09716796875,0.21475639939308167,445.7941589355469,416.2623291015625,0.8603545427322388,464.9657897949219,537.6983642578125,0.07385960221290588,224.67137145996094,559.1414794921875,0.01688694953918457,59.720272064208984,363.3480529785156,0.015325486660003662,319.3046875,606.196533203125,0.022629499435424805,324.54705810546875,604.9124145507812,0.12015202641487122,173.80398559570312,930.46337890625,0.15207868814468384
180,383.83221435546875,785.255126953125,0.9352360963821411,285.38031005859375,792.2190551757812,0.7783035635948181,318.7825012207031,685.5770874023438,0.06923031806945801,425.7274475097656,784.3972778320312,0.952864408493042,205.92376708984375,777.470947265625,0.035823285579681396,266.14837646484375,515.18603515625,0.01758924126625061,280.68243408203125,517.3421630859375,0.9339622855186462,442.8621520996094,416.1885986328125,0.1939573884010315,445.34063720703125,416.3026123046875,0.8713090419769287,470.6783752441406,538.6997680664062,0.07520955801010132,424.4532165527344,906.4650268554688,0.015470564365386963,109.73138427734375,464.4033203125,0.015394419431686401,317.4017028808594,611.9579467773438,0.022478163242340088,323.74658203125,604.784912109375,0.09016802906990051,172.21221923828125,927.3758544921875,0.14653873443603516
181,383.654052734375,785.6693115234375,0.9424355030059814,285.24896240234375,793.0415649414062,0.8060799837112427,318.6687316894531,685.7083129882812,0.07179433107376099,426.0810241699219,784.5204467773438,0.9560607671737671,205.6649169921875,777.873291015625,0.03656649589538574,266.7427978515625,515.447509765625,0.017975836992263794,281.463623046875,517.3269653320312,0.9324358105659485,443.02587890625,416.4714660644531,0.1878546178340912,445.6203308105469,416.5098571777344,0.8630664348602295,470.49749755859375,539.0322265625,0.06202194094657898,424.1483154296875,906.7432861328125,0.01917886734008789,110.06084442138672,464.8080139160156,0.02402275800704956,317.7294616699219,612.5421142578125,0.02168983221054077,324.6142272949219,605.2000732421875,0.13356158137321472,176.48707580566406,930.7901000976562,0.14510756731033325
182,382.89422607421875,786.8718872070312,0.9428541660308838,285.1241455078125,792.696044921875,0.8052282333374023,318.8370361328125,686.2617797851562,0.11450430750846863,426.744140625,784.9253540039062,0.9523576498031616,205.68568420410156,778.2918701171875,0.03656923770904541,29.631969451904297,315.99169921875,0.02063673734664917,281.3169250488281,517.6522827148438,0.9327275156974792,443.4491882324219,416.6549072265625,0.2032490074634552,445.9945373535156,416.48443603515625,0.8837209343910217,465.7801513671875,538.3531494140625,0.06649619340896606,423.9808044433594,906.895751953125,0.01691630482673645,109.68878936767578,464.2314758300781,0.02351096272468567,318.1756896972656,606.04931640625,0.01595190167427063,324.13421630859375,605.4212036132812,0.14344695210456848,171.6127166748047,928.5464477539062,0.12916237115859985
183,383.10992431640625,787.4215087890625,0.936795175075531,285.2030944824219,793.425537109375,0.8169460296630859,318.95458984375,687.7003784179688,0.08556604385375977,426.78021240234375,785.7747192382812,0.9497548341751099,205.17840576171875,777.9086303710938,0.044959962368011475,363.7528076171875,589.297119140625,0.026736140251159668,280.37786865234375,518.2291259765625,0.9363600015640259,443.5573425292969,417.14508056640625,0.20936736464500427,446.2247314453125,416.66033935546875,0.8920993804931641,466.2087707519531,537.9960327148438,0.11524993181228638,140.7351531982422,482.626953125,0.017070472240447998,108.68563842773438,463.8904113769531,0.023692280054092407,317.5067138671875,613.0508422851562,0.01814517378807068,323.5735168457031,605.1080322265625,0.09485131502151489,171.8011016845703,928.7422485351562,0.10068148374557495
184,383.41070556640625,788.2560424804688,0.938957691192627,286.2509460449219,796.6278686523438,0.7849005460739136,318.3492126464844,687.4118041992188,0.05993354320526123,427.4755554199219,784.935791015625,0.949824333190918,205.48301696777344,777.7787475585938,0.05561327934265137,247.38865661621094,527.46337890625,0.023440122604370117,280.2205810546875,518.7020263671875,0.9358360767364502,443.449951171875,417.8012390136719,0.23565298318862915,446.2882995605469,416.7655029296875,0.8917142152786255,466.6836242675781,538.1680297851562,0.18255269527435303,475.4105529785156,540.021240234375,0.021078526973724365,107.2669677734375,463.1866455078125,0.035531073808670044,318.1568298339844,613.5217895507812,0.015328407287597656,323.8220520019531,605.3121337890625,0.09719985723495483,177.30686950683594,931.97314453125,0.08436816930770874
185,382.5993347167969,791.030517578125,0.8937040567398071,285.8172302246094,797.9231567382812,0.79942786693573,319.7789001464844,688.4512329101562,0.047959327697753906,427.2835693359375,786.2055053710938,0.949286162853241,205.0372314453125,778.8281860351562,0.04609319567680359,248.9078826904297,521.9075927734375,0.03585463762283325,278.8809509277344,519.703125,0.9506614208221436,443.0097351074219,418.7893371582031,0.16545715928077698,443.55645751953125,419.1266174316406,0.868532121181488,466.6052551269531,538.1494750976562,0.18203091621398926,426.70086669921875,907.9413452148438,0.026677459478378296,107.31974792480469,462.48211669921875,0.025261998176574707,107.03691864013672,463.4785461425781,0.00874018669128418,319.5141906738281,605.3657836914062,0.03249865770339966,176.86859130859375,933.0374145507812,0.06820496916770935
186,382.11627197265625,791.1618041992188,0.8952839374542236,286.9322509765625,796.9588623046875,0.7642041444778442,319.54718017578125,689.7234497070312,0.06585437059402466,426.91168212890625,786.8088989257812,0.9507137537002563,205.05258178710938,779.5892944335938,0.04547083377838135,244.85281372070312,531.068603515625,0.05383691191673279,278.6186218261719,519.1793212890625,0.9549283981323242,442.0367126464844,418.6669616699219,0.17466381192207336,442.4098205566406,419.1546325683594,0.8433332443237305,465.96685791015625,538.29736328125,0.10714375972747803,474.47564697265625,540.1080322265625,0.02894708514213562,107.27637481689453,463.246337890625,0.01826891303062439,107.20001220703125,464.5230712890625,0.007176488637924194,319.35430908203125,603.9138793945312,0.0525127649307251,177.3679656982422,933.08203125,0.06136330962181091
187,382.3937683105469,791.5960693359375,0.9035860300064087,285.44732666015625,798.5072631835938,0.7978438138961792,317.2021789550781,689.2499389648438,0.05582696199417114,426.7690124511719,786.9174194335938,0.9557359218597412,204.84011840820312,779.881591796875,0.03251892328262329,245.0704803466797,531.1458129882812,0.05490100383758545,277.9359130859375,519.4757690429688,0.9534116387367249,442.0204162597656,418.47222900390625,0.19156527519226074,442.3519592285156,418.89483642578125,0.8398175239562988,466.0928039550781,538.2711181640625,0.10199496150016785,426.6921081542969,907.9124145507812,0.03867447376251221,107.45957946777344,463.29461669921875,0.023617416620254517,107.37786865234375,464.5254821777344,0.010412275791168213,320.3709411621094,604.479736328125,0.07263496518135071,176.9285125732422,933.4611206054688,0.06741476058959961
188,380.7953186035156,796.5462646484375,0.8996817469596863,285.7063293457031,800.4410400390625,0.8162335157394409,320.9732971191406,692.6661376953125,0.041089266538619995,426.7335205078125,788.4898681640625,0.9503734111785889,205.02577209472656,756.8731689453125,0.02308860421180725,248.05230712890625,522.0687866210938,0.04123556613922119,276.4801330566406,521.0621948242188,0.9446251392364502,441.2016906738281,420.00848388671875,0.21199756860733032,441.49639892578125,420.4564514160156,0.7870901823043823,469.6568298339844,539.8240966796875,0.12226366996765137,473.725830078125,541.2426147460938,0.03684931993484497,106.11153411865234,461.7355041503906,0.010251164436340332,315.85443115234375,620.3060302734375,0.010344892740249634,318.2146301269531,605.0770874023438,0.02775287628173828,124.14269256591797,916.5955810546875,0.06463605165481567
189,379.7137756347656,796.7093505859375,0.9115267992019653,285.9341735839844,800.1895751953125,0.8239654302597046,320.6226806640625,692.6695556640625,0.03321138024330139,426.0446472167969,789.0158081054688,0.9535765647888184,205.24298095703125,763.8402099609375,0.022127270698547363,248.1280059814453,522.2178955078125,0.04086187481880188,276.7828063964844,520.8837280273438,0.947140097618103,441.2455749511719,419.9105224609375,0.2139171063899994,441.60308837890625,420.3298034667969,0.7945500612258911,469.22967529296875,539.6844482421875,0.11048069596290588,473.4770202636719,540.9031982421875,0.03080645203590393,106.2728042602539,462.0289306640625,0.008099347352981567,315.3896484375,615.1888427734375,0.008754879236221313,320.0628662109375,604.4293212890625,0.03519946336746216,124.51481628417969,916.5562744140625,0.06196632981300354
190,380.46173095703125,796.99560546875,0.9069572687149048,285.68511962890625,800.0534057617188,0.8061106204986572,320.9243469238281,692.4231567382812,0.03792223334312439,426.14251708984375,789.0255126953125,0.943562388420105,205.55104064941406,756.5283813476562,0.021784067153930664,247.791259765625,522.0956420898438,0.04673883318901062,277.0908508300781,520.5455932617188,0.9477657079696655,441.3544921875,420.0123291015625,0.21554100513458252,441.6634216308594,420.67047119140625,0.8177698850631714,469.3917236328125,539.6985473632812,0.10023203492164612,473.40093994140625,540.8955688476562,0.036437422037124634,450.46893310546875,543.2837524414062,0.009826481342315674,316.2126159667969,620.1224975585938,0.01125413179397583,319.09869384765625,604.9381713867188,0.03784388303756714,124.40090942382812,916.4724731445312,0.07488375902175903
191,380.3765563964844,796.5711669921875,0.9192574620246887,285.76788330078125,799.36083984375,0.8007711172103882,321.3993835449219,692.4384765625,0.041286319494247437,426.2640075683594,788.7599487304688,0.938098669052124,205.41883850097656,756.7979736328125,0.023375630378723145,247.82716369628906,522.1156005859375,0.050783127546310425,276.5445251464844,520.6005859375,0.9460687041282654,442.0045166015625,419.8601989746094,0.22654077410697937,442.417236328125,420.28509521484375,0.8240641355514526,469.63427734375,539.2445068359375,0.09695476293563843,474.2085266113281,540.7027587890625,0.02500075101852417,457.6883850097656,543.18896484375,0.010844975709915161,316.1885681152344,615.318115234375,0.009662508964538574,318.99127197265625,605.2465209960938,0.028216838836669922,124.48690795898438,916.4945068359375,0.07203012704849243
192,378.6730041503906,797.4615478515625,0.9157562255859375,284.9619140625,800.510986328125,0.8122093081474304,317.49285888671875,692.9547729492188,0.02827051281929016,424.9832763671875,789.5109252929688,0.9432867765426636,200.82723999023438,788.1154174804688,0.025627166032791138,247.9952392578125,522.8236694335938,0.06044170260429382,277.0178527832031,521.3890380859375,0.937723696231842,440.7256774902344,421.0637512207031,0.18483296036720276,441.3705139160156,421.8596496582031,0.7715784311294556,468.7401123046875,539.5056762695312,0.10750541090965271,472.6606140136719,540.1026000976562,0.03114950656890869,450.4772033691406,543.1517944335938,0.011627137660980225,315.5838623046875,615.8310546875,0.009135156869888306,318.5927734375,612.3865356445312,0.034599632024765015,172.96189880371094,939.0535888671875,0.08763927221298218
193,380.34161376953125,796.9304809570312,0.9061381816864014,285.3138427734375,799.5701293945312,0.8258947134017944,320.67919921875,692.5018920898438,0.03480169177055359,426.1901550292969,788.9490966796875,0.9497363567352295,202.33689880371094,787.896484375,0.022803395986557007,248.40904235839844,521.9229736328125,0.05192643404006958,277.8630065917969,520.6057739257812,0.9475469589233398,440.903564453125,421.1766357421875,0.2314540445804596,441.66815185546875,421.9991149902344,0.7961721420288086,468.9944152832031,539.2039794921875,0.08971253037452698,472.9434509277344,540.5794677734375,0.029900819063186646,106.86064910888672,462.55987548828125,0.00971636176109314,315.8371276855469,620.3571166992188,0.012464582920074463,316.7979431152344,613.3743896484375,0.016319721937179565,124.69577026367188,916.704345703125,0.07212492823600769
194,379.7686462402344,797.7100830078125,0.8994951248168945,284.82080078125,800.2274169921875,0.8190270662307739,318.3996276855469,692.6401977539062,0.034380555152893066,425.4537353515625,789.6175537109375,0.9443302750587463,196.51588439941406,17.800065994262695,0.0239601731300354,248.6315460205078,522.25439453125,0.05308765172958374,277.5627746582031,521.7821044921875,0.9375758767127991,441.42596435546875,421.7511901855469,0.23854124546051025,442.1416015625,422.6812744140625,0.7851582765579224,469.0501708984375,539.2122192382812,0.09234970808029175,473.11212158203125,540.066162109375,0.031708866357803345,435.5708312988281,542.366455078125,0.011676698923110962,316.0700988769531,620.1190185546875,0.011809617280960083,317.4201354980469,612.5543823242188,0.02449396252632141,172.72169494628906,939.111572265625,0.1072002649307251
195,378.157470703125,798.8829345703125,0.9048523902893066,285.07159423828125,800.56982421875,0.813874363899231,421.091796875,746.086669921875,0.03132990002632141,425.159912109375,790.7158203125,0.9470931887626648,200.92042541503906,787.6453247070312,0.028571337461471558,248.47531127929688,522.705322265625,0.04390072822570801,277.2366027832031,522.6828002929688,0.9350749850273132,441.2420654296875,422.2760925292969,0.20879477262496948,438.20721435546875,426.3486022949219,0.7953248620033264,468.78131103515625,540.2246704101562,0.11368396878242493,472.454833984375,541.146484375,0.037146925926208496,441.09326171875,543.1845703125,0.011985182762145996,316.25787353515625,620.0255126953125,0.008626610040664673,318.2190856933594,612.7005004882812,0.020070016384124756,172.74920654296875,939.4065551757812,0.09820303320884705
196,378.79193115234375,798.96533203125,0.9043108224868774,285.0020446777344,800.8285522460938,0.814487874507904,420.8046875,746.9261474609375,0.024121910333633423,425.161865234375,790.7919921875,0.9486571550369263,203.7931365966797,794.1996459960938,0.02684912085533142,248.80686950683594,522.392822265625,0.038484424352645874,276.9862976074219,522.350341796875,0.9415161609649658,440.4348449707031,424.96661376953125,0.20444923639297485,438.5783386230469,426.4841003417969,0.7865487337112427,469.1640319824219,539.7222290039062,0.0811600387096405,472.8571472167969,540.5191040039062,0.03042498230934143,450.134521484375,543.4605102539062,0.010534971952438354,315.773681640625,621.0036010742188,0.0071395039558410645,345.1311950683594,457.3858947753906,0.01053670048713684,172.2460479736328,939.97119140625,0.07652744650840759
197,379.1695556640625,797.5733032226562,0.9108145236968994,284.8091125488281,800.799560546875,0.85008305311203,421.3052673339844,747.194091796875,0.031467974185943604,425.3576354980469,790.0773315429688,0.9423638582229614,201.8297119140625,787.98828125,0.01787582039833069,248.40785217285156,522.6931762695312,0.04180833697319031,277.01513671875,521.3865966796875,0.9415853023529053,441.46685791015625,421.7246398925781,0.24687081575393677,442.26861572265625,422.7261657714844,0.7964956760406494,469.4103088378906,539.1909790039062,0.11409780383110046,473.0633544921875,540.1827392578125,0.03718769550323486,435.4224548339844,542.1744384765625,0.012385040521621704,315.73016357421875,616.2623291015625,0.01005089282989502,316.8519287109375,613.2890014648438,0.014801591634750366,172.02037048339844,939.752197265625,0.09177348017692566
198,377.7942810058594,798.2702026367188,0.9164537191390991,283.9825744628906,801.453857421875,0.8240818381309509,317.19952392578125,693.1415405273438,0.031564682722091675,425.11773681640625,791.3505249023438,0.9500149488449097,196.58151245117188,18.111717224121094,0.022467046976089478,248.86082458496094,522.9683837890625,0.038845211267471313,276.9573974609375,523.2896728515625,0.9266290664672852,442.2124938964844,421.9648742675781,0.20038071274757385,443.0780944824219,422.712646484375,0.7790122032165527,469.0787048339844,540.0941772460938,0.11877274513244629,472.648193359375,540.9940185546875,0.02143150568008423,441.00274658203125,542.5585327148438,0.015427350997924805,316.0076599121094,620.876220703125,0.007165491580963135,344.58697509765625,457.7469482421875,0.014149218797683716,172.5299530029297,940.212158203125,0.11402246356010437
199,377.8077087402344,799.0451049804688,0.9256682395935059,283.5556335449219,801.7604370117188,0.8382936716079712,316.4024353027344,698.9505004882812,0.05089390277862549,423.2977294921875,791.9057006835938,0.9506595134735107,347.91259765625,664.6929931640625,0.02494296431541443,248.96249389648438,522.8857421875,0.030486881732940674,277.55487060546875,523.2380981445312,0.9417232275009155,441.8512878417969,422.6357421875,0.15490049123764038,438.7076110839844,426.6395568847656,0.7867807149887085,469.03094482421875,540.3286743164062,0.1441504955291748,472.3817138671875,540.9257202148438,0.027023762464523315,450.0481262207031,543.1077880859375,0.01917809247970581,315.7366638183594,621.681396484375,0.0062265098094940186,315.71636962890625,622.1759033203125,0.013093262910842896,172.4743194580078,940.6165161132812,0.10797500610351562
200,379.1180114746094,797.3839111328125,0.9215710163116455,284.65252685546875,800.636962890625,0.798600435256958,421.4124450683594,746.3899536132812,0.0300905704498291,424.871826171875,789.7474975585938,0.9455009698867798,348.5788269042969,666.2413330078125,0.02783381938934326,248.23223876953125,521.8234252929688,0.042599499225616455,278.3691101074219,520.4152221679688,0.9520654678344727,440.9578552246094,420.5545959472656,0.23183277249336243,441.4578552246094,421.19281005859375,0.7889931201934814,469.08001708984375,539.853515625,0.10367095470428467,473.36907958984375,541.0003051757812,0.022955715656280518,106.0751953125,461.6351318359375,0.013671398162841797,315.1588134765625,616.0088500976562,0.006138741970062256,317.2418518066406,614.1909790039062,0.021789073944091797,125.17121124267578,917.1640625,0.09448915719985962
201,378.9301452636719,797.5518798828125,0.9083688259124756,284.6910705566406,800.1948852539062,0.7677257657051086,317.35101318359375,692.5338134765625,0.027941107749938965,424.89373779296875,789.6340942382812,0.9427074193954468,200.77467346191406,788.038330078125,0.02497345209121704,248.23855590820312,521.7572631835938,0.04346141219139099,277.88031005859375,520.2576904296875,0.9488253593444824,441.6310729980469,420.15753173828125,0.237143874168396,442.08856201171875,420.6830139160156,0.7892022132873535,469.3672790527344,539.6832885742188,0.10594987869262695,426.68865966796875,907.7500610351562,0.022058546543121338,106.18058013916016,461.7653503417969,0.012313127517700195,314.98480224609375,615.8195190429688,0.007205545902252197,317.5953674316406,613.9381103515625,0.025214284658432007,173.04510498046875,938.7470092773438,0.09724187850952148
202,379.75775146484375,797.3491821289062,0.9215354323387146,284.4510192871094,800.5143432617188,0.7801539897918701,317.58038330078125,692.5205078125,0.028824031352996826,425.73211669921875,788.6137084960938,0.9471443295478821,200.72039794921875,787.8436279296875,0.02416449785232544,248.35940551757812,521.5224609375,0.03770706057548523,278.35931396484375,519.8662719726562,0.951869010925293,441.7301940917969,420.3776550292969,0.26487767696380615,442.32476806640625,420.8721923828125,0.8077340126037598,469.510986328125,539.3975830078125,0.1170671284198761,473.7899475097656,540.5335693359375,0.02560153603553772,106.4218521118164,461.9701232910156,0.01220652461051941,314.80206298828125,616.3117065429688,0.008971303701400757,317.2063903808594,614.310302734375,0.023992478847503662,172.9491424560547,938.4182739257812,0.10369721055030823
203,380.00921630859375,797.5697631835938,0.9028137922286987,284.052978515625,800.4983520507812,0.781509280204773,317.4742431640625,692.556640625,0.02277645468711853,424.9195556640625,789.285400390625,0.9429348707199097,200.95529174804688,787.804931640625,0.029899626970291138,247.93101501464844,521.885009765625,0.030252277851104736,279.072509765625,520.590576171875,0.9543184638023376,441.5119323730469,420.514892578125,0.2538240849971771,442.13916015625,421.0173034667969,0.7988276481628418,469.3739013671875,539.6650390625,0.09853053092956543,427.02178955078125,907.68212890625,0.02824300527572632,105.80815887451172,461.74365234375,0.014508426189422607,314.992431640625,616.2086181640625,0.01258036494255066,316.7018737792969,613.9258422851562,0.02935194969177246,173.14791870117188,938.43603515625,0.09054562449455261
204,378.187744140625,799.1373291015625,0.9034519195556641,284.0030517578125,800.7709350585938,0.8083281517028809,421.25152587890625,746.5275268554688,0.023036420345306396,424.3684387207031,790.4828491210938,0.9487353563308716,202.78509521484375,794.135986328125,0.029669642448425293,248.6316680908203,522.7032470703125,0.02715975046157837,278.5504455566406,521.828857421875,0.9447950720787048,442.4524841308594,420.5047302246094,0.2859238088130951,443.1220397949219,421.0768127441406,0.7971304059028625,469.5584411621094,539.262939453125,0.10813400149345398,426.4314880371094,908.4766845703125,0.02255427837371826,105.92634582519531,462.00860595703125,0.013231426477432251,315.3877868652344,620.9383544921875,0.007266253232955933,317.2259216308594,614.003173828125,0.016793876886367798,161.63980102539062,948.2425537109375,0.12826189398765564
205,377.5722351074219,798.8237915039062,0.9181435108184814,284.0535583496094,801.3881225585938,0.8288549184799194,317.2177429199219,692.8358154296875,0.030623525381088257,424.7652282714844,791.2249145507812,0.9493647813796997,200.0480194091797,788.104248046875,0.03175875544548035,248.4127655029297,523.1688232421875,0.02981710433959961,277.90142822265625,522.3975830078125,0.9279723167419434,442.2420959472656,421.9446105957031,0.22360914945602417,443.0238342285156,422.5246887207031,0.7852121591567993,469.4792785644531,539.8198852539062,0.0979989767074585,473.2010803222656,540.6602783203125,0.021286040544509888,441.42181396484375,541.8834228515625,0.016621828079223633,314.7139587402344,620.9009399414062,0.01120021939277649,316.9042053222656,614.1250610351562,0.014454364776611328,160.91232299804688,948.5493774414062,0.12163925170898438
206,377.3596496582031,799.5781860351562,0.9197214841842651,283.63177490234375,801.0648193359375,0.8046926259994507,316.5540466308594,698.659423828125,0.04352593421936035,423.8503112792969,791.8112182617188,0.9476282596588135,198.6359100341797,795.4296875,0.027567893266677856,248.29367065429688,523.1139526367188,0.032248497009277344,278.4294128417969,522.364013671875,0.9246038794517517,442.5276794433594,421.95367431640625,0.19157728552818298,443.1846923828125,422.67822265625,0.7879862785339355,469.5508728027344,540.0819091796875,0.12004905939102173,472.9144287109375,540.7368774414062,0.03098246455192566,450.539306640625,543.17822265625,0.018016964197158813,105.1269302368164,462.5235900878906,0.0037792623043060303,315.81390380859375,621.4942016601562,0.0174424946308136,160.40054321289062,948.9557495117188,0.11288309097290039
207,376.97369384765625,798.4160766601562,0.9297388792037964,283.5098571777344,801.0068359375,0.8064724206924438,315.5669860839844,698.326904296875,0.0278795063495636,421.8840637207031,791.449951171875,0.9456759691238403,197.7132568359375,795.2133178710938,0.04192736744880676,248.1092987060547,522.8832397460938,0.04155939817428589,278.2704772949219,521.718994140625,0.9318564534187317,442.63543701171875,421.5477294921875,0.2191849648952484,443.3306579589844,422.19561767578125,0.7996097803115845,469.2241516113281,539.827880859375,0.15284621715545654,472.83758544921875,540.5702514648438,0.02618381381034851,441.5509948730469,542.4321899414062,0.02157282829284668,101.16524505615234,463.94464111328125,0.0050792396068573,318.27447509765625,614.0888061523438,0.021385252475738525,160.25384521484375,948.9111938476562,0.12057432532310486
208,376.9303283691406,798.1566162109375,0.9305532574653625,283.3175354003906,800.752197265625,0.8263829946517944,315.0975646972656,698.0011596679688,0.05319830775260925,421.31951904296875,791.4901123046875,0.9357354640960693,197.9263916015625,795.3856811523438,0.025105267763137817,247.6585693359375,523.0634155273438,0.04379799962043762,278.1039123535156,521.175537109375,0.9364333748817444,442.489990234375,421.39569091796875,0.21793603897094727,443.2252197265625,421.83648681640625,0.8023006916046143,469.2361755371094,539.626953125,0.16938740015029907,472.9117126464844,540.1941528320312,0.021851152181625366,441.2803955078125,542.627197265625,0.025738447904586792,315.22039794921875,616.4351806640625,0.006194382905960083,318.54559326171875,613.7382202148438,0.024515271186828613,159.80995178222656,948.8425903320312,0.13394695520401
209,376.15576171875,798.6104736328125,0.9257816076278687,279.2957458496094,801.8641967773438,0.8495519757270813,315.5938415527344,698.3971557617188,0.03320780396461487,420.2740783691406,792.7718505859375,0.9396095871925354,348.54638671875,664.220458984375,0.02917507290840149,247.06700134277344,523.1551513671875,0.035087138414382935,276.90936279296875,522.2129516601562,0.9262586832046509,441.75994873046875,422.1188049316406,0.16224360466003418,438.5912780761719,425.814697265625,0.8325332403182983,468.599853515625,539.3930053710938,0.16953471302986145,426.2997741699219,908.9951782226562,0.024058997631072998,441.3399963378906,541.8253173828125,0.028190314769744873,99.96002960205078,464.491455078125,0.0077429115772247314,195.10435485839844,807.9632568359375,0.01158866286277771,159.20127868652344,949.3843383789062,0.1186532974243164
210,376.0623779296875,798.8658447265625,0.9224995374679565,278.1545104980469,802.2022094726562,0.8511766195297241,314.666748046875,696.6622314453125,0.03470057249069214,419.603271484375,793.4628295898438,0.9181115627288818,197.5396728515625,794.5926513671875,0.026509404182434082,246.8089599609375,523.4739379882812,0.0332808792591095,276.1690979003906,522.6768188476562,0.9088796377182007,441.1526184082031,421.83538818359375,0.1349024772644043,437.7887878417969,425.77398681640625,0.7845109105110168,468.2171936035156,539.2138061523438,0.11472699046134949,426.0339050292969,909.0248413085938,0.03297156095504761,441.137939453125,542.3455810546875,0.022464990615844727,99.23042297363281,464.9112854003906,0.006133317947387695,314.80230712890625,621.9476318359375,0.016315817832946777,159.24700927734375,949.5331420898438,0.10328793525695801
211,376.1438293457031,798.9224243164062,0.9229923486709595,278.3802795410156,802.3788452148438,0.8575519919395447,314.7183837890625,697.1522216796875,0.038843631744384766,419.7694091796875,793.5263671875,0.9195685982704163,197.38400268554688,794.7203979492188,0.028059571981430054,246.49899291992188,522.9053955078125,0.03230854868888855,276.7291564941406,521.9992065429688,0.9030200839042664,440.7682189941406,421.6296081542969,0.13411647081375122,437.757080078125,425.70635986328125,0.8083577156066895,468.0174560546875,539.5347900390625,0.1196078360080719,426.3927001953125,908.66796875,0.03813627362251282,441.2005615234375,542.6860961914062,0.022250652313232422,99.59254455566406,465.1546630859375,0.006885111331939697,315.1734313964844,621.4762573242188,0.018720686435699463,159.47470092773438,949.7109375,0.10653534531593323
212,376.5468444824219,798.2245483398438,0.9261729717254639,278.3536071777344,802.2257690429688,0.8662828803062439,314.5356750488281,696.67724609375,0.04349181056022644,419.8507995605469,792.9932861328125,0.9245313405990601,197.10740661621094,764.10595703125,0.026977449655532837,246.76364135742188,523.2183837890625,0.03628954291343689,276.53265380859375,522.5457763671875,0.9014643430709839,441.1454772949219,421.3996887207031,0.1709044873714447,441.77227783203125,422.24896240234375,0.7888075113296509,467.8197326660156,539.3543701171875,0.08399206399917603,426.30511474609375,908.4784545898438,0.036432743072509766,440.9466247558594,542.662841796875,0.01846417784690857,99.64744567871094,464.9437255859375,0.008412867784500122,314.75048828125,621.5498657226562,0.013297677040100098,159.30995178222656,949.5084228515625,0.12386739253997803
213,376.5113220214844,798.2039794921875,0.9343809485435486,282.9098815917969,801.7144165039062,0.8477619886398315,416.89947509765625,746.93603515625,0.02316969633102417,421.3310546875,792.63330078125,0.9448415040969849,198.26498413085938,795.009033203125,0.03341290354728699,247.22750854492188,523.5062866210938,0.026912778615951538,277.2635498046875,522.8384399414062,0.9052243232727051,441.7147521972656,421.62042236328125,0.1925911009311676,442.523681640625,422.2148742675781,0.8297698497772217,469.0654296875,539.1761474609375,0.13720330595970154,426.4559020996094,909.052978515625,0.023301541805267334,441.4747619628906,542.3780517578125,0.017170220613479614,100.4251937866211,464.0416564941406,0.008101046085357666,315.7933044433594,621.4967041015625,0.01640760898590088,159.86573791503906,949.8086547851562,0.13720658421516418
214,377.2474365234375,798.8883056640625,0.9353104829788208,283.5618591308594,801.4063720703125,0.8345056176185608,316.69854736328125,697.5724487304688,0.034433573484420776,424.60491943359375,792.3864135742188,0.9399182200431824,199.20025634765625,795.4515380859375,0.030831187963485718,247.4442901611328,523.7236328125,0.030534565448760986,277.9916076660156,522.5238037109375,0.915635347366333,442.05767822265625,421.7100524902344,0.20198127627372742,442.74151611328125,422.3040466308594,0.8106423616409302,469.49664306640625,539.4694213867188,0.09918579459190369,473.27081298828125,539.9595336914062,0.02748054265975952,441.48193359375,542.2135009765625,0.015209555625915527,314.7908630371094,621.5701293945312,0.006256312131881714,317.1451416015625,614.3720703125,0.012435317039489746,160.22415161132812,949.9266357421875,0.10859048366546631
215,378.2445983886719,799.0640869140625,0.925878643989563,283.72198486328125,801.71240234375,0.8626066446304321,316.6806945800781,692.2723999023438,0.024721086025238037,425.4775695800781,791.2980346679688,0.9454300403594971,346.44366455078125,665.4461669921875,0.02616909146308899,246.6107177734375,532.6170043945312,0.02851143479347229,278.4021301269531,523.616455078125,0.9125571846961975,442.4029846191406,422.0812072753906,0.230362206697464,443.5477600097656,422.6540222167969,0.8309047222137451,469.6222229003906,539.158447265625,0.10787835717201233,473.4964904785156,539.4511108398438,0.026271015405654907,450.56707763671875,542.9906616210938,0.01494339108467102,314.5546875,621.8675537109375,0.007331490516662598,314.7297058105469,621.4630737304688,0.009602189064025879,160.87791442871094,949.892822265625,0.10430377721786499
216,378.511474609375,799.5989990234375,0.919654369354248,283.8323669433594,801.717529296875,0.8684957027435303,420.7995300292969,752.331787109375,0.022348016500473022,425.974609375,791.2022705078125,0.9425634145736694,205.14393615722656,756.5730590820312,0.02160578966140747,246.00604248046875,532.8104248046875,0.02865806221961975,278.5528869628906,523.5111083984375,0.8999321460723877,443.005859375,421.9866943359375,0.2044329047203064,443.9496765136719,422.557861328125,0.786436915397644,469.812255859375,539.484375,0.08758503198623657,473.8058776855469,539.9898071289062,0.03477391600608826,450.8267822265625,542.9063720703125,0.016712307929992676,26.496566772460938,45.462730407714844,0.0065281689167022705,121.19151306152344,914.1671142578125,0.014119058847427368,161.46136474609375,949.802978515625,0.08812350034713745
217,379.3410949707031,799.7155151367188,0.9227585792541504,285.07989501953125,801.8258056640625,0.8666109442710876,321.83319091796875,693.1378173828125,0.054979532957077026,425.7603759765625,790.9614868164062,0.9529976844787598,204.55422973632812,778.7733764648438,0.021408140659332275,246.38681030273438,533.2542724609375,0.023248791694641113,279.44708251953125,522.755126953125,0.8866257667541504,441.6366271972656,424.4078063964844,0.23266512155532837,444.9529724121094,422.97216796875,0.8053757548332214,470.46942138671875,539.7763671875,0.07288777828216553,474.00531005859375,540.3164672851562,0.021295636892318726,107.04447937011719,462.0509338378906,0.029262781143188477,24.856231689453125,45.27652359008789,0.01157572865486145,121.5889892578125,914.619140625,0.014891564846038818,171.95474243164062,940.298583984375,0.061308056116104126
218,380.35980224609375,799.7362670898438,0.9341073036193848,285.0277404785156,801.446044921875,0.8464007377624512,319.160400390625,692.28759765625,0.046578794717788696,426.60888671875,791.4237060546875,0.9533877372741699,205.95730590820312,757.3163452148438,0.02645951509475708,247.5598602294922,533.4326782226562,0.028597235679626465,279.0050964355469,523.1181030273438,0.9131662845611572,442.3254089355469,424.96502685546875,0.2704657316207886,445.6022644042969,423.4194030761719,0.8378638029098511,471.05596923828125,539.9849853515625,0.059882670640945435,474.3880920410156,540.2998046875,0.015414714813232422,107.36206817626953,463.4362487792969,0.015172570943832397,316.7272033691406,617.5151977539062,0.004948616027832031,121.2347183227539,914.4671630859375,0.020261943340301514,172.69761657714844,939.865234375,0.0601525604724884
219,380.8172912597656,799.7994384765625,0.9325412511825562,284.82208251953125,802.2557983398438,0.822782039642334,319.40179443359375,692.3731079101562,0.057763248682022095,426.5502624511719,792.0360717773438,0.9625950455665588,212.53359985351562,16.90305519104004,0.02049654722213745,261.78363037109375,522.0906372070312,0.017590254545211792,277.99853515625,528.5280151367188,0.9069020748138428,441.4411926269531,426.1527099609375,0.1925308108329773,444.9423522949219,425.01654052734375,0.7954273223876953,471.5123596191406,540.5910034179688,0.09284844994544983,474.3979797363281,541.2234497070312,0.0221233069896698,458.2269287109375,544.4679565429688,0.01546621322631836,317.6865539550781,622.5534057617188,0.005624145269393921,122.32975006103516,913.9345092773438,0.015127003192901611,173.26072692871094,940.3692626953125,0.04646703600883484
220,381.73785400390625,799.3485107421875,0.9331320524215698,285.5274353027344,801.7020263671875,0.7993806600570679,316.48345947265625,687.721435546875,0.046511292457580566,427.2218017578125,791.5504150390625,0.9607681035995483,350.1274108886719,664.4797973632812,0.022466272115707397,262.16876220703125,522.3753051757812,0.023019224405288696,278.5291442871094,528.1907348632812,0.9195184707641602,441.4284973144531,426.1842346191406,0.2639799118041992,444.7398376464844,425.4260559082031,0.8170959949493408,471.51837158203125,541.1820068359375,0.07671710848808289,474.06304931640625,541.7822265625,0.02820780873298645,457.965087890625,544.9996948242188,0.01296648383140564,317.8655090332031,624.0028686523438,0.006371915340423584,123.16526794433594,913.8464965820312,0.015621870756149292,128.26119995117188,911.0245361328125,0.051295697689056396
221,383.9073486328125,797.97802734375,0.9232433438301086,286.2914733886719,800.1151123046875,0.7614127397537231,320.66302490234375,689.550048828125,0.04292339086532593,428.857177734375,790.4082641601562,0.9454102516174316,350.2563781738281,663.3178100585938,0.0289384126663208,260.89752197265625,521.1233520507812,0.021737217903137207,286.189697265625,521.7247314453125,0.9184740781784058,442.76873779296875,425.222412109375,0.16060104966163635,446.6512756347656,424.2870178222656,0.8603352308273315,472.1990966796875,541.4532470703125,0.052633196115493774,475.4546203613281,542.2793579101562,0.01838839054107666,458.0462646484375,544.7696533203125,0.01268497109413147,317.80908203125,624.029052734375,0.004316866397857666,123.07234191894531,913.6851806640625,0.014426946640014648,127.3771743774414,910.9534912109375,0.04127657413482666
222,383.5173645019531,796.6693115234375,0.9137511253356934,287.6424560546875,799.329833984375,0.7500865459442139,320.656005859375,689.1205444335938,0.055456072092056274,428.79156494140625,789.60009765625,0.9437398910522461,350.42767333984375,663.2501831054688,0.033964842557907104,261.0191345214844,520.8148193359375,0.025060832500457764,286.46240234375,521.2879638671875,0.932918906211853,442.58404541015625,424.8978576660156,0.18420854210853577,446.3944396972656,424.15655517578125,0.8600200414657593,471.75244140625,541.1183471679688,0.06490778923034668,475.23809814453125,541.7702026367188,0.018789738416671753,458.2244567871094,544.7916259765625,0.017038702964782715,317.63818359375,623.6670532226562,0.004112213850021362,121.75524139404297,913.8621826171875,0.01716059446334839,173.76727294921875,938.8287963867188,0.03772127628326416
223,384.51141357421875,795.6392822265625,0.8904688358306885,289.0885314941406,798.5645141601562,0.7633658051490784,320.7444763183594,687.9808349609375,0.06392514705657959,428.9538269042969,789.2451171875,0.9350996017456055,349.2854309082031,663.55126953125,0.03681725263595581,263.7483825683594,517.3513793945312,0.037203311920166016,287.5768127441406,520.7970581054688,0.9391332864761353,443.5269470214844,423.8735656738281,0.2677537798881531,446.8957214355469,423.80096435546875,0.8847847580909729,472.01763916015625,540.7581176757812,0.07125526666641235,481.361572265625,514.0801391601562,0.02051052451133728,457.9099426269531,544.6578979492188,0.01147538423538208,319.1617126464844,622.23974609375,0.004426479339599609,326.883056640625,612.7216796875,0.009571939706802368,126.09320831298828,915.3472290039062,0.03687840700149536
224,383.98712158203125,795.4821166992188,0.8849564790725708,288.295166015625,797.7630004882812,0.7887111902236938,320.3975830078125,687.5789184570312,0.053207337856292725,428.66668701171875,788.2926635742188,0.9226747155189514,205.37936401367188,779.4119873046875,0.06150868535041809,263.19500732421875,517.115478515625,0.032510071992874146,287.5333251953125,520.8605346679688,0.9353222846984863,447.7956237792969,420.5500183105469,0.2612209618091583,447.24951171875,422.89788818359375,0.8925467729568481,472.674072265625,540.6558837890625,0.11147201061248779,426.01806640625,908.2979125976562,0.017066508531570435,109.88750457763672,464.8127746582031,0.010896295309066772,320.5692138671875,622.9217529296875,0.006599992513656616,323.4710388183594,606.0888061523438,0.00837785005569458,173.45921325683594,937.3970336914062,0.03793051838874817
225,384.64971923828125,793.776611328125,0.8748684525489807,288.46954345703125,797.157958984375,0.7779550552368164,320.80908203125,687.5503540039062,0.054694294929504395,428.728759765625,787.853271484375,0.9232125282287598,205.6132354736328,779.502685546875,0.05620002746582031,263.02679443359375,517.3451538085938,0.03483039140701294,287.700439453125,520.6791381835938,0.9455444812774658,447.86163330078125,420.70367431640625,0.25468796491622925,447.32965087890625,423.07440185546875,0.8919577598571777,472.76544189453125,540.8961791992188,0.1015130877494812,425.8329162597656,908.0900268554688,0.018526852130889893,458.44439697265625,544.356201171875,0.008459627628326416,319.9623107910156,622.9164428710938,0.007120907306671143,323.619140625,605.9784545898438,0.011888235807418823,174.30520629882812,937.4152221679688,0.0356505811214447
226,385.0211486816406,792.4279174804688,0.8941258192062378,287.0955810546875,796.7024536132812,0.8126206398010254,321.1062927246094,685.9315795898438,0.03215464949607849,429.25299072265625,786.6080322265625,0.9313213229179382,205.9134979248047,785.73046875,0.06038525700569153,263.9909973144531,517.1177368164062,0.026909559965133667,288.49884033203125,520.1065063476562,0.9464681148529053,449.06591796875,419.0066223144531,0.2899901866912842,448.25238037109375,420.7628479003906,0.88413006067276,473.1173400878906,540.1437377929688,0.10981559753417969,480.8426208496094,514.1490478515625,0.016980111598968506,459.853271484375,511.7705078125,0.00826120376586914,323.2538757324219,621.3028564453125,0.013197720050811768,324.2806396484375,606.9349975585938,0.016333431005477905,177.33047485351562,932.913818359375,0.06738525629043579
227,384.97564697265625,792.361083984375,0.8893085718154907,287.0950622558594,796.9072875976562,0.8140340447425842,321.0302429199219,686.0150146484375,0.03292533755302429,429.11572265625,786.65283203125,0.9266317486763,206.2283172607422,779.5125732421875,0.05762737989425659,263.98858642578125,516.9480590820312,0.023373842239379883,288.5613708496094,520.0852661132812,0.9458974599838257,446.55291748046875,420.39105224609375,0.28755825757980347,448.2751159667969,420.6687927246094,0.8832488656044006,473.15057373046875,540.2122802734375,0.1122925877571106,426.2060852050781,907.2060546875,0.02421051263809204,459.82745361328125,511.8052062988281,0.008314907550811768,322.51800537109375,621.1729125976562,0.0119723379611969,324.72747802734375,606.6270141601562,0.01773396134376526,178.08311462402344,932.7512817382812,0.07981154322624207
228,385.1769104003906,792.8132934570312,0.8850315809249878,288.3546142578125,796.8771362304688,0.7698104381561279,321.7763366699219,686.05810546875,0.027286380529403687,428.9384765625,787.148681640625,0.9266757965087891,206.17779541015625,779.3033447265625,0.06748601794242859,263.1869201660156,516.4872436523438,0.021828442811965942,288.8420104980469,520.0867919921875,0.9432446360588074,449.7445983886719,419.63226318359375,0.19789037108421326,449.5048828125,421.7626953125,0.8996801376342773,473.769775390625,540.17041015625,0.12656870484352112,426.2945251464844,907.6041870117188,0.029462754726409912,458.80633544921875,542.5447387695312,0.009115397930145264,323.1373291015625,621.43603515625,0.008731842041015625,108.03646850585938,369.9687805175781,0.01175987720489502,177.2986602783203,932.7474975585938,0.06242987513542175
229,384.503173828125,794.2236328125,0.9045966863632202,288.0013122558594,796.7501831054688,0.7715837955474854,322.4251708984375,685.9653930664062,0.029820412397384644,429.2662048339844,787.6229858398438,0.9414916038513184,206.1064910888672,778.5875244140625,0.06706342101097107,263.7369079589844,517.2579345703125,0.027256548404693604,288.6451416015625,520.6045532226562,0.9422290325164795,446.7233581542969,421.52874755859375,0.1839318573474884,449.3596496582031,422.4897155761719,0.8855358362197876,474.20050048828125,540.8284301757812,0.1127113401889801,481.0053405761719,514.4171752929688,0.027160227298736572,458.2119140625,543.0333251953125,0.008296370506286621,323.2642517089844,621.7803955078125,0.005981624126434326,326.3882751464844,613.6896362304688,0.015008121728897095,177.40423583984375,932.62353515625,0.05916276574134827
230,384.4674377441406,794.9942626953125,0.8996281623840332,287.94708251953125,797.735595703125,0.7964951992034912,322.07415771484375,686.418212890625,0.04435420036315918,429.6368713378906,788.0042114257812,0.9430776834487915,205.85858154296875,779.1387939453125,0.06407710909843445,263.0886535644531,516.975830078125,0.032410234212875366,288.36297607421875,520.6360473632812,0.9376600980758667,449.77362060546875,420.5710754394531,0.22609752416610718,449.3848876953125,422.86798095703125,0.8913559317588806,474.00067138671875,540.74560546875,0.10451206564903259,481.51312255859375,513.41015625,0.023569047451019287,458.5479431152344,543.2423706054688,0.012392818927764893,323.21142578125,622.1204223632812,0.008211135864257812,327.2505798339844,613.54833984375,0.019126713275909424,43.917293548583984,11.259011268615723,0.0407891571521759
231,384.63739013671875,795.2427368164062,0.8877249956130981,288.95318603515625,797.2281494140625,0.773840069770813,321.4353942871094,686.548095703125,0.037115901708602905,429.592529296875,787.9340209960938,0.9247510433197021,205.3740234375,779.2867431640625,0.07534390687942505,263.2766418457031,517.3472900390625,0.03226086497306824,289.0178527832031,520.9951171875,0.9428548812866211,448.99249267578125,421.24530029296875,0.25755739212036133,448.6771240234375,423.69097900390625,0.8949498534202576,473.5550537109375,541.346435546875,0.09988459944725037,481.3591003417969,513.4115600585938,0.020723670721054077,458.2494812011719,543.9341430664062,0.012082964181900024,322.04840087890625,621.4498901367188,0.00553479790687561,327.0846862792969,613.7915649414062,0.015341967344284058,174.4900665283203,937.5419311523438,0.046608299016952515
232,384.462158203125,794.8988037109375,0.9087561368942261,287.5711364746094,798.1934814453125,0.774039626121521,322.5356140136719,686.318115234375,0.028982043266296387,429.419921875,787.7642211914062,0.9462852478027344,206.65188598632812,778.268798828125,0.06241723895072937,263.4742126464844,517.1207275390625,0.03159224987030029,288.9211730957031,520.66650390625,0.9456436634063721,449.9610595703125,419.88330078125,0.20978176593780518,449.7034912109375,422.39996337890625,0.870919942855835,480.78961181640625,541.9828491210938,0.0842985212802887,481.3470764160156,513.91943359375,0.027262985706329346,458.59075927734375,543.259765625,0.007674545049667358,323.21856689453125,621.2587890625,0.004626721143722534,107.94292449951172,370.8587951660156,0.012419819831848145,174.20179748535156,936.8888549804688,0.06130015850067139
233,384.5110168457031,795.3800048828125,0.9130285978317261,282.71307373046875,799.1611328125,0.7867603302001953,322.0013427734375,686.9296875,0.03621754050254822,429.653076171875,788.0755004882812,0.9495211839675903,206.12205505371094,778.7398681640625,0.06134781241416931,263.0104064941406,516.6779174804688,0.021118611097335815,289.15240478515625,520.3606567382812,0.9422826766967773,449.9399108886719,420.6087341308594,0.24118024110794067,449.6406555175781,422.7677917480469,0.8744370937347412,474.6177673339844,541.0394897460938,0.07743218541145325,482.0041809082031,513.6636962890625,0.022684097290039062,458.6533508300781,543.701904296875,0.01007881760597229,324.05950927734375,621.713134765625,0.00483289361000061,328.6409912109375,620.2360229492188,0.01807674765586853,177.2940216064453,932.6826782226562,0.0482020378112793
234,384.5285339355469,795.3988647460938,0.8855736255645752,287.83294677734375,797.4735717773438,0.7591225504875183,322.1825256347656,686.6897583007812,0.06370368599891663,429.49609375,787.7473754882812,0.9263188242912292,205.48800659179688,779.4629516601562,0.07418155670166016,263.28863525390625,516.458740234375,0.03094276785850525,288.41650390625,520.5076293945312,0.9342207908630371,449.3809814453125,420.532958984375,0.21591612696647644,449.0526123046875,423.00225830078125,0.8989875316619873,473.720458984375,540.8870849609375,0.09004303812980652,481.25579833984375,513.3567504882812,0.024869829416275024,458.51800537109375,543.6553344726562,0.012016236782073975,322.3420715332031,621.6701049804688,0.004697978496551514,327.2020263671875,613.8009033203125,0.013284265995025635,174.3704833984375,937.2846069335938,0.039682209491729736
235,384.7524108886719,794.31982421875,0.9033153057098389,286.872314453125,797.7056884765625,0.7700109481811523,322.4911193847656,685.9171752929688,0.026422709226608276,429.3302001953125,787.31591796875,0.9449552297592163,207.09640502929688,778.1856689453125,0.0573250949382782,263.41131591796875,516.655029296875,0.024144142866134644,288.5551452636719,519.6472778320312,0.9408031702041626,450.0279235839844,419.4691467285156,0.18618398904800415,449.6840515136719,421.91046142578125,0.8756091594696045,480.7535400390625,540.799072265625,0.061593443155288696,481.23028564453125,514.1022338867188,0.02615007758140564,459.1756286621094,542.5397338867188,0.008673906326293945,324.86279296875,621.1314086914062,0.007871896028518677,328.0926513671875,620.888671875,0.013335376977920532,177.80653381347656,932.487060546875,0.04930257797241211
236,385.0268859863281,794.8452758789062,0.8984561562538147,287.1085510253906,797.2652587890625,0.779873788356781,322.2680969238281,686.0690307617188,0.024178028106689453,429.4817199707031,787.25390625,0.9436600208282471,206.23663330078125,778.49267578125,0.05575752258300781,262.9701843261719,516.7697143554688,0.02389886975288391,289.0683898925781,520.1983642578125,0.9477800130844116,450.1031799316406,419.6849060058594,0.16870751976966858,449.7766418457031,422.31500244140625,0.8965967893600464,479.9650573730469,540.9033203125,0.0801718533039093,481.3248596191406,513.8641357421875,0.030024468898773193,459.01898193359375,542.51513671875,0.008519768714904785,323.9565124511719,621.6756591796875,0.0074440836906433105,327.72796630859375,613.0858764648438,0.019575536251068115,177.55543518066406,932.9927368164062,0.04622724652290344
237,384.3299865722656,794.91455078125,0.8878214359283447,286.1992492675781,799.0198364257812,0.77571702003479,322.0380554199219,686.3670654296875,0.035365909337997437,429.55078125,787.6888427734375,0.9469482898712158,206.17843627929688,778.726806640625,0.06902343034744263,262.821044921875,516.6112060546875,0.019401192665100098,290.03759765625,520.8480834960938,0.9441396594047546,450.0139465332031,420.4041748046875,0.1645030975341797,449.5330810546875,423.010498046875,0.902154803276062,474.2077331542969,540.6250610351562,0.09737810492515564,481.3945617675781,513.6553955078125,0.025350302457809448,458.3335876464844,543.5262451171875,0.010966777801513672,322.9742431640625,622.2837524414062,0.005540192127227783,327.7228698730469,620.1895751953125,0.018547534942626953,174.83892822265625,937.191650390625,0.042494773864746094
238,385.3588562011719,795.2406005859375,0.9157332181930542,287.8622131347656,798.6115112304688,0.7488910555839539,323.3177490234375,687.149658203125,0.02241024374961853,430.587646484375,788.1393432617188,0.9416954517364502,208.29107666015625,784.904296875,0.034308552742004395,363.769287109375,589.1206665039062,0.014241218566894531,290.1775817871094,521.1411743164062,0.9515987634658813,450.7677307128906,420.4787902832031,0.19037353992462158,450.6188049316406,422.60382080078125,0.8601186275482178,483.1278991699219,540.8715209960938,0.07178473472595215,485.7160339355469,513.5172729492188,0.026140213012695312,458.41900634765625,542.856201171875,0.009998500347137451,113.4764404296875,465.5139465332031,0.005681902170181274,328.3371887207031,612.7894287109375,0.016479194164276123,174.57887268066406,937.23681640625,0.05921044945716858
239,385.36676025390625,796.1892700195312,0.9057767391204834,286.65911865234375,799.8167724609375,0.7430952787399292,323.0196838378906,687.0867919921875,0.03233453631401062,430.2361145019531,788.66650390625,0.9461452960968018,207.9655303955078,777.9814453125,0.03181558847427368,263.4752197265625,516.6006469726562,0.0187719464302063,290.3367004394531,521.7540893554688,0.9393056035041809,450.9379577636719,421.2674255371094,0.17619559168815613,450.8293762207031,423.22430419921875,0.8646858930587769,467.2335205078125,540.1279296875,0.07257449626922607,485.87091064453125,513.1972045898438,0.01930198073387146,458.0553283691406,543.3385620117188,0.011962354183197021,329.8683776855469,621.686767578125,0.004473894834518433,327.84130859375,613.71142578125,0.020209461450576782,174.85699462890625,937.90234375,0.05535876750946045
240,385.0145568847656,796.572021484375,0.9064835906028748,283.42120361328125,800.611083984375,0.726183295249939,323.16717529296875,687.7218627929688,0.024596571922302246,430.0998840332031,789.14990234375,0.9465466141700745,208.0941162109375,778.498779296875,0.0254518985748291,379.54376220703125,618.6705322265625,0.01692602038383484,291.1655578613281,522.6104125976562,0.9386381506919861,448.1322326660156,424.0326232910156,0.12408030033111572,448.3127136230469,425.4898681640625,0.8904419541358948,473.4930114746094,541.0628662109375,0.07428041100502014,481.8558654785156,513.5618286132812,0.0224972665309906,458.1641845703125,543.9708251953125,0.013222604990005493,113.02031707763672,464.39508056640625,0.006355613470077515,329.00115966796875,620.3067016601562,0.019589006900787354,173.97596740722656,938.0531005859375,0.035648196935653687
241,385.95770263671875,795.9251098632812,0.9216098189353943,290.287353515625,799.132080078125,0.7832212448120117,326.7943420410156,686.9483642578125,0.028331845998764038,429.9861145019531,789.2086181640625,0.9446905255317688,210.3920135498047,778.0775146484375,0.029467105865478516,379.00164794921875,618.5869140625,0.0164434015750885,290.2146911621094,521.5814208984375,0.9413896799087524,451.6103515625,421.1920471191406,0.1808394193649292,451.5841979980469,423.1005554199219,0.8253101110458374,473.55419921875,540.9706420898438,0.07125142216682434,481.7656555175781,514.0074462890625,0.024177491664886475,112.18341827392578,469.40277099609375,0.01988321542739868,113.64494323730469,465.8070983886719,0.009785234928131104,328.4698181152344,614.0889282226562,0.01650339365005493,174.6283721923828,938.1493530273438,0.06505796313285828
242,385.3349609375,796.3435668945312,0.9183120727539062,290.029052734375,799.7603149414062,0.7503930926322937,322.8506774902344,687.326416015625,0.021128743886947632,429.5467834472656,789.6005859375,0.949751079082489,208.75296020507812,777.7515258789062,0.02808651328086853,262.4007873535156,521.1787719726562,0.01720869541168213,290.9595031738281,523.2467651367188,0.9322512149810791,450.63800048828125,421.8761291503906,0.1550692319869995,449.03515625,424.99102783203125,0.8549536466598511,473.78424072265625,541.14501953125,0.07656565308570862,481.869140625,514.2490844726562,0.022504180669784546,112.05852508544922,469.8005065917969,0.016430169343948364,113.42755889892578,464.7127380371094,0.00859910249710083,328.8939208984375,620.3755493164062,0.0260334312915802,174.36660766601562,938.1957397460938,0.05027398467063904
243,385.1279602050781,797.2940673828125,0.9312931299209595,289.84075927734375,800.7333374023438,0.7188752293586731,424.4499206542969,752.7486572265625,0.017209500074386597,429.6665954589844,790.3607177734375,0.9546553492546082,208.52243041992188,778.1146850585938,0.020322173833847046,379.49859619140625,619.1082153320312,0.019794106483459473,290.8291931152344,523.1261596679688,0.9281310439109802,448.0774841308594,424.1685485839844,0.13819566369056702,448.2031555175781,425.6302795410156,0.8889511823654175,482.841796875,541.826171875,0.06884294748306274,481.8800354003906,513.5604858398438,0.02223789691925049,112.08290100097656,469.0838928222656,0.015071451663970947,113.39619445800781,464.3514404296875,0.00939333438873291,328.4799499511719,620.9169311523438,0.024185359477996826,174.36709594726562,938.7266845703125,0.03572845458984375
244,384.9682312011719,797.0531005859375,0.9220439195632935,283.1622314453125,800.287841796875,0.7433878183364868,322.4495544433594,687.30712890625,0.02021324634552002,430.0701904296875,789.39306640625,0.9508107900619507,208.67279052734375,777.9258422851562,0.028691738843917847,379.6578063964844,618.8751220703125,0.017953097820281982,290.7571716308594,522.9089965820312,0.9325621128082275,450.456787109375,421.9171142578125,0.16627171635627747,450.2669372558594,423.87152099609375,0.8543283343315125,473.6537780761719,541.2175903320312,0.07793992757797241,481.8872985839844,514.1126098632812,0.020464599132537842,111.67115020751953,469.66070556640625,0.01750361919403076,113.3000717163086,464.9335021972656,0.006518363952636719,328.5863342285156,621.14892578125,0.02468162775039673,174.46405029296875,937.7841796875,0.043810248374938965
245,385.0020446777344,797.2471923828125,0.9116934537887573,283.1009216308594,800.4627685546875,0.7530482411384583,322.8049011230469,687.176513671875,0.032705217599868774,429.5110778808594,789.120361328125,0.9497113823890686,207.73387145996094,777.90771484375,0.026720762252807617,262.7223205566406,520.697265625,0.01784321665763855,290.6051330566406,522.5101318359375,0.943038284778595,448.5238037109375,423.6288757324219,0.15257182717323303,450.3360900878906,424.1305847167969,0.8626989126205444,473.6419677734375,541.3927001953125,0.06841528415679932,481.8053283691406,513.7930908203125,0.018631547689437866,111.91780090332031,469.0949401855469,0.0102902352809906,112.99471282958984,464.2900695800781,0.006526380777359009,328.91326904296875,620.4623413085938,0.021671831607818604,174.39297485351562,938.6012573242188,0.03848591446876526
246,385.03497314453125,797.8200073242188,0.9253415465354919,287.5815734863281,800.0724487304688,0.737093448638916,322.8052673339844,687.6522216796875,0.03275454044342041,430.06640625,789.93310546875,0.9450759887695312,347.96600341796875,663.9837646484375,0.022081196308135986,262.7525634765625,521.150390625,0.01858726143836975,290.5045166015625,523.4110107421875,0.9291609525680542,447.4200744628906,424.5424499511719,0.18154457211494446,447.8778076171875,426.1705017089844,0.8716809749603271,473.607666015625,541.880859375,0.06471329927444458,481.52825927734375,513.4385375976562,0.018528729677200317,111.75760650634766,469.269287109375,0.011548101902008057,112.84857177734375,464.320556640625,0.008696794509887695,328.7181701660156,621.6115112304688,0.01680561900138855,174.1462860107422,938.5589599609375,0.02921605110168457
247,385.01287841796875,797.5321655273438,0.9218122959136963,288.1035461425781,798.61962890625,0.7466702461242676,322.733642578125,686.8853759765625,0.03503459692001343,429.6650085449219,789.1495971679688,0.9446294903755188,207.38607788085938,778.5078125,0.02847898006439209,262.8592529296875,520.9320068359375,0.021991699934005737,290.2044982910156,522.5331420898438,0.9387068152427673,447.97955322265625,423.5936279296875,0.1841600239276886,449.94073486328125,424.15362548828125,0.8571704626083374,473.3238525390625,541.2713012695312,0.06294620037078857,481.6244812011719,513.0443115234375,0.017768055200576782,458.1717224121094,544.1264038085938,0.014504700899124146,330.277587890625,622.2377319335938,0.005565732717514038,328.5827331542969,620.9744262695312,0.016805320978164673,173.72679138183594,937.8982543945312,0.042870014905929565
248,384.6573181152344,796.0498046875,0.9089710116386414,288.64752197265625,797.702880859375,0.7458244562149048,323.18975830078125,686.5233154296875,0.05217805504798889,429.958984375,787.6846923828125,0.9515804052352905,206.93902587890625,785.3411254882812,0.036493510007858276,263.3609619140625,516.4952392578125,0.02028915286064148,289.5352783203125,521.0082397460938,0.9516787528991699,450.3372497558594,420.8185119628906,0.23436087369918823,450.18170166015625,423.02374267578125,0.8668133616447449,481.22320556640625,541.619140625,0.08037611842155457,482.0532531738281,514.330322265625,0.02341592311859131,458.5379943847656,543.2069091796875,0.008620679378509521,113.37459564208984,465.1118469238281,0.004702448844909668,327.7212219238281,613.4567260742188,0.0253620445728302,174.9528045654297,937.4530639648438,0.06877732276916504
249,384.7336120605469,795.8336791992188,0.9028865694999695,288.64569091796875,797.7354125976562,0.7308932542800903,323.2620544433594,686.8031005859375,0.04327401518821716,430.5016174316406,787.7943115234375,0.9459551572799683,207.86260986328125,778.08203125,0.035466521978378296,380.0115661621094,618.499267578125,0.022633373737335205,289.9347839355469,521.7125244140625,0.9460472464561462,450.6313171386719,420.97979736328125,0.2668472230434418,450.7192077636719,422.99139404296875,0.8377423286437988,483.5059814453125,541.3209228515625,0.06454181671142578,486.0345458984375,513.2211303710938,0.023384451866149902,111.61888885498047,469.3684997558594,0.017621725797653198,113.73860931396484,465.23370361328125,0.009084701538085938,327.51806640625,614.2698364257812,0.01199224591255188,174.75961303710938,937.4481811523438,0.06849408149719238
250,385.60302734375,795.4612426757812,0.8386737108230591,287.16925048828125,796.3762817382812,0.6471503973007202,325.4054870605469,690.5465087890625,0.019188761711120605,429.8001708984375,790.4242553710938,0.8632779121398926,386.4571228027344,561.9791870117188,0.02943342924118042,262.021240234375,521.6155395507812,0.032329052686691284,289.7552795410156,522.208984375,0.8622983694076538,450.96954345703125,421.0263977050781,0.14591753482818604,450.5870361328125,423.1851501464844,0.7834891676902771,483.87640380859375,540.9378662109375,0.05045086145401001,487.6112060546875,512.1256713867188,0.02155238389968872,111.18685913085938,468.6690979003906,0.02054557204246521,112.371337890625,465.8406066894531,0.019581347703933716,330.546630859375,614.0384521484375,0.020457714796066284,179.21246337890625,932.45654296875,0.07249408960342407
251,386.50933837890625,794.5813598632812,0.8188409805297852,291.3104553222656,795.5966186523438,0.5781149864196777,327.32086181640625,690.9421997070312,0.015767723321914673,431.765869140625,788.7767333984375,0.8560137748718262,386.7375793457031,561.78271484375,0.022666096687316895,261.28997802734375,522.4134521484375,0.03132477402687073,291.33990478515625,522.2086791992188,0.8851248025894165,450.0840759277344,423.7217102050781,0.16870039701461792,451.66253662109375,423.79449462890625,0.7496941685676575,483.650634765625,540.622314453125,0.05685529112815857,487.00537109375,513.1343994140625,0.025107473134994507,111.71281433105469,468.4295349121094,0.04225757718086243,111.83146667480469,469.4496154785156,0.030758947134017944,330.6388854980469,621.8630981445312,0.015596181154251099,179.14549255371094,932.77392578125,0.05500414967536926
252,386.6122741699219,794.7147216796875,0.8128149509429932,291.35137939453125,795.59423828125,0.5781772136688232,327.2768249511719,690.9268188476562,0.016741842031478882,431.83221435546875,788.9922485351562,0.8427249193191528,386.6656494140625,561.7385864257812,0.021656572818756104,261.9775085449219,522.3185424804688,0.03514200448989868,291.228271484375,522.2139892578125,0.8878786563873291,450.4289855957031,424.2333984375,0.1589849293231964,450.6462097167969,425.9134826660156,0.749223530292511,483.7739562988281,540.5881958007812,0.07364332675933838,487.2032165527344,512.8834838867188,0.024309784173965454,111.92684936523438,468.81561279296875,0.03591364622116089,113.47235870361328,465.9217224121094,0.030611783266067505,330.5417785644531,622.394287109375,0.012513935565948486,179.37643432617188,932.5137939453125,0.05645689368247986
253,386.7466125488281,793.9030151367188,0.80973881483078,292.391845703125,794.12451171875,0.6269291639328003,327.65625,690.694091796875,0.023199111223220825,431.64178466796875,788.2017822265625,0.8696752786636353,289.15350341796875,493.896484375,0.023913979530334473,261.7845153808594,522.6283569335938,0.049166709184646606,292.4970397949219,521.9440307617188,0.905541181564331,451.117431640625,424.1443786621094,0.15814253687858582,452.55206298828125,423.6125793457031,0.7588323354721069,484.5774230957031,540.1903076171875,0.07396528124809265,488.0167541503906,512.8699340820312,0.02051931619644165,111.77066802978516,468.92498779296875,0.019748210906982422,115.54356384277344,464.7596435546875,0.02652856707572937,331.22149658203125,615.0486450195312,0.02916392683982849,180.00027465820312,932.23291015625,0.11175897717475891
254,386.8414306640625,790.0477294921875,0.8707751035690308,292.0177917480469,791.2944946289062,0.5874494910240173,328.3446350097656,690.2755737304688,0.023574024438858032,431.3276062011719,786.687255859375,0.8865962028503418,211.5029296875,16.554182052612305,0.02877330780029297,262.7738952636719,521.5621948242188,0.03793537616729736,292.6835021972656,520.3646240234375,0.9450793266296387,452.1332092285156,421.28564453125,0.1923609972000122,452.23095703125,422.8070373535156,0.7772676944732666,484.87847900390625,539.6442260742188,0.07207760214805603,487.78778076171875,513.9473266601562,0.024259328842163086,112.4686279296875,468.77984619140625,0.055034488439559937,114.99574279785156,466.67449951171875,0.04529640078544617,330.9215087890625,615.02783203125,0.019419044256210327,180.12701416015625,931.6492919921875,0.1409345269203186
255,387.4971008300781,788.9603271484375,0.911644697189331,292.2908020019531,790.8983154296875,0.7180788516998291,328.21881103515625,689.7810668945312,0.023548513650894165,431.17840576171875,785.949951171875,0.8987404704093933,386.8202819824219,560.7296752929688,0.03338801860809326,262.2374572753906,521.1364135742188,0.03451976180076599,291.903564453125,519.9996337890625,0.950580894947052,452.5816650390625,419.96533203125,0.18162450194358826,452.9535827636719,421.5191955566406,0.7997507452964783,484.9905700683594,539.4227294921875,0.07486513257026672,483.2547607421875,514.0167846679688,0.02034449577331543,115.55998992919922,463.059326171875,0.05826312303543091,115.45597076416016,466.2934265136719,0.031848013401031494,331.19873046875,614.4817504882812,0.028730422258377075,180.88436889648438,931.1073608398438,0.1586063802242279
256,387.4952697753906,789.2332763671875,0.8986929655075073,292.3690185546875,791.3525390625,0.6788831949234009,328.4765625,690.1119384765625,0.027156323194503784,430.9461669921875,785.9713745117188,0.886638879776001,378.353271484375,546.0960693359375,0.032799720764160156,261.94085693359375,521.1666870117188,0.033158451318740845,291.849609375,520.0162353515625,0.9492735266685486,452.9340515136719,419.7925109863281,0.17985165119171143,453.46771240234375,421.1935119628906,0.799418568611145,484.98492431640625,539.4013671875,0.07348644733428955,489.97698974609375,540.07568359375,0.019739866256713867,115.67810821533203,463.1611328125,0.06126520037651062,115.13691711425781,466.41845703125,0.03928571939468384,331.40069580078125,613.873291015625,0.034323692321777344,180.5146026611328,930.93505859375,0.16332045197486877
257,386.36004638671875,790.779052734375,0.8724528551101685,287.5570373535156,793.4024658203125,0.7004098296165466,427.7860107421875,741.170654296875,0.011208444833755493,429.7364807128906,787.4137573242188,0.9119585156440735,386.4420471191406,561.942138671875,0.0282575786113739,262.1807861328125,517.9857788085938,0.019445419311523438,291.58624267578125,521.267333984375,0.9430321455001831,452.2397155761719,420.8597717285156,0.20350581407546997,452.376708984375,422.316650390625,0.7834292054176331,483.380126953125,540.4243774414062,0.07608363032341003,482.567626953125,515.0392456054688,0.022870779037475586,114.38003540039062,463.0875244140625,0.04039955139160156,114.48041534423828,466.33819580078125,0.040339499711990356,330.06610107421875,607.52490234375,0.012072563171386719,179.93359375,932.1727905273438,0.083322674036026
258,386.46923828125,791.5631713867188,0.8706179857254028,287.7658996582031,794.1157836914062,0.6766870021820068,325.9402770996094,689.5436401367188,0.012461751699447632,430.1978759765625,787.8743286132812,0.9052618741989136,363.51416015625,636.7322998046875,0.024589836597442627,262.0033264160156,517.28466796875,0.023767203092575073,291.4114990234375,521.3751831054688,0.932691216468811,451.9112854003906,420.8614196777344,0.22583213448524475,452.2325439453125,422.3982238769531,0.7844979763031006,483.4903564453125,540.5303955078125,0.08393552899360657,482.46502685546875,514.986083984375,0.02558019757270813,114.6822280883789,463.07794189453125,0.03591039776802063,114.52521514892578,466.3296203613281,0.03680643439292908,331.6299743652344,615.33056640625,0.015408575534820557,178.95162963867188,932.0280151367188,0.08085477352142334
259,386.68048095703125,794.5458374023438,0.8670097589492798,287.68994140625,794.0750122070312,0.6630841493606567,429.006103515625,745.0672607421875,0.00935131311416626,431.5373840332031,788.0372924804688,0.8688207864761353,363.34979248046875,636.926513671875,0.02210479974746704,261.3028259277344,521.848876953125,0.021098315715789795,291.16729736328125,521.4931030273438,0.9198527932167053,451.79901123046875,421.5755920410156,0.20618996024131775,451.6572570800781,423.4566955566406,0.7509446144104004,483.830078125,540.191650390625,0.08921584486961365,486.86700439453125,514.4913330078125,0.028117895126342773,111.53246307373047,468.2436828613281,0.033733218908309937,113.242431640625,466.0809020996094,0.03633582592010498,331.11090087890625,615.0676879882812,0.023695409297943115,178.93797302246094,932.687255859375,0.05405816435813904
260,385.4715576171875,795.2011108398438,0.8852522373199463,288.60784912109375,796.5552978515625,0.68345707654953,327.636962890625,687.1905517578125,0.02731311321258545,430.6058349609375,790.0150756835938,0.9228929281234741,385.5062561035156,561.8111572265625,0.031220942735671997,261.9614562988281,522.6160888671875,0.022014319896697998,290.229248046875,522.9672241210938,0.9087393879890442,448.8989562988281,424.02178955078125,0.20443090796470642,450.2300720214844,423.9500732421875,0.7897065877914429,479.48687744140625,541.2584838867188,0.0738481879234314,486.2228698730469,512.6790771484375,0.023189902305603027,111.2352066040039,469.41033935546875,0.016094088554382324,112.12825775146484,465.7386169433594,0.008475005626678467,330.0026550292969,614.5828857421875,0.013738125562667847,178.16139221191406,937.735595703125,0.05424237251281738
261,385.87078857421875,795.5662841796875,0.887802004814148,288.21734619140625,796.4096069335938,0.6790084838867188,328.1124267578125,686.8444213867188,0.01764395833015442,430.564453125,790.40478515625,0.903910756111145,209.04493713378906,778.3235473632812,0.024850189685821533,262.001708984375,521.9802856445312,0.020483702421188354,291.1916809082031,522.6131591796875,0.9021322727203369,451.203369140625,421.6949768066406,0.22824877500534058,450.86865234375,423.64453125,0.7939357161521912,478.68133544921875,541.76416015625,0.05209764838218689,486.58221435546875,512.1298828125,0.02564224600791931,111.80332946777344,469.10888671875,0.01791134476661682,113.02637481689453,466.05682373046875,0.01367861032485962,330.3235778808594,614.2308959960938,0.013950347900390625,177.9740447998047,937.3665771484375,0.05258601903915405
262,386.0667419433594,795.4055786132812,0.8769510984420776,288.0970458984375,795.8770751953125,0.686007022857666,328.2607421875,686.4367065429688,0.015929192304611206,431.06390380859375,788.9758911132812,0.903038501739502,208.0094451904297,785.8427124023438,0.022636443376541138,261.9588317871094,521.9769897460938,0.020190447568893433,291.1953430175781,522.4766845703125,0.9166916608810425,451.16937255859375,421.71453857421875,0.25434842705726624,450.83697509765625,423.6637268066406,0.7900947332382202,482.78314208984375,540.9073486328125,0.054377228021621704,477.02081298828125,541.3140869140625,0.02023300528526306,111.4865493774414,469.1000061035156,0.014006465673446655,112.73835754394531,466.13836669921875,0.014011114835739136,330.2872009277344,614.263671875,0.013934314250946045,177.5738067626953,933.5109252929688,0.05922573804855347
263,385.17559814453125,795.495361328125,0.9055209159851074,290.33209228515625,796.500732421875,0.6944833397865295,324.49249267578125,691.2509765625,0.029882967472076416,430.0480041503906,790.0000610351562,0.9233521223068237,207.7523956298828,778.3634033203125,0.031489163637161255,262.2646179199219,522.4346313476562,0.029106616973876953,290.72515869140625,523.0585327148438,0.9044128656387329,448.49652099609375,423.885986328125,0.20374098420143127,449.1057434082031,425.246826171875,0.8287733793258667,478.7738342285156,541.078125,0.054473280906677246,486.4345397949219,511.799072265625,0.024489402770996094,111.93167114257812,469.67620849609375,0.008501589298248291,112.92755889892578,465.7591247558594,0.007248342037200928,329.9211120605469,613.9722900390625,0.01182439923286438,177.34251403808594,937.6727294921875,0.051488518714904785
264,385.6522216796875,794.2941284179688,0.877859354019165,290.84405517578125,795.4076538085938,0.7025189995765686,426.15118408203125,752.2285766601562,0.013662666082382202,430.44561767578125,789.843505859375,0.9043337106704712,208.74014282226562,785.587158203125,0.024411410093307495,261.61767578125,521.607666015625,0.019491344690322876,291.08294677734375,521.8952026367188,0.9028472900390625,451.8094482421875,421.3503112792969,0.24073553085327148,451.63946533203125,423.1144104003906,0.7806615829467773,479.9891662597656,541.5631713867188,0.06166192889213562,477.3949890136719,540.9307861328125,0.019356608390808105,112.87779235839844,464.9134826660156,0.022697269916534424,113.97627258300781,466.2333679199219,0.028272002935409546,108.3608627319336,371.6312561035156,0.008939504623413086,177.6609344482422,932.9573974609375,0.09334856271743774
265,385.9619445800781,793.6774291992188,0.8688211441040039,287.2012939453125,794.0572509765625,0.7254151701927185,428.6119079589844,744.904052734375,0.010614633560180664,431.1552429199219,788.4044189453125,0.8849560022354126,386.0907897949219,561.2999877929688,0.02647337317466736,261.6107482910156,522.2428588867188,0.020076274871826172,290.8850402832031,521.9517211914062,0.9220284223556519,451.67022705078125,421.5092468261719,0.2712380290031433,451.5804748535156,423.3815612792969,0.7877599000930786,483.38116455078125,540.3871459960938,0.0803118646144867,486.9117736816406,513.79345703125,0.02248409390449524,114.2922134399414,462.2010803222656,0.018240749835968018,113.78324890136719,465.7684326171875,0.02109202742576599,330.9434814453125,614.688720703125,0.013722151517868042,178.24781799316406,932.7717895507812,0.07598623633384705
266,385.3692321777344,794.2119140625,0.885675847530365,290.9747009277344,795.287841796875,0.7293171882629395,425.9985046386719,752.1406860351562,0.013176143169403076,430.42034912109375,789.6393432617188,0.9110383987426758,208.59078979492188,785.7017211914062,0.029037803411483765,261.43572998046875,521.780517578125,0.021653980016708374,290.8055419921875,522.4341430664062,0.9008814096450806,451.5157470703125,422.0611267089844,0.22212541103363037,451.38787841796875,423.75775146484375,0.7742388248443604,482.9193115234375,540.765380859375,0.057999640703201294,477.17462158203125,541.1976928710938,0.018428117036819458,111.93244934082031,464.672607421875,0.016412466764450073,112.9963150024414,465.82373046875,0.01734974980354309,329.7857971191406,614.1873168945312,0.01487511396408081,177.7829132080078,932.9392700195312,0.0867590606212616
267,386.6585998535156,791.3609619140625,0.8828997015953064,287.95330810546875,794.1055908203125,0.7010930776596069,326.8830871582031,685.9422607421875,0.016225844621658325,430.7582702636719,787.9835815429688,0.9095383882522583,386.3962707519531,560.7353515625,0.029507935047149658,262.52777099609375,517.2021484375,0.02702423930168152,291.1304016113281,521.354248046875,0.9232336282730103,452.2742614746094,421.32781982421875,0.2528201937675476,452.69439697265625,422.7508544921875,0.7647255063056946,483.1844482421875,540.3295288085938,0.07483929395675659,482.4950256347656,514.8378295898438,0.020977824926376343,114.34284973144531,463.0910339355469,0.04327481985092163,114.17803192138672,465.7858581542969,0.06167936325073242,329.85357666015625,607.087158203125,0.02319633960723877,178.01666259765625,932.536865234375,0.10272780060768127
268,386.8681945800781,791.1036376953125,0.8824577331542969,287.59600830078125,793.935791015625,0.7009744644165039,326.8467712402344,685.944091796875,0.015682727098464966,430.4040222167969,787.7879028320312,0.9072198867797852,386.3511657714844,561.0804443359375,0.027899831533432007,262.24981689453125,517.3544921875,0.02688160538673401,290.9843444824219,521.2991333007812,0.9224362969398499,452.5480041503906,420.8027038574219,0.2555713951587677,453.0345153808594,422.32025146484375,0.7802749276161194,483.7292175292969,540.0059814453125,0.08269226551055908,482.4574890136719,514.9530029296875,0.02267390489578247,114.46552276611328,463.1855773925781,0.04315111041069031,114.05647277832031,465.6640319824219,0.048983633518218994,330.3975830078125,606.978515625,0.02912279963493347,178.1220703125,932.2315063476562,0.0810299813747406
269,386.7841491699219,790.0093994140625,0.9061823487281799,287.6288757324219,793.4208374023438,0.6988368034362793,327.2243957519531,689.9143676757812,0.01800474524497986,430.13031005859375,787.3253784179688,0.9207434058189392,386.393798828125,560.1365356445312,0.029549360275268555,262.91192626953125,517.4027709960938,0.025773465633392334,291.7799072265625,520.2425537109375,0.936587929725647,452.03424072265625,420.7590026855469,0.29266923666000366,452.3360900878906,422.4168701171875,0.7684112787246704,483.6393127441406,539.330810546875,0.07448959350585938,482.66217041015625,515.5775756835938,0.022749125957489014,114.56461334228516,463.56890869140625,0.04486095905303955,114.42916107177734,466.3077697753906,0.05292811989784241,330.52117919921875,606.3861083984375,0.03816309571266174,179.04798889160156,932.108642578125,0.08736497163772583
270,387.3033142089844,790.7490844726562,0.8863019943237305,292.8749084472656,794.2435913085938,0.7066071033477783,327.2857971191406,690.26318359375,0.02003130316734314,430.79620361328125,787.5597534179688,0.9045919179916382,386.4127502441406,560.7005004882812,0.022696107625961304,262.2163391113281,517.9942016601562,0.02494034171104431,291.4822082519531,521.1151733398438,0.9178293943405151,452.7898254394531,421.7968444824219,0.23538175225257874,452.66204833984375,423.3820495605469,0.769258975982666,483.91021728515625,539.7470703125,0.09092068672180176,486.7352600097656,515.0281982421875,0.02718144655227661,113.03050994873047,464.8838806152344,0.019998997449874878,114.29127502441406,465.6641540527344,0.04450958967208862,329.52349853515625,606.6358642578125,0.02230215072631836,178.0805206298828,932.8091430664062,0.09011748433113098
271,387.50848388671875,791.433349609375,0.8818356990814209,287.9906311035156,794.030029296875,0.700474739074707,326.1916198730469,690.2169189453125,0.021658480167388916,431.02154541015625,787.9473266601562,0.9036905169487,386.4006042480469,560.418212890625,0.02170562744140625,261.6839904785156,522.4078979492188,0.02791815996170044,291.6625671386719,521.4036865234375,0.91277676820755,453.1297912597656,421.9626159667969,0.18806162476539612,452.95343017578125,423.6988830566406,0.7704229354858398,483.7645568847656,540.09375,0.10569736361503601,486.66015625,514.6499633789062,0.027388036251068115,112.45632934570312,468.7537536621094,0.024110496044158936,114.45341491699219,465.78326416015625,0.04268196225166321,329.297119140625,606.698486328125,0.027476757764816284,177.98341369628906,932.589599609375,0.08241733908653259
272,388.3185119628906,791.8534545898438,0.87203049659729,293.8131103515625,794.4410400390625,0.7618755102157593,327.9383850097656,690.5347900390625,0.024143099784851074,431.94586181640625,787.5762939453125,0.8879741430282593,208.6060791015625,793.2551879882812,0.022479474544525146,262.03070068359375,522.9746704101562,0.04286453127861023,292.14739990234375,521.9061889648438,0.9149877429008484,453.1690368652344,421.9806823730469,0.2176264524459839,453.287841796875,423.5155944824219,0.7935627698898315,483.5572814941406,539.5956420898438,0.07562750577926636,486.81201171875,514.7369384765625,0.02427351474761963,112.14807891845703,469.12908935546875,0.02212086319923401,112.59134674072266,469.1303405761719,0.02668324112892151,330.7457275390625,615.3828125,0.03361430764198303,175.659912109375,935.2916259765625,0.0889061987400055
273,387.99798583984375,791.6998291015625,0.8851785063743591,293.07025146484375,794.9675903320312,0.7514801025390625,327.7006530761719,691.4264526367188,0.017076939344406128,432.0185241699219,787.5314331054688,0.8793476819992065,284.3603210449219,490.8697509765625,0.018070697784423828,261.6566467285156,522.6702880859375,0.03384745121002197,292.2372131347656,521.4325561523438,0.9233806133270264,451.2104797363281,424.73406982421875,0.1994520127773285,451.3595886230469,426.4643859863281,0.8057732582092285,483.3843688964844,539.8378295898438,0.07040959596633911,486.6039733886719,514.262451171875,0.033057838678359985,111.86195373535156,468.52215576171875,0.024477481842041016,113.65277862548828,465.5004577636719,0.029539436101913452,330.38861083984375,615.126220703125,0.02918797731399536,177.81939697265625,932.6182250976562,0.08477702736854553
274,387.67596435546875,790.4508056640625,0.8935195803642273,293.4684143066406,793.7669067382812,0.6854983568191528,328.2000732421875,690.6202392578125,0.03132471442222595,430.8175964355469,787.6931762695312,0.9004107713699341,208.38720703125,792.4271850585938,0.01647287607192993,262.0749816894531,522.3372192382812,0.03579851984977722,291.733154296875,520.8908081054688,0.9213172197341919,452.45965576171875,422.1238098144531,0.2031894028186798,452.4482421875,423.81475830078125,0.7558174133300781,484.09710693359375,539.654052734375,0.07423216104507446,486.73150634765625,514.8455200195312,0.025916755199432373,112.51465606689453,469.2036437988281,0.038620561361312866,112.98472595214844,469.53271484375,0.03802138566970825,330.62884521484375,614.799072265625,0.035520195960998535,178.2776641845703,932.3184814453125,0.09435907006263733
275,387.6806335449219,790.9570922851562,0.8930388689041138,293.5016784667969,793.5267333984375,0.7205643653869629,327.2569274902344,690.2958984375,0.02590876817703247,430.88531494140625,787.7073364257812,0.8959713578224182,386.0589599609375,559.9754638671875,0.027448147535324097,262.8139343261719,521.8433837890625,0.04642239212989807,292.2330627441406,520.8441772460938,0.9368376731872559,452.2884826660156,422.0756530761719,0.2362622320652008,452.234375,423.6597900390625,0.7462520599365234,483.9224853515625,539.7442016601562,0.10529106855392456,487.831787109375,538.9011840820312,0.023976802825927734,112.3804931640625,468.8134460449219,0.03195050358772278,114.4093246459961,465.7174072265625,0.04889357089996338,329.7320251464844,607.0036010742188,0.023881107568740845,177.78005981445312,932.61083984375,0.08613079786300659
276,387.16119384765625,790.9933471679688,0.8973879814147949,292.6058044433594,794.3089599609375,0.7255113124847412,327.2808532714844,685.5118408203125,0.018050700426101685,430.6502990722656,788.1118774414062,0.9033685922622681,386.16680908203125,560.0437622070312,0.024735569953918457,262.41876220703125,521.7207641601562,0.036840856075286865,291.4269104003906,521.0549926757812,0.9199520349502563,451.7276916503906,422.3783874511719,0.20444801449775696,450.78216552734375,425.6424560546875,0.7492772340774536,483.89569091796875,540.5993041992188,0.0934675931930542,486.88348388671875,514.7723999023438,0.02190268039703369,112.18885040283203,468.0348815917969,0.03119298815727234,114.19815826416016,465.3755187988281,0.05730119347572327,330.5237731933594,606.5885620117188,0.03090783953666687,177.4985809326172,932.529541015625,0.06761690974235535
277,387.6579284667969,790.5457763671875,0.8924388885498047,292.7304992675781,794.2852783203125,0.6946566700935364,327.8962707519531,689.9580688476562,0.02049994468688965,430.65838623046875,787.5176391601562,0.9058318734169006,208.6272430419922,792.5830688476562,0.0202006995677948,262.1800231933594,521.7938842773438,0.04635101556777954,292.2485656738281,520.3842163085938,0.9156384468078613,452.3900146484375,421.82958984375,0.20327603816986084,452.424560546875,423.5754089355469,0.7623550891876221,484.33258056640625,539.4092407226562,0.08020925521850586,486.7689208984375,514.8421020507812,0.02840372920036316,114.81502532958984,463.6357116699219,0.04258236289024353,114.64764404296875,466.0975646972656,0.047508180141448975,330.3889465332031,606.4107055664062,0.04039275646209717,179.01364135742188,932.4132690429688,0.07819274067878723
278,386.8457946777344,789.8756713867188,0.917228102684021,288.1640930175781,793.493896484375,0.7576342225074768,326.6400451660156,684.8478393554688,0.022701114416122437,431.8567810058594,787.2045288085938,0.9115314483642578,207.47222900390625,792.5421752929688,0.027198702096939087,270.7124328613281,516.4017333984375,0.030375510454177856,292.185546875,519.9708862304688,0.9308156967163086,452.4134826660156,421.2623596191406,0.19603615999221802,452.702880859375,422.92083740234375,0.78751540184021,483.91717529296875,539.4002075195312,0.10081353783607483,486.4449768066406,515.8368530273438,0.02799859642982483,112.35562133789062,468.47393798828125,0.056245505809783936,114.69046783447266,466.2122497558594,0.061086952686309814,330.6690368652344,606.7374877929688,0.03935140371322632,178.6601104736328,932.4644775390625,0.08579668402671814
279,387.0608825683594,789.3641967773438,0.9247559309005737,288.3030700683594,792.7275390625,0.7490217089653015,327.95086669921875,689.6007690429688,0.04003700613975525,431.9434814453125,786.028076171875,0.9264770746231079,386.59063720703125,560.3118896484375,0.02225634455680847,262.71417236328125,520.970947265625,0.030945688486099243,291.8044128417969,519.7141723632812,0.9355658888816833,453.0675048828125,420.5015563964844,0.20261111855506897,453.8477783203125,422.2917785644531,0.7936264276504517,482.1568908691406,532.8851928710938,0.09763652086257935,487.3581237792969,514.7759399414062,0.030072540044784546,114.46590423583984,463.49932861328125,0.06863144040107727,115.5086441040039,464.58843994140625,0.05081334710121155,329.1875305175781,606.9168701171875,0.022600293159484863,179.1626739501953,931.3875122070312,0.09770989418029785
280,386.54840087890625,789.0420532226562,0.9232116937637329,287.79083251953125,792.4796752929688,0.728397011756897,326.83233642578125,684.9557495117188,0.03877830505371094,432.0863952636719,785.9513549804688,0.9139683246612549,208.96238708496094,785.3767700195312,0.019611626863479614,263.2342224121094,517.581787109375,0.031055539846420288,292.0226135253906,519.8331909179688,0.9310657978057861,453.1223449707031,420.35345458984375,0.20927295088768005,454.0376892089844,422.1333923339844,0.8009430170059204,482.4291076660156,532.6559448242188,0.0917578935623169,487.3255920410156,514.576904296875,0.03170648217201233,114.37124633789062,462.57269287109375,0.058347880840301514,115.03778076171875,466.14013671875,0.06274721026420593,329.6090087890625,606.5944213867188,0.041534096002578735,179.33116149902344,930.7581787109375,0.11582112312316895
281,386.7618103027344,788.3423461914062,0.9415774345397949,287.910400390625,792.2987060546875,0.7607247829437256,326.0543518066406,689.0550537109375,0.022987663745880127,431.5581970214844,785.6420288085938,0.9357519149780273,364.64874267578125,651.0515747070312,0.024440407752990723,269.6742248535156,516.2993774414062,0.029448509216308594,292.05419921875,519.1854858398438,0.9463308453559875,452.1330261230469,419.5305480957031,0.2684818506240845,453.0058898925781,421.2246398925781,0.7967935800552368,481.52337646484375,532.9956665039062,0.08622369170188904,486.25958251953125,515.2742309570312,0.02318325638771057,114.09417724609375,462.4078063964844,0.0814492404460907,115.32624053955078,466.18145751953125,0.10433754324913025,330.5036926269531,605.5125122070312,0.05103042721748352,178.71157836914062,930.7166748046875,0.11620169878005981
282,385.9370422363281,787.9707641601562,0.9424686431884766,287.9595947265625,791.9490966796875,0.7365371584892273,428.6552429199219,743.6366577148438,0.024623841047286987,431.479736328125,785.6751708984375,0.9374475479125977,210.7461700439453,771.5573120117188,0.02442687749862671,263.937744140625,516.83447265625,0.03447869420051575,291.9280090332031,519.2655639648438,0.947853684425354,452.1286926269531,419.18328857421875,0.2634531259536743,452.92681884765625,420.99700927734375,0.7975340485572815,483.154052734375,533.3187866210938,0.0759325921535492,488.1529846191406,534.443359375,0.031545162200927734,114.12496185302734,461.5982971191406,0.09213393926620483,114.97612762451172,465.4747009277344,0.10419720411300659,330.66583251953125,606.0203857421875,0.07133716344833374,178.2999267578125,930.4917602539062,0.1173873245716095
283,386.0454406738281,787.7476196289062,0.941148042678833,287.32916259765625,792.4921875,0.738555371761322,324.2912902832031,684.6802978515625,0.025501281023025513,431.384521484375,785.7128295898438,0.9376384019851685,210.5635986328125,771.6541137695312,0.024918556213378906,263.8455810546875,516.948974609375,0.03165796399116516,291.7689514160156,519.22265625,0.9437092542648315,452.3156433105469,419.24530029296875,0.2847682237625122,453.063232421875,420.93096923828125,0.7882457971572876,481.5955810546875,532.5125122070312,0.0740298330783844,482.13916015625,515.5996704101562,0.02854853868484497,114.29345703125,462.1805114746094,0.07136133313179016,115.2511215209961,465.967041015625,0.09164562821388245,330.7078857421875,605.9603881835938,0.07521131634712219,178.1610107421875,930.3595581054688,0.1218869686126709
284,385.8966064453125,787.8795166015625,0.9432256817817688,287.5111083984375,792.5426025390625,0.7503581047058105,324.0051574707031,685.033203125,0.027854323387145996,431.1977844238281,785.9539794921875,0.9409619569778442,208.14208984375,784.9142456054688,0.026438921689987183,263.98236083984375,516.7756958007812,0.03683602809906006,292.1712951660156,519.1019897460938,0.9534379839897156,452.37127685546875,419.0966491699219,0.22799646854400635,453.1829833984375,420.8726806640625,0.7962912917137146,481.6121826171875,532.6945190429688,0.08004522323608398,487.58050537109375,533.955810546875,0.0331287682056427,114.0847396850586,461.6151428222656,0.084113210439682,114.89265441894531,465.5624084472656,0.12218379974365234,330.437744140625,606.2821044921875,0.06741684675216675,178.3822784423828,930.4437255859375,0.14122694730758667
285,385.27349853515625,787.2763671875,0.9528390169143677,287.7388916015625,793.1784057617188,0.7440921664237976,325.029052734375,689.0850830078125,0.01722663640975952,430.0932922363281,786.0752563476562,0.9426653981208801,206.8840789794922,785.0524291992188,0.02949005365371704,263.5391540527344,516.7992553710938,0.03047606348991394,292.35345458984375,519.2567749023438,0.9525272250175476,452.1405334472656,418.85296630859375,0.23296517133712769,452.7610778808594,420.7145080566406,0.813101053237915,482.7640075683594,533.6871948242188,0.06474065780639648,487.3045959472656,533.8333740234375,0.03106766939163208,113.84916687011719,461.72930908203125,0.08035832643508911,114.52204895019531,465.747802734375,0.07963261008262634,328.84716796875,606.7538452148438,0.04249858856201172,173.12094116210938,927.086669921875,0.12353017926216125
286,385.67572021484375,787.2090454101562,0.9496991634368896,287.2496032714844,792.71142578125,0.6971698999404907,325.5743408203125,689.2197875976562,0.02064499258995056,431.0758972167969,786.215087890625,0.942146897315979,364.7923278808594,651.3338623046875,0.03153279423713684,263.4998779296875,517.1912231445312,0.02616196870803833,292.4205627441406,519.4323120117188,0.9492361545562744,452.4542541503906,418.6744384765625,0.22931382060050964,453.1303405761719,420.5166931152344,0.8060644865036011,481.04339599609375,532.3806762695312,0.06365087628364563,481.98126220703125,514.542724609375,0.029049664735794067,114.79576873779297,462.07501220703125,0.052545636892318726,115.4166488647461,465.7518005371094,0.05985251069068909,330.9982604980469,605.9450073242188,0.08508411049842834,175.74066162109375,929.8614501953125,0.14175179600715637
287,385.5469970703125,787.2203369140625,0.9473426938056946,286.7037658691406,792.4910888671875,0.7421031594276428,429.2231140136719,743.3059692382812,0.018000096082687378,430.6848449707031,786.1381225585938,0.9398635029792786,209.10406494140625,771.5593872070312,0.03587615489959717,263.56488037109375,517.0958862304688,0.029637038707733154,292.4555969238281,519.1590576171875,0.9442077875137329,451.98834228515625,418.89520263671875,0.2500389814376831,452.6111145019531,420.6899108886719,0.7993245124816895,480.8138427734375,532.7222290039062,0.05396926403045654,482.0660705566406,514.8777465820312,0.02816978096961975,114.15971374511719,461.56195068359375,0.08758464455604553,114.51009368896484,465.66668701171875,0.07951381802558899,329.96417236328125,606.3156127929688,0.06265804171562195,173.11215209960938,926.9066162109375,0.11392498016357422
288,384.96484375,787.652587890625,0.9488673210144043,286.8432312011719,792.567626953125,0.7561656832695007,320.9557800292969,684.9280395507812,0.015535742044448853,430.38800048828125,786.2154541015625,0.940991997718811,206.7279052734375,785.0177612304688,0.03431549668312073,264.174072265625,517.0097045898438,0.03394928574562073,291.2342529296875,519.447998046875,0.951727032661438,451.1151428222656,419.3368225097656,0.2528253197669983,451.82318115234375,421.2334899902344,0.8023675680160522,480.86907958984375,533.852294921875,0.0630502700805664,486.9448547363281,533.9419555664062,0.026224136352539062,112.73517608642578,464.2807922363281,0.10087963938713074,113.892578125,466.0192565917969,0.112942636013031,329.8332824707031,606.2958374023438,0.02664974331855774,172.7681121826172,927.30712890625,0.1285097301006317
289,384.65850830078125,787.39599609375,0.9483882188796997,286.8392333984375,792.7304077148438,0.7575929760932922,428.9229431152344,740.5148315429688,0.013755232095718384,430.0791931152344,786.1766967773438,0.9477682113647461,206.22811889648438,785.1278076171875,0.039323508739471436,263.8372802734375,516.9476928710938,0.02555367350578308,291.2695007324219,519.2771606445312,0.9509328603744507,451.4209899902344,418.6522216796875,0.27365919947624207,451.87457275390625,420.4744873046875,0.8182704448699951,480.554931640625,533.41357421875,0.055605143308639526,482.028564453125,515.439453125,0.021693110466003418,112.60725402832031,463.9941711425781,0.05558463931083679,113.82112884521484,465.82598876953125,0.07939109206199646,328.30816650390625,606.375732421875,0.04153776168823242,172.5401153564453,927.0564575195312,0.1364947259426117
290,383.9566650390625,787.8743286132812,0.9455090761184692,287.1439208984375,793.0450439453125,0.7780753970146179,320.10028076171875,685.3369750976562,0.03507998585700989,429.4473876953125,785.8026123046875,0.9404060244560242,206.55751037597656,785.2656860351562,0.032115399837493896,263.9246520996094,516.9962158203125,0.03556373715400696,289.849609375,520.0083618164062,0.9433419704437256,450.2196350097656,419.0775146484375,0.32096797227859497,450.3558654785156,420.7223815917969,0.8003631830215454,466.62890625,537.1787109375,0.06307163834571838,487.2663879394531,533.7299194335938,0.017154783010482788,112.33837127685547,464.0500183105469,0.070884108543396,113.40946960449219,465.74560546875,0.08468058705329895,327.0638732910156,606.4876098632812,0.019445985555648804,172.70181274414062,927.5670776367188,0.12273743748664856
291,383.86590576171875,788.130126953125,0.9441017508506775,287.07318115234375,793.00732421875,0.7803953886032104,319.3291015625,686.2022705078125,0.032211124897003174,429.3988952636719,786.3895263671875,0.9441945552825928,206.0460662841797,785.3706665039062,0.04883378744125366,263.86322021484375,516.946044921875,0.03652238845825195,290.2648620605469,519.7371215820312,0.9529471397399902,450.4185791015625,419.1363830566406,0.212499737739563,450.2720642089844,421.13677978515625,0.8275036811828613,480.68414306640625,539.645751953125,0.05495631694793701,481.6806640625,515.0133666992188,0.013713598251342773,112.19991302490234,463.8416442871094,0.08260029554367065,113.16665649414062,465.4945373535156,0.08093762397766113,327.3034973144531,606.4421997070312,0.030630767345428467,171.73687744140625,927.943603515625,0.10652947425842285
292,384.55908203125,788.3599243164062,0.9446375966072083,287.0546875,793.2095947265625,0.7557004690170288,320.9635314941406,685.6184692382812,0.027576953172683716,429.78485107421875,786.3318481445312,0.9311901330947876,206.4100799560547,785.0798950195312,0.037472695112228394,264.3713073730469,516.5517578125,0.030489802360534668,289.9277648925781,519.3616333007812,0.9484094381332397,451.0472717285156,418.7056884765625,0.2721424102783203,451.4037170410156,420.3913269042969,0.8002511262893677,480.6353454589844,534.1680908203125,0.059883683919906616,487.4996032714844,533.8798828125,0.01704174280166626,112.25636291503906,463.6543884277344,0.06457623839378357,113.2383804321289,465.4595947265625,0.06807386875152588,327.8759460449219,606.5057373046875,0.029993265867233276,171.82101440429688,927.8442993164062,0.10569670796394348
293,384.052734375,789.1309814453125,0.9339690804481506,287.17523193359375,793.6703491210938,0.7684909105300903,321.59747314453125,685.9988403320312,0.019124627113342285,430.501953125,786.6759033203125,0.9419475793838501,205.82366943359375,785.2529296875,0.04907718300819397,263.5940246582031,517.4995727539062,0.043746769428253174,289.47149658203125,519.7485961914062,0.9568296670913696,447.5323486328125,420.7755432128906,0.20369431376457214,450.342041015625,421.88037109375,0.8497909307479858,474.0763854980469,539.3944702148438,0.07607945799827576,426.8392639160156,906.4439697265625,0.013098210096359253,112.38040161132812,464.57391357421875,0.06718248128890991,113.51203918457031,466.254638671875,0.0686856210231781,327.4950256347656,606.9697265625,0.018033981323242188,176.4161376953125,931.8925170898438,0.08627024292945862
294,384.3116455078125,790.0653686523438,0.9190102815628052,287.360107421875,793.8947143554688,0.7703815698623657,321.80029296875,686.2579956054688,0.02594006061553955,430.4324035644531,786.9216918945312,0.9387389421463013,207.85748291015625,778.1939086914062,0.04716530442237854,263.7743835449219,517.3344116210938,0.03324660658836365,290.4455261230469,519.78857421875,0.952679455280304,450.94207763671875,420.2082824707031,0.20533078908920288,451.109619140625,422.1087646484375,0.8356540203094482,473.8643798828125,540.2542724609375,0.06397294998168945,426.3087463378906,906.9974975585938,0.015247613191604614,113.85906219482422,462.1103210449219,0.06792321801185608,113.7186050415039,466.21240234375,0.061043620109558105,328.2384338378906,606.8779296875,0.014181822538375854,176.4561004638672,931.8049926757812,0.09243500232696533
295,385.13690185546875,788.3165283203125,0.9474146366119385,288.32684326171875,793.603515625,0.7741559743881226,325.3345642089844,690.1090087890625,0.0216519832611084,430.5111999511719,786.8541870117188,0.9392683506011963,207.51747131347656,784.8359375,0.025520890951156616,263.90399169921875,517.1820678710938,0.033617258071899414,290.9779357910156,519.1033325195312,0.946465253829956,452.0352478027344,419.20892333984375,0.2692737579345703,452.7371520996094,420.9280700683594,0.7930327653884888,481.7213134765625,534.0402221679688,0.0865878164768219,486.5703430175781,521.2350463867188,0.01860678195953369,112.79573822021484,464.1583557128906,0.0827680230140686,113.86351776123047,465.8076477050781,0.08620163798332214,328.7191162109375,606.4657592773438,0.05920472741127014,177.5392608642578,931.2962646484375,0.12545186281204224
296,384.6512145996094,788.6932983398438,0.9374996423721313,287.625732421875,794.2362670898438,0.79229736328125,325.595947265625,689.9027099609375,0.029885321855545044,430.4447937011719,787.5851440429688,0.936922550201416,207.82371520996094,784.9415283203125,0.0316653847694397,262.807861328125,517.568115234375,0.01992151141166687,290.6431884765625,519.9370727539062,0.9399116039276123,451.9316101074219,420.3995666503906,0.22123095393180847,452.3009033203125,422.08526611328125,0.7861111760139465,484.01361083984375,540.55517578125,0.07614988088607788,112.98693084716797,460.9798278808594,0.015874594449996948,113.99620819091797,462.5469970703125,0.06386524438858032,114.18534851074219,465.90533447265625,0.06024256348609924,329.74005126953125,606.6913452148438,0.04399678111076355,177.0248260498047,931.690185546875,0.11282891035079956
297,384.9624328613281,790.1466674804688,0.9310276508331299,291.2476501464844,794.5379028320312,0.7790656089782715,323.2235412597656,686.35791015625,0.0195581316947937,429.0860595703125,788.9417724609375,0.9278324246406555,206.16786193847656,792.571533203125,0.03570789098739624,262.0137023925781,521.2139282226562,0.026366353034973145,290.26043701171875,520.35498046875,0.9351065754890442,451.8791809082031,422.2327575683594,0.2449324131011963,451.91693115234375,424.1199645996094,0.7692846059799194,474.8643798828125,540.7061157226562,0.09133067727088928,482.2705078125,514.807373046875,0.01560288667678833,114.20742797851562,462.62158203125,0.03727957606315613,114.29698181152344,466.0328369140625,0.03982669115066528,328.9386291503906,606.6073608398438,0.024714410305023193,177.7884063720703,932.326904296875,0.11094832420349121
298,385.7154846191406,790.0047607421875,0.9160764217376709,292.1316833496094,793.6407470703125,0.7871662378311157,325.9489440917969,690.187255859375,0.026906609535217285,431.1939392089844,787.8967895507812,0.9212063550949097,386.67169189453125,560.834716796875,0.023665517568588257,261.9878845214844,520.9794921875,0.023134082555770874,291.23162841796875,519.968017578125,0.9288660287857056,452.8184509277344,421.4226379394531,0.2168143391609192,453.28106689453125,423.1623229980469,0.8099546432495117,484.0867614746094,539.8923950195312,0.150358647108078,486.2942199707031,514.7704467773438,0.023732095956802368,114.48556518554688,462.544921875,0.06762105226516724,114.67630004882812,466.0323181152344,0.04152056574821472,330.7859191894531,605.997802734375,0.05334728956222534,178.2349090576172,931.7649536132812,0.13034263253211975
299,386.0838317871094,789.2590942382812,0.9225695133209229,288.29364013671875,792.837646484375,0.7706286907196045,327.0897216796875,690.192138671875,0.03632020950317383,429.6376037597656,787.9600830078125,0.9274717569351196,386.6940002441406,560.631103515625,0.019766420125961304,261.62042236328125,521.2499389648438,0.027543962001800537,291.6869812011719,519.1657104492188,0.9249622821807861,453.4152526855469,421.1166687011719,0.19908452033996582,453.91412353515625,422.8670654296875,0.8153924345970154,484.5143737792969,539.6954956054688,0.0870877206325531,487.0859069824219,514.3228149414062,0.027763962745666504,114.82787322998047,462.96868896484375,0.057989656925201416,115.85842895507812,463.7525939941406,0.027194440364837646,331.4906921386719,605.6904296875,0.034232139587402344,178.49295043945312,931.88037109375,0.11554059386253357
300,385.29180908203125,790.3099365234375,0.9311349987983704,291.4903564453125,794.1717529296875,0.7857097387313843,323.0331726074219,685.8121337890625,0.022152423858642578,431.58526611328125,788.4539794921875,0.9258374571800232,208.71368408203125,785.10791015625,0.0340636670589447,261.898681640625,521.9571533203125,0.02756941318511963,290.8369140625,520.5467529296875,0.92840576171875,452.6419982910156,422.30389404296875,0.20239132642745972,452.5277404785156,424.10064697265625,0.7882465124130249,484.1744384765625,540.9669799804688,0.12518182396888733,487.8274841308594,540.649658203125,0.020267516374588013,114.54399108886719,462.7723083496094,0.03176775574684143,114.5643081665039,466.0970458984375,0.02929648756980896,330.61883544921875,606.6234130859375,0.027212440967559814,177.66676330566406,932.2496948242188,0.11590614914894104
301,385.8854675292969,789.2394409179688,0.9262715578079224,288.3421630859375,792.9909057617188,0.7829194068908691,326.904296875,690.0106201171875,0.028875648975372314,429.5176696777344,788.19921875,0.9249709844589233,211.40721130371094,763.5205688476562,0.026645392179489136,261.9405517578125,520.6793823242188,0.03234270215034485,291.15728759765625,519.27197265625,0.933341920375824,453.4510498046875,420.9957275390625,0.17041438817977905,453.9103698730469,422.69500732421875,0.8262972831726074,484.3354187011719,539.8300170898438,0.119017094373703,486.6555480957031,514.2083129882812,0.025451362133026123,114.70110321044922,462.8835754394531,0.053720563650131226,114.99801635742188,466.14642333984375,0.02443644404411316,330.7668151855469,606.1038208007812,0.03776976466178894,178.93722534179688,931.3892822265625,0.16114509105682373
302,386.31451416015625,790.068359375,0.9161428809165955,292.1122131347656,793.2708740234375,0.8006570339202881,324.7008361816406,685.7813110351562,0.02324056625366211,429.99749755859375,788.37109375,0.9202694296836853,210.1629638671875,785.7280883789062,0.02258405089378357,262.5110168457031,521.693115234375,0.049978166818618774,292.0552673339844,519.6538696289062,0.9460552334785461,453.3927307128906,421.88653564453125,0.18621358275413513,453.6557922363281,423.5887756347656,0.8005642890930176,484.3576965332031,540.0848388671875,0.15442851185798645,486.33258056640625,515.0429077148438,0.031685441732406616,113.3163833618164,469.82861328125,0.03717774152755737,115.04779052734375,466.9281311035156,0.028562039136886597,331.37091064453125,607.68701171875,0.04195842146873474,178.6316375732422,931.8921508789062,0.10847610235214233
303,385.64508056640625,790.541748046875,0.9270617365837097,292.127197265625,793.7520751953125,0.7482879757881165,324.442626953125,685.8641967773438,0.02435070276260376,429.7728271484375,789.1995239257812,0.939717173576355,209.6811065673828,785.7088623046875,0.02230188250541687,261.8113708496094,521.5670776367188,0.04190504550933838,291.01092529296875,520.2161254882812,0.943757176399231,452.94964599609375,422.5781555175781,0.19112059473991394,452.324951171875,425.8935241699219,0.8083374500274658,483.8395690917969,540.6461181640625,0.10502269864082336,486.09393310546875,514.4638671875,0.025678902864456177,112.61141204833984,469.25555419921875,0.03738000988960266,114.73499298095703,466.321044921875,0.021151691675186157,330.33624267578125,614.7565307617188,0.02543303370475769,178.20924377441406,932.1286010742188,0.10896757245063782
304,386.5469665527344,788.4947509765625,0.9418001174926758,291.8363342285156,792.1749267578125,0.7770233154296875,328.34039306640625,690.2761840820312,0.03294733166694641,429.89166259765625,788.3051147460938,0.9293637275695801,212.2147674560547,763.3243408203125,0.027825862169265747,270.4902038574219,516.139404296875,0.03228813409805298,291.93817138671875,518.4405517578125,0.9375269412994385,453.7837219238281,420.7712097167969,0.208166241645813,454.3571472167969,422.62774658203125,0.8081008195877075,484.70703125,539.3942260742188,0.1490045189857483,487.3409423828125,514.62060546875,0.02774888277053833,115.57200622558594,463.518798828125,0.04235300421714783,116.40777587890625,464.6341247558594,0.021914303302764893,331.3467712402344,613.5502319335938,0.06627285480499268,179.0436553955078,930.660888671875,0.1447928547859192
305,387.4715270996094,785.978759765625,0.9598568081855774,292.0287170410156,791.0145874023438,0.7750930190086365,328.82757568359375,689.8582763671875,0.035428792238235474,431.2709045410156,785.4591064453125,0.9274345636367798,364.6411437988281,651.0879516601562,0.02604508399963379,270.0064392089844,515.458251953125,0.027674555778503418,291.4725036621094,517.7902221679688,0.9374477863311768,453.06195068359375,420.0957336425781,0.22195377945899963,453.6186218261719,421.6715087890625,0.8093523383140564,484.1852111816406,539.5825805664062,0.13028699159622192,488.24285888671875,539.9934692382812,0.01907449960708618,115.52995300292969,463.2379150390625,0.024029940366744995,115.48197174072266,466.6318054199219,0.03163635730743408,331.2353515625,613.2311401367188,0.07035601139068604,177.77777099609375,929.1609497070312,0.10958138108253479
306,387.5030517578125,786.1209106445312,0.9550957679748535,291.8667297363281,790.6401977539062,0.7739630937576294,329.30230712890625,689.9362182617188,0.03986898064613342,430.9571533203125,785.7918701171875,0.9313114881515503,365.0640869140625,651.7637329101562,0.026368558406829834,270.43096923828125,515.2671508789062,0.026167869567871094,291.8480224609375,517.2136840820312,0.9474458694458008,453.1671447753906,419.8042297363281,0.19584470987319946,453.6594543457031,421.39630126953125,0.8023052215576172,484.3105163574219,539.3053588867188,0.14166539907455444,488.15020751953125,539.7146606445312,0.02864938974380493,115.6372299194336,463.05035400390625,0.026418864727020264,115.50963592529297,466.4427795410156,0.03326818346977234,330.5566101074219,612.5753173828125,0.07684507966041565,177.57156372070312,929.2833251953125,0.1388424038887024
307,387.43939208984375,786.132568359375,0.9500980377197266,288.62225341796875,791.4474487304688,0.7615081071853638,324.84490966796875,685.4252319335938,0.03528106212615967,431.21551513671875,785.6883544921875,0.936738133430481,206.66810607910156,791.4935913085938,0.026942133903503418,270.4120788574219,515.4646606445312,0.02812209725379944,291.79644775390625,518.1303100585938,0.9373141527175903,453.4079895019531,420.5848388671875,0.18817079067230225,453.8697509765625,422.38287353515625,0.8309615850448608,484.76702880859375,539.68310546875,0.14055407047271729,487.83984375,514.4703979492188,0.024149984121322632,115.7657470703125,463.075927734375,0.030182182788848877,116.45569610595703,464.2029113769531,0.0195448100566864,330.9598388671875,613.23046875,0.0493546724319458,177.7997589111328,929.7042846679688,0.12648627161979675
308,386.69085693359375,787.5032348632812,0.943215012550354,288.2573547363281,791.8095092773438,0.7624216675758362,324.868896484375,685.68212890625,0.03174296021461487,431.30706787109375,786.0955200195312,0.9354724884033203,208.73716735839844,785.52099609375,0.029941290616989136,270.937255859375,515.6275024414062,0.024093657732009888,292.2376403808594,518.1795043945312,0.9467383027076721,453.2229919433594,421.33953857421875,0.19144761562347412,453.40533447265625,423.29638671875,0.8184642791748047,484.78131103515625,539.6546630859375,0.12945353984832764,488.0973205566406,514.3370361328125,0.023415982723236084,116.35652160644531,463.5538330078125,0.03231626749038696,117.03759002685547,464.64996337890625,0.020960301160812378,331.4266662597656,613.5505981445312,0.04918035864830017,177.5869140625,930.0721435546875,0.12435099482536316
309,386.7657775878906,787.7899169921875,0.9427182674407959,288.205322265625,791.5208129882812,0.7568467259407043,328.5145568847656,689.7122192382812,0.0359119176864624,431.20916748046875,786.5162353515625,0.9414417743682861,364.587158203125,650.4381713867188,0.0359155535697937,270.9981994628906,515.858154296875,0.028579533100128174,292.4137878417969,518.5729370117188,0.9415104389190674,453.535400390625,421.4235534667969,0.1967703104019165,453.8836364746094,423.02972412109375,0.7943899631500244,484.44189453125,539.8938598632812,0.10355609655380249,488.51190185546875,540.7750244140625,0.026455342769622803,116.67796325683594,463.6715087890625,0.03273200988769531,117.45732116699219,464.6611328125,0.021457523107528687,332.05963134765625,613.6886596679688,0.05452659726142883,178.41201782226562,930.1071166992188,0.12084648013114929
310,385.8642578125,788.1298217773438,0.9323422908782959,288.0527038574219,792.2576293945312,0.7495749592781067,327.0440673828125,690.3702392578125,0.041682690382003784,431.308349609375,786.8409423828125,0.9335086941719055,209.3114013671875,784.9935302734375,0.02948969602584839,270.4561462402344,515.9027709960938,0.02870658040046692,291.7158203125,518.6893920898438,0.9401671886444092,453.4496765136719,421.54473876953125,0.19638577103614807,453.81378173828125,423.00384521484375,0.7858371734619141,484.74053955078125,540.2114868164062,0.10504487156867981,487.8658447265625,514.549560546875,0.02421662211418152,115.92326354980469,463.2447814941406,0.051571667194366455,116.76953887939453,464.1789245605469,0.026895493268966675,331.5035095214844,613.0177001953125,0.0647318959236145,178.4303436279297,930.126953125,0.16180753707885742
311,386.6270751953125,787.5231323242188,0.9413639307022095,291.8084411621094,791.1624755859375,0.7247090339660645,328.30810546875,689.5032958984375,0.042621344327926636,430.9754943847656,785.7435302734375,0.9389142394065857,208.53057861328125,785.7901611328125,0.032845497131347656,270.6851501464844,515.6062622070312,0.03500717878341675,292.38818359375,518.00537109375,0.9408996105194092,453.3199462890625,421.3172912597656,0.21156886219978333,453.61053466796875,422.8487548828125,0.7818571329116821,484.2709045410156,539.5740356445312,0.12023243308067322,487.8542175292969,514.550048828125,0.02083367109298706,116.66487121582031,463.534423828125,0.012066036462783813,115.67529296875,466.74713134765625,0.012086570262908936,332.05987548828125,605.2091064453125,0.07779130339622498,177.98712158203125,929.8561401367188,0.14961904287338257
312,387.1661071777344,786.3397216796875,0.9522191286087036,291.8262939453125,790.962158203125,0.7220227718353271,327.5888366699219,689.0121459960938,0.05002933740615845,431.0347900390625,785.5965576171875,0.9433912038803101,206.4800567626953,792.1163940429688,0.026832252740859985,271.03656005859375,515.8378295898438,0.029477715492248535,291.84136962890625,518.4948120117188,0.9467387199401855,453.3713684082031,420.0406494140625,0.18734139204025269,454.0907897949219,421.5237731933594,0.8051835894584656,484.7014465332031,539.7194213867188,0.11060073971748352,488.401123046875,540.7960205078125,0.026104241609573364,116.05789184570312,463.0177917480469,0.01387372612953186,115.32667541503906,466.1755065917969,0.01666921377182007,331.2776794433594,605.3031005859375,0.0996147096157074,177.90756225585938,928.8590087890625,0.1282687485218048
313,386.20367431640625,787.4871826171875,0.9451957941055298,288.1536865234375,792.171630859375,0.7401069402694702,327.3740539550781,689.5159301757812,0.0465753972530365,431.2037048339844,785.7811279296875,0.9470425248146057,207.96426391601562,785.2705688476562,0.02732217311859131,271.12384033203125,515.5946044921875,0.03249523043632507,291.6490173339844,518.2753295898438,0.9397158622741699,453.75146484375,420.11859130859375,0.20039495825767517,454.39642333984375,421.37628173828125,0.7887706756591797,482.3901062011719,532.6357421875,0.10727357864379883,487.3490905761719,513.8297729492188,0.022064119577407837,115.61555480957031,463.0799560546875,0.019431978464126587,115.49644470214844,466.1845703125,0.021385103464126587,331.6907043457031,605.3201904296875,0.1210288405418396,177.55517578125,929.37060546875,0.1283005177974701
314,387.41448974609375,786.4937133789062,0.9418619871139526,288.8033752441406,792.3646240234375,0.7165970802307129,328.2977600097656,689.6757202148438,0.033691346645355225,431.658447265625,785.7744140625,0.9407219290733337,208.43496704101562,785.4982299804688,0.03567385673522949,270.91827392578125,515.7098999023438,0.03252479434013367,291.3426208496094,518.4296875,0.9351807832717896,454.01275634765625,420.32928466796875,0.19241631031036377,454.666015625,421.646240234375,0.7911171913146973,482.2091064453125,532.8538818359375,0.10646504163742065,487.44268798828125,514.0977783203125,0.02605980634689331,115.6333999633789,463.1155700683594,0.019215136766433716,115.48258972167969,466.1539611816406,0.016262948513031006,332.06707763671875,605.1636352539062,0.09635606408119202,178.0763702392578,929.7732543945312,0.14895009994506836
315,387.39837646484375,786.7242431640625,0.9338338375091553,288.5293273925781,791.7703857421875,0.7096080780029297,328.2530212402344,689.4803466796875,0.04773649573326111,431.67138671875,785.7015991210938,0.9296427965164185,206.80538940429688,791.9397583007812,0.02555742859840393,270.57568359375,515.8357543945312,0.037291377782821655,291.3022155761719,518.7223510742188,0.9352779984474182,454.0464782714844,420.1167907714844,0.17387670278549194,454.69268798828125,421.7105712890625,0.7924346327781677,484.5757751464844,539.233642578125,0.09822872281074524,487.6148376464844,513.9293823242188,0.0247439444065094,115.66034698486328,463.0777587890625,0.021382659673690796,115.34825897216797,466.17376708984375,0.012873858213424683,331.1189880371094,612.4598999023438,0.096213698387146,178.24705505371094,929.7966918945312,0.13328620791435242
316,387.0968322753906,788.3836059570312,0.9339818954467773,288.615478515625,791.1935424804688,0.7233585119247437,328.4821472167969,689.9441528320312,0.0581897497177124,431.837158203125,785.9097290039062,0.9326838254928589,209.21441650390625,785.2685546875,0.02571156620979309,270.9252624511719,515.8346557617188,0.033186525106430054,291.5597229003906,518.4112548828125,0.9379864931106567,455.7184753417969,419.6940002441406,0.13962659239768982,454.6842041015625,422.2629699707031,0.8016007542610168,484.5657043457031,539.0863647460938,0.11789968609809875,488.1418762207031,514.0092163085938,0.02030816674232483,116.38835144042969,463.32550048828125,0.012673676013946533,115.37982940673828,466.4674072265625,0.010085105895996094,331.26080322265625,612.3054809570312,0.09709453582763672,178.5404052734375,930.3461303710938,0.14748471975326538
317,387.39447021484375,789.0037841796875,0.9292078018188477,288.6776123046875,792.29248046875,0.7303946614265442,328.1846923828125,690.6864624023438,0.0481991171836853,432.17596435546875,786.90966796875,0.9285386800765991,363.84197998046875,650.61962890625,0.04035162925720215,277.45111083984375,515.6173706054688,0.050085991621017456,292.10601806640625,518.4828491210938,0.9404817819595337,453.57171630859375,421.4334411621094,0.15936556458473206,454.052978515625,423.182373046875,0.7816133499145508,484.22882080078125,539.5159301757812,0.11196118593215942,488.13348388671875,514.1126098632812,0.021585464477539062,116.12667083740234,463.72344970703125,0.022153735160827637,116.94772338867188,464.64501953125,0.015160053968429565,332.26043701171875,605.9472045898438,0.06621101498603821,178.3259735107422,930.416259765625,0.11112111806869507
318,387.10235595703125,789.1590576171875,0.9333956837654114,292.9049072265625,792.43896484375,0.7374097108840942,327.80609130859375,690.6373291015625,0.04536959528923035,432.1490783691406,787.1709594726562,0.9311453104019165,210.01889038085938,785.5797119140625,0.03395134210586548,277.5765686035156,515.63916015625,0.04702264070510864,292.2349853515625,518.1780395507812,0.9318784475326538,455.2319030761719,420.61492919921875,0.16978690028190613,454.3105773925781,423.070068359375,0.7776356935501099,483.8955078125,539.6731567382812,0.11963397264480591,488.3258056640625,539.9625854492188,0.023238658905029297,115.9642105102539,463.7954406738281,0.018681377172470093,116.8349609375,464.6341552734375,0.012775689363479614,331.3691101074219,607.3764038085938,0.057781606912612915,178.85678100585938,930.5655517578125,0.14248070120811462
319,387.4527587890625,789.5812377929688,0.9285181760787964,292.07977294921875,791.637939453125,0.7675033807754517,328.7927551269531,691.0001831054688,0.06672036647796631,432.0182189941406,787.0733642578125,0.9217106103897095,210.3466339111328,785.3974609375,0.03151869773864746,271.659423828125,515.9622192382812,0.03878965973854065,292.2254638671875,518.3050537109375,0.9280428886413574,454.9895324707031,420.64959716796875,0.16934993863105774,453.952392578125,423.2505187988281,0.7730496525764465,484.25897216796875,539.9459838867188,0.120606929063797,488.5600280761719,540.3068237304688,0.02572929859161377,458.5975036621094,542.8088989257812,0.014322608709335327,117.01628112792969,464.79351806640625,0.010509282350540161,331.3061218261719,606.6906127929688,0.06076285243034363,179.13497924804688,930.6787719726562,0.123099684715271
320,387.7756042480469,789.01806640625,0.9377822875976562,291.97198486328125,791.5015869140625,0.7491892576217651,329.34429931640625,691.3433837890625,0.06977564096450806,430.98663330078125,788.0388793945312,0.9293858408927917,210.4454345703125,785.2332153320312,0.030075103044509888,271.8238525390625,515.7006225585938,0.029580026865005493,292.9299011230469,518.5087280273438,0.9382540583610535,453.95770263671875,421.3361511230469,0.17148646712303162,454.0290222167969,423.20086669921875,0.7783523797988892,485.0516052246094,539.9844360351562,0.10830911993980408,488.63812255859375,540.25732421875,0.03291919827461243,116.88448333740234,464.27398681640625,0.011545240879058838,117.610595703125,465.0686340332031,0.014394670724868774,331.9505920410156,613.8502807617188,0.05606481432914734,178.9838409423828,930.8978271484375,0.13610967993736267
321,387.90533447265625,789.2989501953125,0.9372704029083252,292.0849914550781,791.1163940429688,0.7546699643135071,328.8685302734375,690.9248046875,0.04846563935279846,432.39739990234375,786.932861328125,0.9178720712661743,364.8822021484375,651.1918334960938,0.039239585399627686,271.688232421875,515.8751220703125,0.03313732147216797,292.7327575683594,518.5608520507812,0.9511723518371582,455.58697509765625,420.67401123046875,0.15361830592155457,453.7843933105469,423.5050964355469,0.7576854228973389,485.2447509765625,539.96044921875,0.11760517954826355,488.5821533203125,540.1143798828125,0.031837522983551025,458.6678466796875,542.17626953125,0.009869784116744995,117.48445129394531,464.47198486328125,0.01112276315689087,331.7858581542969,613.9959106445312,0.06231957674026489,179.30056762695312,930.9244995117188,0.11990401148796082
322,387.2796325683594,790.0896606445312,0.9225292205810547,293.727783203125,793.3318481445312,0.7751984596252441,327.6717224121094,690.857177734375,0.029934465885162354,430.56768798828125,788.5739135742188,0.9235557317733765,209.94802856445312,785.3211059570312,0.030532896518707275,263.30712890625,521.9329833984375,0.046145856380462646,292.9317321777344,519.6347045898438,0.9534206390380859,453.60107421875,422.37725830078125,0.1419074833393097,453.4236145019531,424.3870544433594,0.727135181427002,484.5160217285156,539.35888671875,0.13272744417190552,487.8694152832031,539.404541015625,0.04869303107261658,116.22559356689453,463.1727294921875,0.01658254861831665,117.02425384521484,463.97015380859375,0.0144386887550354,332.3005676269531,613.4864501953125,0.08682513236999512,179.5035858154297,931.302490234375,0.09747880697250366
323,388.08758544921875,789.99365234375,0.9406864047050476,293.39666748046875,791.0996704101562,0.7695797681808472,329.6413879394531,691.8016357421875,0.04467126727104187,431.515625,788.3587646484375,0.9278639554977417,210.23606872558594,785.4815673828125,0.03133264183998108,271.5568542480469,515.7344970703125,0.030066877603530884,294.39373779296875,518.7059326171875,0.9550927877426147,455.77593994140625,421.091552734375,0.14573612809181213,452.59478759765625,425.3234558105469,0.7382444143295288,485.1708068847656,539.891357421875,0.10200551152229309,488.38720703125,540.2994995117188,0.050188034772872925,458.2381591796875,542.6340942382812,0.009788483381271362,468.8398132324219,415.97344970703125,0.005906194448471069,332.72149658203125,604.0428466796875,0.18207687139511108,179.71197509765625,930.537109375,0.11517158150672913
324,388.66650390625,789.674560546875,0.950446367263794,293.25341796875,791.6383666992188,0.7624462246894836,429.3535461425781,746.7518310546875,0.04159685969352722,432.4654541015625,786.9559936523438,0.935467541217804,364.03167724609375,650.9849243164062,0.029971808195114136,262.6268615722656,521.1895751953125,0.026050716638565063,294.3399658203125,518.9579467773438,0.9542897343635559,456.2491149902344,420.6756591796875,0.18351024389266968,452.77032470703125,425.1729431152344,0.7438117265701294,484.97076416015625,539.6250610351562,0.12424054741859436,488.1238708496094,540.08251953125,0.06203955411911011,117.45219421386719,463.3268737792969,0.009083479642868042,117.8904037475586,464.4444885253906,0.006335437297821045,333.3919982910156,604.7545776367188,0.1618136465549469,179.13693237304688,930.6248168945312,0.11294248700141907
325,388.57574462890625,790.0029296875,0.9441511631011963,293.2630310058594,790.8401489257812,0.7381348609924316,429.40826416015625,746.4253540039062,0.038830727338790894,432.6112060546875,787.3021850585938,0.9292764067649841,211.22592163085938,780.1468505859375,0.025417625904083252,271.4196472167969,516.13134765625,0.03719845414161682,294.87786865234375,519.2321166992188,0.9557863473892212,456.4551696777344,421.17730712890625,0.14584752917289734,453.0711669921875,425.67388916015625,0.7598809003829956,485.20623779296875,539.6450805664062,0.14540588855743408,488.4851379394531,539.8611450195312,0.06009379029273987,458.3269348144531,541.7571411132812,0.010086685419082642,117.95198822021484,464.296142578125,0.006265044212341309,333.4239501953125,604.1663818359375,0.21733415126800537,179.46441650390625,930.6741333007812,0.09584915637969971
326,389.83502197265625,789.6511840820312,0.9507088661193848,293.98663330078125,790.52734375,0.735295295715332,430.10748291015625,745.3134155273438,0.03590229153633118,433.32098388671875,785.8134765625,0.9307121634483337,210.57870483398438,786.6058349609375,0.032282501459121704,263.976318359375,521.6448974609375,0.04158902168273926,293.7081604003906,519.2395629882812,0.9588879346847534,456.3716125488281,420.52081298828125,0.2104981541633606,453.1443176269531,424.9905090332031,0.802937388420105,485.1249694824219,539.2685546875,0.11296796798706055,488.64422607421875,540.202880859375,0.04134640097618103,121.68065643310547,462.3226623535156,0.014766007661819458,119.2618179321289,464.75311279296875,0.007273375988006592,333.4036865234375,603.2191162109375,0.1430264711380005,179.12596130371094,930.1424560546875,0.1002565324306488
327,390.5961608886719,789.6527709960938,0.9392015933990479,297.5657958984375,790.2454833984375,0.7498899698257446,430.83038330078125,745.1483154296875,0.03365275263786316,433.7629699707031,786.006591796875,0.9352096915245056,211.2038116455078,780.6956787109375,0.02803996205329895,264.03253173828125,521.9765625,0.04429084062576294,294.2541809082031,519.3571166992188,0.9606733918190002,456.63690185546875,420.79095458984375,0.20165938138961792,453.38153076171875,425.1114807128906,0.7743448615074158,485.2377624511719,539.1138916015625,0.10106077790260315,488.91326904296875,540.163818359375,0.04399988055229187,121.58197021484375,462.5548400878906,0.030056536197662354,119.72579956054688,464.8328857421875,0.015733152627944946,334.9881591796875,603.4686279296875,0.1523715853691101,179.97628784179688,930.6027221679688,0.1503215730190277
328,391.3235778808594,790.9338989257812,0.9184282422065735,297.5113220214844,790.4284057617188,0.760640025138855,330.77642822265625,687.6705322265625,0.03716728091239929,434.0690002441406,786.6495971679688,0.9294626712799072,211.92877197265625,781.2348022460938,0.02783524990081787,263.6179504394531,522.1602783203125,0.039662331342697144,294.03997802734375,519.7735595703125,0.9464908242225647,456.8655700683594,424.1837158203125,0.16595295071601868,454.31658935546875,426.1737976074219,0.7055668830871582,485.55401611328125,539.1807250976562,0.11743742227554321,489.1572265625,539.7073974609375,0.054437458515167236,122.33808135986328,462.6400146484375,0.021151840686798096,122.45195770263672,464.1296691894531,0.011260837316513062,334.8974304199219,602.4415893554688,0.28982672095298767,179.6526336669922,930.6851806640625,0.13081219792366028
329,391.4943542480469,790.0205078125,0.9404302835464478,298.1013488769531,790.7619018554688,0.7995612025260925,431.67449951171875,745.8762817382812,0.042133718729019165,434.537353515625,786.0825805664062,0.933601975440979,211.98211669921875,780.593505859375,0.029597729444503784,264.39117431640625,521.9483642578125,0.03880351781845093,295.1300354003906,519.358642578125,0.9468094110488892,456.6960754394531,424.07574462890625,0.21622487902641296,454.3816223144531,425.88482666015625,0.7392911911010742,482.199462890625,538.874267578125,0.07984381914138794,489.1390380859375,540.4281616210938,0.03809460997581482,123.07597351074219,463.1175231933594,0.014658302068710327,123.0233383178711,464.46484375,0.011409968137741089,335.02838134765625,603.1416015625,0.146151602268219,180.3775634765625,930.4212036132812,0.13853302597999573
330,391.01318359375,787.9024658203125,0.9354842305183411,298.6431579589844,789.1094360351562,0.8046369552612305,331.1175537109375,686.8840942382812,0.040924519300460815,435.13720703125,784.5418090820312,0.9372220039367676,211.58975219726562,780.425048828125,0.03338983654975891,263.41888427734375,520.5319213867188,0.0288161039352417,294.3902893066406,518.4988403320312,0.9488599300384521,458.6473083496094,420.6495361328125,0.27827680110931396,460.48907470703125,421.28753662109375,0.8139452934265137,482.47906494140625,538.3040771484375,0.12471365928649902,490.3974304199219,539.9720458984375,0.035734981298446655,123.3294448852539,463.4123229980469,0.009186357259750366,331.1054382324219,604.3746948242188,0.012321531772613525,335.4136962890625,602.4028930664062,0.12704098224639893,180.81854248046875,928.7101440429688,0.08950716257095337
331,392.3175964355469,786.4758911132812,0.9450103640556335,298.65576171875,787.9330444335938,0.8036737442016602,332.1177673339844,685.8646850585938,0.04776987433433533,436.2845764160156,784.0907592773438,0.9491009712219238,215.56846618652344,771.9241333007812,0.026714742183685303,271.81787109375,515.248779296875,0.01797845959663391,295.76556396484375,518.1395263671875,0.9400326013565063,459.6585998535156,419.3259582519531,0.2284267544746399,460.40301513671875,420.1558532714844,0.8173110485076904,482.1177062988281,538.6635131835938,0.13355886936187744,491.0079040527344,539.9252319335938,0.026563197374343872,125.24357604980469,463.3441467285156,0.011265456676483154,125.98738861083984,464.31756591796875,0.01693093776702881,335.86798095703125,604.479736328125,0.1741081178188324,185.23812866210938,925.5960083007812,0.1057070791721344
332,392.7724609375,785.7242431640625,0.9546138048171997,298.80987548828125,787.446533203125,0.8366086483001709,332.13311767578125,684.32470703125,0.09121477603912354,436.6479187011719,783.4357299804688,0.9466605186462402,216.12246704101562,778.698486328125,0.031040608882904053,271.6673889160156,514.8262939453125,0.02298465371131897,296.85400390625,517.146484375,0.9296650886535645,460.34613037109375,418.60784912109375,0.3021445870399475,464.0119934082031,417.7198486328125,0.8629211783409119,481.7628173828125,537.8067016601562,0.15624243021011353,491.1375427246094,540.1356201171875,0.019952058792114258,125.84990692138672,465.0115661621094,0.020537227392196655,126.58600616455078,465.832275390625,0.01618194580078125,339.5996398925781,603.4645385742188,0.15830489993095398,185.9423065185547,925.2552490234375,0.13540342450141907
333,392.0765075683594,785.95263671875,0.9549264907836914,298.9654541015625,787.7857055664062,0.8167421221733093,332.3050842285156,685.0655517578125,0.07929065823554993,436.4766540527344,783.4928588867188,0.9498492479324341,216.06849670410156,771.8607177734375,0.02447625994682312,272.2561340332031,515.00048828125,0.022537797689437866,296.6480407714844,516.932861328125,0.9185340404510498,460.33203125,419.0816955566406,0.25573021173477173,462.29144287109375,419.7557067871094,0.8609124422073364,482.4272766113281,537.949951171875,0.13929599523544312,491.14788818359375,539.517578125,0.02494528889656067,126.72285461425781,465.42828369140625,0.01688787341117859,127.47551727294922,466.3150939941406,0.015975594520568848,336.2106628417969,603.4794311523438,0.18074360489845276,185.6079559326172,925.5811767578125,0.13336843252182007
334,392.612548828125,786.0086669921875,0.9465968608856201,299.0887145996094,787.78076171875,0.8269363641738892,333.1852722167969,685.4837036132812,0.1115441620349884,436.83203125,783.6488647460938,0.9509890079498291,216.2267608642578,772.25,0.022522658109664917,272.4131164550781,515.1541137695312,0.025366216897964478,296.5166015625,517.4925537109375,0.9183541536331177,460.7984924316406,419.55401611328125,0.29091471433639526,462.749267578125,420.21112060546875,0.8642420768737793,482.5655822753906,538.3351440429688,0.13001462817192078,490.9084167480469,539.8479614257812,0.021656274795532227,126.35549926757812,464.7929992675781,0.016895204782485962,127.0660171508789,465.48712158203125,0.01646837592124939,339.18841552734375,603.2891235351562,0.1802292764186859,185.9165496826172,925.1588745117188,0.15859833359718323
335,392.952880859375,785.8397216796875,0.9478362798690796,298.7331848144531,787.4412841796875,0.8162294030189514,333.18646240234375,684.4666748046875,0.1194036602973938,438.21649169921875,783.1513061523438,0.9458268880844116,219.5480194091797,778.5079345703125,0.02334877848625183,278.4728088378906,508.4430847167969,0.028342843055725098,296.9415283203125,517.1709594726562,0.9265481233596802,461.04852294921875,419.2137756347656,0.29546302556991577,463.029052734375,419.9726867675781,0.8727535605430603,482.3341369628906,537.9388427734375,0.1418096423149109,491.49029541015625,535.0504150390625,0.02143228054046631,126.71719360351562,464.4693908691406,0.029897421598434448,127.65782165527344,465.4749755859375,0.021685302257537842,339.5193786621094,603.3365478515625,0.10974955558776855,186.01063537597656,924.8305053710938,0.14033645391464233
336,392.7814025878906,785.8505859375,0.945000410079956,298.8793029785156,788.9207153320312,0.811714768409729,333.7182312011719,685.5296020507812,0.11986419558525085,437.13922119140625,783.9844360351562,0.9512354731559753,219.13133239746094,779.3349609375,0.020750373601913452,278.3636474609375,508.9967346191406,0.024871021509170532,296.98492431640625,517.7357177734375,0.9286041855812073,460.8277893066406,420.17474365234375,0.2710970640182495,462.7607116699219,421.5376281738281,0.8774033784866333,482.7492980957031,538.32177734375,0.14395567774772644,491.1944885253906,540.0349731445312,0.022397398948669434,126.5621109008789,464.72015380859375,0.015294522047042847,127.59840393066406,465.4132080078125,0.017454981803894043,339.4750671386719,603.6298828125,0.14698737859725952,185.8318328857422,925.1251831054688,0.1780727207660675
337,393.53399658203125,785.1425170898438,0.939838171005249,299.17529296875,788.5801391601562,0.8241888284683228,333.87432861328125,685.9342041015625,0.10388246178627014,437.24560546875,784.4318237304688,0.9563333988189697,219.16445922851562,779.7607421875,0.02519109845161438,378.7987365722656,589.5676879882812,0.03561130166053772,296.55426025390625,517.82421875,0.9083310961723328,460.3604736328125,420.6609802246094,0.2324030101299286,462.7569580078125,421.6024475097656,0.8605575561523438,482.4104309082031,538.0802612304688,0.13207969069480896,491.3127136230469,539.3801879882812,0.022601395845413208,126.44789123535156,464.9068603515625,0.0229722261428833,127.41594696044922,465.5556640625,0.024580925703048706,339.8775329589844,603.8242797851562,0.14148515462875366,185.29153442382812,925.366943359375,0.1466849148273468
338,393.2484436035156,786.9454956054688,0.9392753839492798,299.20562744140625,790.3862915039062,0.7941113710403442,332.31365966796875,685.8596801757812,0.07706615328788757,437.3087463378906,784.8508911132812,0.9458777904510498,219.271728515625,778.8915405273438,0.017160147428512573,282.4942321777344,515.2892456054688,0.029282212257385254,296.3565673828125,517.9119262695312,0.9283912181854248,460.15509033203125,421.2312316894531,0.23052924871444702,462.5224609375,422.14471435546875,0.865564227104187,483.10260009765625,538.3905029296875,0.10186126828193665,491.3137512207031,539.8523559570312,0.025802433490753174,126.76065063476562,466.0093994140625,0.030270278453826904,127.7133560180664,466.69976806640625,0.0370866060256958,339.4958801269531,603.7023315429688,0.17462849617004395,183.68255615234375,925.969482421875,0.1707400381565094
339,391.9779968261719,786.9099731445312,0.9311667680740356,298.5208435058594,789.9789428710938,0.8190051913261414,433.99072265625,734.9451293945312,0.03663364052772522,436.9439392089844,784.4181518554688,0.9435880184173584,215.22933959960938,779.6301879882812,0.017672568559646606,264.6589050292969,520.5737915039062,0.03467175364494324,294.8505554199219,518.3974609375,0.9451621770858765,459.7333984375,421.0687255859375,0.2958862781524658,461.84527587890625,422.1378173828125,0.8316041827201843,483.0379333496094,538.6971435546875,0.13255524635314941,491.0016174316406,540.2176513671875,0.040117740631103516,125.98798370361328,465.8417663574219,0.017406105995178223,126.58707427978516,466.8182373046875,0.024525731801986694,339.0712585449219,604.50537109375,0.15188372135162354,183.56329345703125,926.3609008789062,0.14533695578575134
340,393.31036376953125,787.1740112304688,0.9399487376213074,298.9996643066406,789.6712036132812,0.8001160621643066,332.3923645019531,686.500244140625,0.04568678140640259,437.2527160644531,784.5702514648438,0.9501700401306152,215.75010681152344,779.6553344726562,0.017685621976852417,379.0927734375,589.9306640625,0.03223758935928345,295.6246643066406,518.4400634765625,0.9346294403076172,459.70001220703125,420.01361083984375,0.2519141137599945,461.7415466308594,420.7469482421875,0.8425489664077759,482.33917236328125,538.56640625,0.14017611742019653,491.0788879394531,539.9534912109375,0.03128635883331299,125.93778228759766,465.7613830566406,0.014610379934310913,126.6049575805664,466.5780944824219,0.024381905794143677,338.6911315917969,604.0235595703125,0.1906563937664032,183.81820678710938,926.167236328125,0.1605350375175476
341,392.84033203125,788.868408203125,0.9142943620681763,298.4654846191406,790.7789306640625,0.7980390787124634,434.3337707519531,735.380126953125,0.03626751899719238,435.859130859375,784.6201171875,0.9403842687606812,212.1390838623047,781.173095703125,0.02132454514503479,264.02655029296875,521.7404174804688,0.052677690982818604,294.2752685546875,519.240966796875,0.9449774622917175,459.3251647949219,421.0452880859375,0.24024417996406555,461.3695373535156,422.00665283203125,0.8361656665802002,483.20806884765625,538.3696899414062,0.12552809715270996,490.55279541015625,539.8822021484375,0.0429152250289917,122.59950256347656,463.2286682128906,0.019165873527526855,123.25320434570312,464.27191162109375,0.020761221647262573,335.09765625,603.5347900390625,0.14146646857261658,180.43563842773438,929.6613159179688,0.13566631078720093
342,392.244873046875,788.8351440429688,0.9194095730781555,298.77239990234375,790.599365234375,0.7858326435089111,434.854736328125,741.0057373046875,0.03273537755012512,435.4017028808594,784.827392578125,0.9379923343658447,211.9310302734375,781.4011840820312,0.018585771322250366,263.53936767578125,521.278564453125,0.02567121386528015,293.8465270996094,518.3028564453125,0.9433556795120239,458.96240234375,420.6274108886719,0.22628965973854065,459.5757141113281,421.5589294433594,0.8087284564971924,482.2717590332031,538.3601684570312,0.09812095761299133,489.9795837402344,540.0636596679688,0.04053980112075806,122.56710052490234,462.6990661621094,0.014816373586654663,330.8125915527344,605.3132934570312,0.010279029607772827,335.4147033691406,601.7557983398438,0.10730686783790588,180.23544311523438,929.9265747070312,0.13836464285850525
343,392.523193359375,788.6686401367188,0.9175817966461182,298.3033142089844,790.5189208984375,0.7781805992126465,434.0677795410156,734.3756713867188,0.03468647599220276,435.19512939453125,784.9376831054688,0.937470555305481,186.69491577148438,299.6563720703125,0.02104133367538452,263.0201721191406,520.792724609375,0.024687111377716064,293.1390075683594,518.2745971679688,0.945380449295044,459.07952880859375,419.82098388671875,0.2127014696598053,459.5758972167969,420.7044982910156,0.8370463848114014,482.1468200683594,537.7172241210938,0.1413487195968628,490.03240966796875,539.906494140625,0.044901102781295776,123.39372253417969,463.3605041503906,0.013792961835861206,123.7954330444336,464.68511962890625,0.008963853120803833,334.8999938964844,602.5653076171875,0.06446915864944458,180.37203979492188,929.9328002929688,0.14360952377319336
344,392.0893249511719,788.722412109375,0.9238730072975159,298.0433044433594,790.375,0.8099057674407959,433.8723449707031,733.6641845703125,0.033460140228271484,435.1576232910156,784.7061767578125,0.9452669620513916,211.34446716308594,781.4235229492188,0.022547215223312378,264.33209228515625,521.5303955078125,0.02472516894340515,293.794677734375,518.445068359375,0.9423925280570984,458.2962646484375,420.13897705078125,0.22087210416793823,458.7049865722656,421.0138244628906,0.8377925157546997,481.9854736328125,537.306640625,0.12986165285110474,490.1614685058594,539.6340942382812,0.0476822555065155,122.25196075439453,462.92620849609375,0.020317822694778442,119.7342758178711,465.55645751953125,0.008959978818893433,334.6517639160156,602.9531860351562,0.05687037110328674,179.29013061523438,930.1195678710938,0.1206439733505249
345,391.5955810546875,789.8262939453125,0.9221448302268982,293.779296875,791.9949951171875,0.7519556283950806,430.427001953125,745.6834106445312,0.04570579528808594,434.31988525390625,786.6973876953125,0.9393105506896973,211.73159790039062,781.2166748046875,0.02479994297027588,263.9335021972656,522.3096313476562,0.05157536268234253,292.91925048828125,519.13037109375,0.9439443349838257,458.1785583496094,420.7978820800781,0.21411621570587158,455.1445617675781,424.7896728515625,0.7980121374130249,485.0533142089844,539.4427490234375,0.08000224828720093,489.0050048828125,540.6453857421875,0.03506582975387573,121.9264907836914,462.1641845703125,0.03815317153930664,122.27698516845703,463.6734619140625,0.02079865336418152,335.5564270019531,602.7869262695312,0.15731674432754517,179.0290985107422,930.5142822265625,0.11467942595481873
346,392.0672302246094,788.9381103515625,0.9205026626586914,298.3414611816406,790.888427734375,0.7740405797958374,434.2525939941406,741.0499877929688,0.034718841314315796,435.1090087890625,785.0891723632812,0.9453996419906616,211.73866271972656,781.6577758789062,0.020835906267166138,263.83563232421875,521.2780151367188,0.04072695970535278,293.3991394042969,518.4756469726562,0.9426974654197693,458.6346740722656,420.5234069824219,0.23574283719062805,459.19598388671875,421.5222473144531,0.8185824155807495,485.3836975097656,538.8101196289062,0.08799293637275696,489.5535583496094,540.3014526367188,0.05105191469192505,122.44105529785156,463.2931823730469,0.02135157585144043,122.69812774658203,464.666259765625,0.010587573051452637,334.7685546875,602.35595703125,0.09785643219947815,179.7410125732422,930.0953369140625,0.15927493572235107
347,392.07073974609375,789.5374145507812,0.9140206575393677,297.88983154296875,791.1298828125,0.7576858997344971,434.2080383300781,741.3432006835938,0.03376626968383789,435.12200927734375,784.98681640625,0.9306294918060303,212.3177032470703,781.3479614257812,0.023951172828674316,264.7662353515625,521.8328857421875,0.051207900047302246,293.266357421875,518.9387817382812,0.9408050775527954,458.50445556640625,421.1897277832031,0.22602182626724243,458.92816162109375,422.32135009765625,0.8007302284240723,482.42236328125,538.8974609375,0.10233023762702942,488.92742919921875,540.6649169921875,0.03412950038909912,122.32318115234375,462.82073974609375,0.03126335144042969,122.8126220703125,463.9139404296875,0.01478525996208191,334.049560546875,602.6087646484375,0.09374383091926575,179.19903564453125,930.2362060546875,0.14617857336997986
348,391.7552185058594,789.7290649414062,0.9183840751647949,297.985107421875,791.3019409179688,0.7557896375656128,433.88055419921875,741.604248046875,0.03695178031921387,434.6744384765625,785.1400756835938,0.9315289258956909,212.09925842285156,781.23779296875,0.026055723428726196,265.00372314453125,521.6339111328125,0.051739782094955444,293.5166931152344,518.9619140625,0.9284869432449341,458.55859375,421.52655029296875,0.13864269852638245,454.86517333984375,425.9267883300781,0.762322187423706,485.640380859375,539.158203125,0.11620661616325378,488.8270263671875,539.9937133789062,0.07572287321090698,122.56255340576172,462.7510070800781,0.037004709243774414,123.1054916381836,463.80145263671875,0.0210532546043396,335.39324951171875,602.4308471679688,0.17612135410308838,179.71026611328125,930.4321899414062,0.14488118886947632
349,392.7978820800781,787.1854858398438,0.9278797507286072,298.99200439453125,789.5621337890625,0.8045833110809326,332.0690612792969,685.8628540039062,0.05237415432929993,436.9092712402344,784.6563110351562,0.9449167251586914,364.37823486328125,648.6810913085938,0.027679860591888428,272.5599060058594,515.7063598632812,0.02634403109550476,295.2845764160156,517.3932495117188,0.9367746710777283,459.5960693359375,421.02203369140625,0.26070547103881836,461.59710693359375,421.7091979980469,0.8436368107795715,482.8865051269531,538.5814819335938,0.12183886766433716,490.5829772949219,540.28564453125,0.03602147102355957,126.49505615234375,465.9834289550781,0.013256251811981201,332.5620422363281,605.8984985351562,0.018078535795211792,338.8487548828125,604.9354858398438,0.06957343220710754,183.35997009277344,927.061279296875,0.1372484266757965
350,391.78375244140625,788.5612182617188,0.9244375228881836,298.4501953125,790.3651733398438,0.8192734718322754,331.705322265625,687.0119018554688,0.03382638096809387,436.0694885253906,785.60546875,0.9458059072494507,212.21209716796875,780.39599609375,0.023987114429473877,264.67486572265625,521.1052856445312,0.047464579343795776,294.81451416015625,518.3229370117188,0.9472838640213013,457.6075134277344,423.67633056640625,0.31416773796081543,460.7326354980469,423.1939697265625,0.8133875131607056,484.0049743652344,538.1144409179688,0.22954708337783813,490.1841735839844,539.2401733398438,0.05191570520401001,123.75399017333984,464.8968811035156,0.019327640533447266,124.53933715820312,465.5787048339844,0.02069762349128723,334.56500244140625,604.9119262695312,0.0484965443611145,180.35585021972656,929.86279296875,0.09945216774940491
351,392.30120849609375,788.3379516601562,0.9217601418495178,298.75677490234375,789.2257690429688,0.8196573257446289,331.8702087402344,686.3497924804688,0.039231717586517334,436.1969909667969,785.253662109375,0.9418379068374634,216.12783813476562,772.0178833007812,0.02543705701828003,264.85467529296875,520.9100952148438,0.03409123420715332,293.9986572265625,518.0941772460938,0.9318797588348389,457.4518737792969,423.9007263183594,0.3124200701713562,460.7481384277344,423.193115234375,0.8252865076065063,483.5855712890625,538.6322021484375,0.2160557508468628,490.1356201171875,539.3831176757812,0.06140598654747009,125.17359161376953,465.6798095703125,0.027320951223373413,126.0604476928711,466.5972900390625,0.033343613147735596,338.70037841796875,604.6265869140625,0.07157060503959656,184.2113800048828,927.1431884765625,0.15419557690620422
352,392.8601379394531,787.30029296875,0.9177263975143433,298.5581970214844,789.2139892578125,0.8053226470947266,332.267578125,685.5075073242188,0.0488753616809845,436.8069763183594,784.5337524414062,0.9379956126213074,216.0976104736328,772.1138305664062,0.026578694581985474,378.8527526855469,589.5789794921875,0.029527395963668823,294.8003234863281,517.1719360351562,0.9412490129470825,459.7984924316406,421.1121826171875,0.25479352474212646,461.8006591796875,421.7386779785156,0.8553760051727295,483.1751403808594,538.1139526367188,0.153098464012146,490.38055419921875,539.9749145507812,0.040436893701553345,126.33649444580078,466.88671875,0.025555551052093506,127.254638671875,467.7977600097656,0.025738775730133057,338.80706787109375,604.788818359375,0.10134842991828918,184.10362243652344,926.5447998046875,0.16275587677955627
353,392.5469055175781,787.302978515625,0.9234123229980469,298.98394775390625,789.5252075195312,0.8428036570549011,433.3911437988281,734.8530883789062,0.037556588649749756,436.3634033203125,784.1759643554688,0.9453284740447998,364.556396484375,648.753173828125,0.027730345726013184,264.2789001464844,520.7622680664062,0.032139092683792114,293.5941162109375,517.4112548828125,0.9555526971817017,459.24786376953125,421.3692321777344,0.29931318759918213,461.263671875,421.9429931640625,0.8613101243972778,483.7967834472656,538.2490234375,0.1876818835735321,490.11895751953125,540.041748046875,0.041524529457092285,126.11469268798828,465.63421630859375,0.029805868864059448,126.74360656738281,466.49957275390625,0.025465190410614014,336.157958984375,604.30078125,0.11342614889144897,184.55052185058594,927.1195678710938,0.13806501030921936
354,392.03143310546875,788.27734375,0.9124102592468262,298.4830322265625,790.4202270507812,0.7998888492584229,433.5456848144531,735.4793090820312,0.037435293197631836,435.7452392578125,784.376953125,0.9424629211425781,215.74066162109375,771.5438842773438,0.023212403059005737,264.0989074707031,520.78125,0.03375154733657837,293.71923828125,517.8707275390625,0.9528367519378662,458.80072021484375,421.74383544921875,0.23994964361190796,460.8623352050781,422.394287109375,0.8504133224487305,483.5992736816406,538.4176025390625,0.16058719158172607,490.0483093261719,539.9859008789062,0.04047343134880066,125.20570373535156,465.11651611328125,0.023016035556793213,125.95076751708984,465.90869140625,0.02109628915786743,334.44378662109375,604.381103515625,0.07534033060073853,180.2577362060547,929.8541870117188,0.11729717254638672
355,392.8168029785156,786.6989135742188,0.920878529548645,298.6720275878906,788.7747802734375,0.7955435514450073,433.5703430175781,734.626220703125,0.03628939390182495,436.99639892578125,784.0459594726562,0.9433878660202026,364.7149658203125,648.5248413085938,0.03225257992744446,378.9794921875,590.2130126953125,0.026694446802139282,294.2183532714844,516.8018798828125,0.9375678300857544,459.3760986328125,420.5313415527344,0.29218900203704834,461.26251220703125,421.0003967285156,0.8408474922180176,482.9253234863281,537.93017578125,0.2113189697265625,490.6417541503906,539.9439086914062,0.04444417357444763,126.82178497314453,466.0653991699219,0.020352214574813843,127.65679168701172,466.93115234375,0.020642966032028198,334.8503112792969,605.2608032226562,0.11407262086868286,183.7603302001953,926.72900390625,0.1396801471710205
356,392.7220153808594,787.2755126953125,0.9218989610671997,298.28985595703125,789.91748046875,0.8131118416786194,435.1648864746094,740.8998413085938,0.03509420156478882,436.1590881347656,784.0565795898438,0.9465910196304321,215.93759155273438,771.6035766601562,0.033295124769210815,264.9578552246094,520.7103881835938,0.0322490930557251,294.6387023925781,517.225341796875,0.9495599865913391,459.0154724121094,421.19873046875,0.2858353853225708,461.0078125,421.6472473144531,0.8580458164215088,483.0881652832031,537.9918212890625,0.19596698880195618,490.8428955078125,539.8798217773438,0.05045676231384277,125.81254577636719,465.7377624511719,0.009477376937866211,332.0543212890625,606.8583374023438,0.02116847038269043,334.8417663574219,604.7151489257812,0.1304284930229187,182.98512268066406,927.0095825195312,0.11804372072219849
357,392.1263732910156,788.2395629882812,0.9083555340766907,297.447998046875,790.9656372070312,0.7891186475753784,433.82373046875,735.8719482421875,0.03372201323509216,435.87005615234375,784.49072265625,0.9413618445396423,215.72705078125,771.70751953125,0.027062684297561646,264.9208984375,521.1029052734375,0.03772959113121033,295.12030029296875,518.1806640625,0.9584536552429199,459.0132141113281,421.5000305175781,0.22849631309509277,460.9378967285156,422.23565673828125,0.8503050208091736,483.426025390625,538.5137939453125,0.1636931300163269,490.4125671386719,540.1832885742188,0.03481292724609375,125.6770248413086,465.4622802734375,0.018362492322921753,126.24540710449219,466.2809143066406,0.020360708236694336,334.4234924316406,604.915283203125,0.08854207396507263,183.60716247558594,927.1590576171875,0.11991927027702332
358,391.78179931640625,788.156005859375,0.9221973419189453,298.0281066894531,790.4662475585938,0.7736541628837585,433.6415710449219,735.0736083984375,0.03334254026412964,435.6886291503906,785.1624755859375,0.93850177526474,215.18922424316406,772.0879516601562,0.029797226190567017,264.1468505859375,521.198486328125,0.029337376356124878,294.7942199707031,518.4764404296875,0.9482768774032593,459.0703125,421.46490478515625,0.22539961338043213,461.1623229980469,422.3229675292969,0.8451618552207947,483.365478515625,538.1693725585938,0.14772263169288635,490.4315185546875,539.4473266601562,0.046840935945510864,124.8072509765625,464.6477355957031,0.01435139775276184,331.8110046386719,607.429443359375,0.014862895011901855,334.71929931640625,605.141357421875,0.10156524181365967,180.82627868652344,930.1598510742188,0.10597863793373108
359,391.9839782714844,788.1539916992188,0.9349005222320557,297.6276550292969,790.080810546875,0.7936450242996216,331.181640625,687.2765502929688,0.035764455795288086,435.8658447265625,784.4927368164062,0.9290528297424316,214.87771606445312,772.2195434570312,0.030101537704467773,264.8181457519531,521.2451171875,0.031840622425079346,294.0701904296875,518.3302612304688,0.9581490755081177,458.4623107910156,421.563720703125,0.26626259088516235,460.4685974121094,422.31982421875,0.8439825773239136,482.4331970214844,538.2960815429688,0.14683806896209717,490.27374267578125,539.7439575195312,0.025904089212417603,124.03631591796875,464.5874938964844,0.014930784702301025,124.7810287475586,465.6520690917969,0.021283268928527832,339.12646484375,604.5374755859375,0.053406864404678345,180.32763671875,929.9011840820312,0.11490777134895325
360,391.6559143066406,787.1312255859375,0.9370133876800537,297.93511962890625,789.2318115234375,0.7901805639266968,433.3446350097656,735.4854736328125,0.03590285778045654,434.9105224609375,783.6455078125,0.9341942667961121,365.6361389160156,648.2904052734375,0.033865779638290405,264.78790283203125,521.0484619140625,0.02827194333076477,294.6273193359375,517.7561645507812,0.9560785293579102,458.9225769042969,420.3745422363281,0.2338181436061859,460.73974609375,421.05108642578125,0.8241843581199646,482.8153991699219,538.3826904296875,0.1896994709968567,490.4723205566406,539.8606567382812,0.04258698225021362,474.23114013671875,544.2811279296875,0.00872272253036499,125.1734848022461,465.5048522949219,0.007431089878082275,334.8732604980469,605.2969970703125,0.063426673412323,179.56007385253906,929.9848022460938,0.10343840718269348
361,391.85064697265625,787.2926025390625,0.9352152943611145,297.6849060058594,789.6503295898438,0.8017743825912476,433.899169921875,734.9413452148438,0.03447359800338745,435.4765930175781,784.2183227539062,0.9367091059684753,214.93089294433594,771.8643188476562,0.03148990869522095,264.2308044433594,521.20556640625,0.027738243341445923,294.5928955078125,518.43017578125,0.9581912159919739,459.0326843261719,420.3092346191406,0.24897432327270508,460.8336486816406,420.7796325683594,0.816718339920044,482.8608093261719,538.4699096679688,0.20713722705841064,490.8509216308594,540.0286254882812,0.03942480683326721,124.43614196777344,464.2282409667969,0.012613147497177124,125.4072036743164,465.1727600097656,0.011793971061706543,334.1824951171875,604.182861328125,0.06681901216506958,180.04592895507812,929.8438720703125,0.10961991548538208
362,391.0355224609375,789.67236328125,0.9322708249092102,297.6488037109375,791.05908203125,0.7939447164535522,430.42584228515625,745.4237060546875,0.053160011768341064,433.47930908203125,786.0838623046875,0.9466686248779297,364.1459655761719,649.378173828125,0.04021871089935303,263.68267822265625,527.628662109375,0.02802613377571106,293.7391052246094,518.4422607421875,0.9597693681716919,457.51361083984375,422.143798828125,0.25598376989364624,459.4297790527344,423.1164855957031,0.7599000930786133,482.4107360839844,538.3223876953125,0.1273595690727234,489.55810546875,540.25146484375,0.037432312965393066,122.42879486083984,463.4034729003906,0.01846662163734436,122.8194580078125,464.78961181640625,0.010624349117279053,334.0312805175781,605.3646240234375,0.098082035779953,179.86810302734375,930.7127075195312,0.13760656118392944
363,391.22344970703125,788.07763671875,0.9232286214828491,298.22674560546875,789.226806640625,0.7862897515296936,433.948974609375,735.0911865234375,0.038095325231552124,434.52984619140625,784.59423828125,0.943331778049469,214.85458374023438,771.8831176757812,0.028861552476882935,264.2088928222656,521.0087890625,0.02328503131866455,294.5028076171875,518.2562866210938,0.9522075057029724,459.0752868652344,420.6209411621094,0.2823687791824341,460.989501953125,421.17718505859375,0.8239080309867859,482.88287353515625,538.375244140625,0.25414082407951355,490.72186279296875,539.6796875,0.054289430379867554,124.85235595703125,464.8860778808594,0.01280316710472107,125.70431518554688,465.85882568359375,0.014498919248580933,338.5782775878906,604.3842163085938,0.035099923610687256,180.5238800048828,929.901123046875,0.12794378399848938
364,392.0578308105469,787.91015625,0.9249184131622314,298.046142578125,789.2586669921875,0.8319869041442871,434.23797607421875,735.2694091796875,0.04378262162208557,435.8563232421875,784.591064453125,0.9345920085906982,365.7939147949219,648.75390625,0.038265228271484375,378.5613098144531,589.6134033203125,0.024864137172698975,295.7804870605469,518.0785522460938,0.9347192049026489,459.9433288574219,419.7619934082031,0.28187286853790283,461.750732421875,420.5008850097656,0.8342504501342773,482.61163330078125,538.5555419921875,0.25299668312072754,490.7632751464844,539.9678955078125,0.04191771149635315,126.28607940673828,465.7411804199219,0.01728615164756775,127.08352661132812,466.7040100097656,0.016568899154663086,338.6051940917969,604.5045776367188,0.06758138537406921,184.0086212158203,926.7632446289062,0.14251857995986938
365,391.8313293457031,789.4097900390625,0.9270145893096924,297.99395751953125,790.9534912109375,0.8086912631988525,434.5926818847656,742.758544921875,0.04447922110557556,434.0727844238281,785.5499877929688,0.9494544863700867,365.61688232421875,649.8809814453125,0.03157174587249756,263.3670959472656,521.6467895507812,0.025793790817260742,295.52447509765625,519.2489624023438,0.9380542039871216,458.0929870605469,423.65679931640625,0.2722797989845276,460.9115905761719,422.97113037109375,0.8396326899528503,483.8982238769531,537.9494018554688,0.19961512088775635,490.53619384765625,539.9373779296875,0.04205292463302612,124.1330337524414,465.3041687011719,0.029191911220550537,125.04747009277344,465.9197082519531,0.022818058729171753,335.0235900878906,604.0679931640625,0.017431527376174927,183.31788635253906,927.445556640625,0.11067605018615723
366,391.455078125,788.525390625,0.9217761158943176,298.4584045410156,790.4716796875,0.8172370195388794,434.7345886230469,735.8629760742188,0.04540488123893738,435.18902587890625,785.9110717773438,0.9501268267631531,365.2881774902344,649.4031982421875,0.0235462486743927,378.7978210449219,589.6383056640625,0.025658786296844482,296.306396484375,519.322265625,0.9409835338592529,459.55926513671875,422.0252685546875,0.23086094856262207,461.72430419921875,422.9503479003906,0.8452969193458557,483.9429626464844,538.2178955078125,0.2228679358959198,491.209228515625,539.3353881835938,0.04587852954864502,126.41705322265625,465.73150634765625,0.03544357419013977,127.43533325195312,466.1907653808594,0.020406126976013184,335.5678405761719,603.841796875,0.05302134156227112,184.08428955078125,927.562255859375,0.16407573223114014
367,392.337646484375,787.9193725585938,0.9241342544555664,298.20068359375,790.616455078125,0.8011704683303833,435.0735778808594,735.1908569335938,0.05298390984535217,435.8570556640625,785.2328491210938,0.9489283561706543,365.65313720703125,649.0184936523438,0.02315342426300049,379.0138244628906,589.6188354492188,0.03022104501724243,295.9952392578125,519.0059204101562,0.9343326091766357,460.0321960449219,421.7558288574219,0.25346624851226807,462.3586120605469,422.808349609375,0.8552244901657104,483.5776062011719,538.0001220703125,0.16680210828781128,491.73321533203125,539.569580078125,0.026146531105041504,126.56583404541016,465.78607177734375,0.059289246797561646,127.31843566894531,466.5031433105469,0.029131442308425903,338.9366149902344,603.3591918945312,0.07009252905845642,184.32569885253906,927.058349609375,0.1607917845249176
368,392.2582092285156,787.7689208984375,0.9242770075798035,298.6904296875,789.823486328125,0.8324587345123291,331.9384460449219,686.6404418945312,0.06990620493888855,436.6914367675781,785.7605590820312,0.9470466375350952,216.96026611328125,772.0419921875,0.02210068702697754,379.3464050292969,589.6140747070312,0.040221571922302246,295.8902893066406,518.8368530273438,0.939795970916748,460.0213928222656,421.8955993652344,0.2450139820575714,462.05267333984375,422.718017578125,0.8636444807052612,483.5284118652344,538.2718505859375,0.18337199091911316,491.2823791503906,539.7996215820312,0.02878299355506897,126.57601928710938,465.61175537109375,0.04206708073616028,331.0892028808594,605.8142700195312,0.03071916103363037,338.57598876953125,603.6060791015625,0.04169502854347229,183.8887481689453,927.21142578125,0.14365914463996887
369,393.95806884765625,785.9570922851562,0.9383857250213623,298.7532653808594,790.2530517578125,0.829023540019989,331.6602783203125,685.3610229492188,0.07395437359809875,436.85845947265625,785.3499145507812,0.9516225457191467,220.511962890625,779.015625,0.02250826358795166,378.814697265625,589.6519165039062,0.03807729482650757,296.9499206542969,518.2103881835938,0.932795524597168,460.3985595703125,421.12310791015625,0.2996053695678711,462.248046875,421.748779296875,0.8573793172836304,482.65081787109375,537.9828491210938,0.1742243468761444,491.8958435058594,539.4752197265625,0.025331705808639526,126.46748352050781,465.2744445800781,0.033963531255722046,127.85154724121094,465.99456787109375,0.03661033511161804,339.3941650390625,602.812744140625,0.058909863233566284,185.10995483398438,925.6373291015625,0.14096155762672424
370,393.4429016113281,786.1390380859375,0.9391518831253052,299.10516357421875,789.8638305664062,0.8069019317626953,332.04266357421875,685.3849487304688,0.09338423609733582,437.0074768066406,785.4003295898438,0.9491358995437622,220.13453674316406,778.4603271484375,0.017555207014083862,378.7958679199219,589.6329345703125,0.0364651083946228,296.74322509765625,518.0930786132812,0.9287375211715698,460.6611328125,420.75897216796875,0.284383624792099,462.5281677246094,421.45086669921875,0.8698736429214478,482.5604553222656,537.7100830078125,0.19947952032089233,491.5648193359375,539.6680297851562,0.029408931732177734,126.19800567626953,465.7201232910156,0.03118792176246643,127.1264877319336,466.3072814941406,0.0321180522441864,339.186279296875,602.6864624023438,0.057862788438797,184.2903594970703,925.9806518554688,0.1616106629371643
371,394.61962890625,785.2340698242188,0.945805549621582,298.8192443847656,789.822021484375,0.8247435092926025,332.37933349609375,685.8817749023438,0.13145950436592102,436.1387023925781,784.6187133789062,0.960023045539856,221.23684692382812,779.189697265625,0.016292810440063477,378.8130798339844,589.5988159179688,0.02402210235595703,297.22027587890625,518.2837524414062,0.9271685481071472,461.1822509765625,420.30804443359375,0.24956491589546204,462.9588623046875,420.874267578125,0.8629008531570435,481.7332763671875,537.6409301757812,0.20386165380477905,492.02264404296875,539.796142578125,0.018662244081497192,126.32393646240234,465.08453369140625,0.02900657057762146,127.65260314941406,465.79150390625,0.02737528085708618,339.8529052734375,603.373046875,0.07670027017593384,184.93772888183594,926.105224609375,0.13476938009262085
372,394.5769958496094,785.4166870117188,0.9398398399353027,299.1552429199219,789.6499633789062,0.8144813179969788,332.0264587402344,685.69970703125,0.08713480830192566,437.2879333496094,784.9954833984375,0.9545876383781433,220.58338928222656,779.058837890625,0.0245114266872406,378.73553466796875,589.8052368164062,0.03503444790840149,296.7165832519531,518.1571655273438,0.9232379794120789,460.9354553222656,420.4441833496094,0.29448115825653076,462.7074890136719,421.0042419433594,0.8646533489227295,482.10675048828125,537.4730834960938,0.20270267128944397,492.05596923828125,539.8247680664062,0.018090248107910156,126.15816497802734,465.17803955078125,0.03391560912132263,127.42752075195312,465.7828063964844,0.029795587062835693,339.58367919921875,603.1444702148438,0.07289597392082214,184.98146057128906,925.7427368164062,0.10379675030708313
373,391.8290710449219,787.613037109375,0.9263612031936646,299.0995178222656,791.4723510742188,0.7717336416244507,434.58270263671875,735.35009765625,0.05509686470031738,436.93408203125,785.9378051757812,0.9497749209403992,217.09471130371094,771.6513061523438,0.023660391569137573,379.44415283203125,589.7023315429688,0.0414709746837616,296.0630798339844,519.6287841796875,0.9388834238052368,459.235595703125,423.2951354980469,0.24916136264801025,462.2154235839844,422.9418029785156,0.8558058738708496,483.3963928222656,537.5938110351562,0.1322312355041504,491.7462158203125,539.4176635742188,0.02405831217765808,126.49301147460938,465.2481384277344,0.04374644160270691,331.8197937011719,606.1134643554688,0.036887526512145996,338.9258728027344,603.2461547851562,0.05578345060348511,184.7313690185547,927.0007934570312,0.1583264172077179
374,393.9872131347656,785.97509765625,0.9393393993377686,299.6075439453125,790.5841674804688,0.8204485177993774,332.728759765625,686.3716430664062,0.09405973553657532,437.5523986816406,785.5012817382812,0.960167407989502,223.0353240966797,742.5347290039062,0.02756047248840332,379.3365173339844,589.4788208007812,0.03610706329345703,296.910888671875,518.8214721679688,0.933582067489624,460.8806457519531,421.6068115234375,0.31513720750808716,462.7298583984375,422.4026184082031,0.8520987033843994,482.49456787109375,537.57275390625,0.1504708230495453,493.25421142578125,534.5662231445312,0.019542396068572998,126.61003112792969,464.26812744140625,0.047333359718322754,128.35791015625,465.2754211425781,0.026908040046691895,339.63201904296875,603.4757080078125,0.09436196088790894,185.51565551757812,926.1370849609375,0.12409186363220215
375,394.2088317871094,785.3214721679688,0.9487954378128052,299.4795227050781,791.0252685546875,0.8491671085357666,333.1766357421875,686.1655883789062,0.13907212018966675,436.2415771484375,784.6976318359375,0.9626665711402893,221.14646911621094,777.7511596679688,0.028369635343551636,379.142822265625,589.9210205078125,0.05277472734451294,297.3013916015625,518.5654907226562,0.932538628578186,462.531982421875,420.6557922363281,0.2211856245994568,464.7967834472656,421.2893981933594,0.8665696382522583,482.06170654296875,537.5740966796875,0.12912502884864807,425.3505554199219,909.739990234375,0.016638576984405518,127.26441955566406,464.16766357421875,0.043850868940353394,333.1173095703125,606.0098266601562,0.033935874700546265,339.6784973144531,604.1079711914062,0.12295815348625183,186.27023315429688,925.525634765625,0.1545349657535553
376,393.9684753417969,785.33642578125,0.9516314268112183,299.876708984375,790.8297119140625,0.8500063419342041,332.7846984863281,685.9412231445312,0.13170400261878967,437.46148681640625,785.56884765625,0.9617010354995728,220.9724884033203,777.9172973632812,0.02535170316696167,379.17431640625,589.545654296875,0.034443050622940063,297.1332702636719,518.4722290039062,0.9268698692321777,462.28863525390625,420.500732421875,0.19929951429367065,464.4279479980469,421.41400146484375,0.8700391054153442,481.76019287109375,537.7876586914062,0.09795039892196655,425.2494812011719,909.7496337890625,0.018203914165496826,127.02497863769531,464.4252014160156,0.04466518759727478,332.9948425292969,606.134521484375,0.029302388429641724,339.724365234375,604.0006103515625,0.12913328409194946,186.39927673339844,925.819580078125,0.16419395804405212
377,394.51031494140625,785.5602416992188,0.9495878219604492,300.0073547363281,791.292236328125,0.8462560176849365,332.87176513671875,685.8731079101562,0.12702682614326477,436.8428955078125,784.751220703125,0.9642379283905029,221.28468322753906,777.9461669921875,0.03292551636695862,379.3253173828125,589.5311279296875,0.05587702989578247,297.1290283203125,518.4755249023438,0.9305278658866882,462.4208984375,421.0865173339844,0.19754451513290405,464.6673583984375,422.03863525390625,0.8574897050857544,482.60491943359375,537.5463256835938,0.1136854887008667,425.014892578125,909.9618530273438,0.016359150409698486,127.01429748535156,464.3620300292969,0.06718870997428894,128.64404296875,465.5090026855469,0.040466248989105225,339.4396057128906,604.7496337890625,0.05397450923919678,186.3385009765625,925.537841796875,0.17065224051475525
378,393.99322509765625,785.1209106445312,0.9499971866607666,299.63006591796875,791.1423950195312,0.8342423439025879,333.1578674316406,686.0624389648438,0.12164473533630371,436.56494140625,784.7360229492188,0.9651662707328796,220.8162384033203,777.8944091796875,0.02300843596458435,379.1315612792969,589.8649291992188,0.04239547252655029,297.353271484375,518.5264282226562,0.9293235540390015,462.3073425292969,420.9092712402344,0.19840306043624878,464.6412048339844,421.56707763671875,0.8734601140022278,481.82470703125,537.614013671875,0.11882445216178894,425.30364990234375,909.5718994140625,0.015887677669525146,127.13780975341797,464.5489196777344,0.04642024636268616,333.1389465332031,606.885986328125,0.03022703528404236,339.41082763671875,604.6040649414062,0.08011925220489502,186.2923583984375,925.7887573242188,0.1496732234954834
379,393.9417419433594,785.1111450195312,0.9555668830871582,299.88604736328125,790.879638671875,0.831458568572998,333.2026062011719,685.7367553710938,0.13610544800758362,436.5361328125,784.8399047851562,0.9660302400588989,220.90225219726562,777.6541137695312,0.025827616453170776,379.12933349609375,589.567138671875,0.04177919030189514,297.2043151855469,519.2215576171875,0.9213582277297974,465.26617431640625,419.6976013183594,0.210030198097229,464.8661804199219,421.78582763671875,0.8843684196472168,482.68865966796875,537.3334350585938,0.16747093200683594,424.9385681152344,909.0800170898438,0.013345390558242798,126.89110565185547,464.1047058105469,0.05603897571563721,128.549560546875,465.3628234863281,0.039102524518966675,339.19256591796875,604.8777465820312,0.06936141848564148,186.0619659423828,926.0285034179688,0.14733615517616272
380,394.35113525390625,784.9573364257812,0.9481046199798584,298.9312744140625,791.4326171875,0.8413873910903931,333.7928161621094,685.343017578125,0.0727204978466034,437.1427001953125,785.55322265625,0.961189866065979,222.089111328125,741.61474609375,0.02177262306213379,378.8193664550781,589.3661499023438,0.046508610248565674,297.4754943847656,518.395751953125,0.9255715608596802,462.17010498046875,420.72412109375,0.26086974143981934,464.1994934082031,421.21307373046875,0.8694461584091187,482.0185852050781,537.7057495117188,0.12717202305793762,492.5294494628906,534.70068359375,0.017341583967208862,127.40422821044922,464.6459045410156,0.03254714608192444,128.9773406982422,465.9486083984375,0.03373277187347412,333.3844299316406,604.4769897460938,0.033917784690856934,186.4011993408203,924.7884521484375,0.08929058909416199
381,394.6882629394531,784.1444091796875,0.9579840898513794,299.53961181640625,789.122802734375,0.8134071826934814,333.5450439453125,684.4605712890625,0.1010349690914154,439.20672607421875,783.9840087890625,0.9529712796211243,222.2216796875,741.4296264648438,0.022010624408721924,378.81488037109375,589.3252563476562,0.036238908767700195,303.5533142089844,517.5504760742188,0.9200432300567627,465.2526550292969,418.392578125,0.24067804217338562,464.5771179199219,419.8950500488281,0.8594619035720825,481.8255920410156,537.633544921875,0.17204567790031433,424.97698974609375,908.1609497070312,0.014163345098495483,127.07513427734375,463.0950012207031,0.03158152103424072,128.5856170654297,464.43145751953125,0.03129333257675171,340.0419921875,604.4234008789062,0.04334622621536255,187.36782836914062,924.166748046875,0.11075571179389954
382,394.48260498046875,784.3506469726562,0.9589493274688721,299.06646728515625,788.4524536132812,0.8120067119598389,333.58880615234375,684.2589721679688,0.07724332809448242,438.3028259277344,784.4165649414062,0.9395462274551392,365.4372863769531,648.6764526367188,0.018973976373672485,379.0180969238281,589.5958251953125,0.032735973596572876,303.56219482421875,517.2117919921875,0.8989555239677429,462.288818359375,418.9246826171875,0.23554077744483948,465.73504638671875,418.1323547363281,0.8502637147903442,481.6493835449219,537.0352783203125,0.19438615441322327,240.02345275878906,558.2531127929688,0.01618504524230957,127.19190216064453,463.3686828613281,0.03050905466079712,128.73550415039062,464.6092224121094,0.028357356786727905,339.8183288574219,604.4189453125,0.04180502891540527,186.1371307373047,924.41162109375,0.08371993899345398
383,394.20989990234375,784.4270629882812,0.9544479846954346,298.5720520019531,788.3800048828125,0.7961235642433167,332.6798095703125,684.5582275390625,0.13125452399253845,438.262451171875,783.3521728515625,0.9363135099411011,220.18678283691406,778.2009887695312,0.019852370023727417,395.9554138183594,571.9609375,0.025195926427841187,298.0399169921875,517.781005859375,0.9037011861801147,461.9111022949219,419.3500671386719,0.24321535229682922,463.86566162109375,419.8683776855469,0.8479960560798645,481.263671875,537.4229125976562,0.23445770144462585,492.0272216796875,534.2310180664062,0.013962775468826294,127.20545196533203,463.3580322265625,0.02863648533821106,332.9078063964844,604.928466796875,0.02865922451019287,340.21087646484375,604.9300537109375,0.04563415050506592,185.5342559814453,924.7789306640625,0.08214902877807617
384,393.9251403808594,783.9404296875,0.9600938558578491,299.2798156738281,787.6784057617188,0.791905403137207,435.91912841796875,735.6060791015625,0.07427486777305603,438.56573486328125,782.8538818359375,0.944185733795166,365.5522155761719,648.5369873046875,0.024617761373519897,396.1027526855469,572.1098022460938,0.02214476466178894,297.90997314453125,517.3827514648438,0.9039133787155151,462.5760803222656,418.5870056152344,0.24530652165412903,464.40838623046875,418.96630859375,0.8373008966445923,480.97357177734375,537.4120483398438,0.13261190056800842,495.8804931640625,514.9931640625,0.013215243816375732,127.18485260009766,463.2261657714844,0.030089348554611206,128.51986694335938,464.5222473144531,0.022631794214248657,340.7105407714844,604.8603515625,0.04893365502357483,186.42543029785156,923.752685546875,0.09603416919708252
385,394.2178649902344,783.8106689453125,0.9609358310699463,298.9110107421875,787.6511840820312,0.8041366338729858,435.84442138671875,735.69091796875,0.08932152390480042,438.18487548828125,783.0120239257812,0.9508904218673706,365.74359130859375,648.6522827148438,0.021978378295898438,395.85968017578125,571.9774169921875,0.02437421679496765,303.3804626464844,516.53662109375,0.9030253887176514,462.317626953125,418.9504089355469,0.2803453207015991,464.0783386230469,419.4417724609375,0.8427660465240479,481.57550048828125,537.563720703125,0.104697585105896,492.4304504394531,539.5201416015625,0.012936294078826904,127.12619018554688,462.8571472167969,0.03090628981590271,128.4069366455078,464.2073059082031,0.02752593159675598,340.80377197265625,605.0805053710938,0.038275450468063354,186.41510009765625,923.9514770507812,0.08244457840919495
386,394.2138366699219,783.5490112304688,0.9604377746582031,299.0483093261719,788.1900024414062,0.8217722773551941,436.1338806152344,735.4882202148438,0.09258586168289185,438.57061767578125,783.0098266601562,0.9569677114486694,365.20965576171875,648.6727905273438,0.05137792229652405,379.1819763183594,588.9615478515625,0.023602008819580078,303.20965576171875,516.856689453125,0.9063708782196045,462.9371032714844,418.9459228515625,0.23454907536506653,464.9795227050781,419.4796447753906,0.830183207988739,480.6136474609375,537.4835815429688,0.12827131152153015,496.33795166015625,514.7725219726562,0.015845775604248047,127.45450592041016,463.2647705078125,0.035875797271728516,128.7977752685547,464.7064514160156,0.023376941680908203,340.9652099609375,605.4812622070312,0.029165059328079224,187.1048126220703,923.2462768554688,0.07330599427223206
387,394.6667175292969,783.4210205078125,0.9684743881225586,300.051513671875,788.0787353515625,0.8071659803390503,436.7995910644531,735.5951538085938,0.10541906952857971,438.5602111816406,782.7781372070312,0.9548587799072266,365.8079528808594,648.1607666015625,0.04756897687911987,379.1276550292969,588.9606323242188,0.02836790680885315,304.255126953125,517.4120483398438,0.9169301986694336,466.7436828613281,418.94024658203125,0.2916164994239807,466.61810302734375,420.4997863769531,0.8186221122741699,481.3528747558594,537.2178955078125,0.11272487044334412,496.87652587890625,514.8753051757812,0.020039647817611694,128.14378356933594,463.1563415527344,0.03493860363960266,129.2882843017578,465.2356872558594,0.02475297451019287,336.43499755859375,607.1439819335938,0.023151308298110962,176.2106170654297,932.8898315429688,0.07868093252182007
388,395.8448791503906,784.1004028320312,0.9652418494224548,300.0734558105469,787.796142578125,0.8002462983131409,437.0935974121094,735.1182250976562,0.07505369186401367,438.53289794921875,784.1968383789062,0.9517639875411987,223.4005584716797,741.67431640625,0.01869550347328186,379.0736083984375,589.167236328125,0.026713818311691284,303.0757751464844,517.97802734375,0.9206104278564453,467.6734619140625,419.30712890625,0.23310348391532898,467.77044677734375,421.22509765625,0.8192431926727295,481.681640625,538.0061645507812,0.09369906783103943,496.98492431640625,514.8745727539062,0.01989862322807312,128.6270294189453,463.783935546875,0.02517116069793701,129.92774963378906,465.7346496582031,0.02495703101158142,344.0621032714844,621.0762329101562,0.019048213958740234,177.01141357421875,932.5497436523438,0.08007821440696716
389,396.2630310058594,784.3948364257812,0.9560854434967041,300.4031982421875,788.3956298828125,0.7992686033248901,437.0467834472656,734.9403686523438,0.06682133674621582,438.66595458984375,784.369873046875,0.9561058282852173,220.88111877441406,770.0089111328125,0.02189195156097412,379.0043640136719,589.1036987304688,0.02094528079032898,303.1894226074219,518.2716674804688,0.9314846396446228,467.662109375,419.7433776855469,0.17182976007461548,467.5226745605469,422.1424255371094,0.8235316276550293,481.54608154296875,537.7135009765625,0.09192559123039246,496.911865234375,515.0486450195312,0.01718991994857788,129.9434051513672,461.80615234375,0.04466244578361511,130.33937072753906,465.710205078125,0.047989219427108765,344.07147216796875,620.8443603515625,0.022300541400909424,187.60081481933594,923.953857421875,0.11225509643554688
390,397.4924621582031,784.0355224609375,0.9606660604476929,300.7999267578125,787.2930908203125,0.7700941562652588,438.01458740234375,733.4129028320312,0.046659499406814575,439.172607421875,783.6437377929688,0.949019730091095,223.55381774902344,742.2276611328125,0.024623095989227295,379.48577880859375,588.9930419921875,0.030901789665222168,303.9807434082031,518.2662353515625,0.9349355697631836,468.8418884277344,419.2957763671875,0.1881169080734253,469.05859375,420.82550048828125,0.8247113823890686,482.409423828125,537.9129028320312,0.09507086873054504,496.9598083496094,515.1939697265625,0.020959019660949707,129.58041381835938,463.953125,0.02160888910293579,130.8330078125,465.65972900390625,0.02046346664428711,344.7065124511719,620.3095092773438,0.01402193307876587,176.81446838378906,933.8427124023438,0.07975491881370544
391,397.725341796875,783.692138671875,0.9547550678253174,300.906494140625,787.0806884765625,0.7455010414123535,442.0375671386719,738.41552734375,0.0401482880115509,440.18804931640625,782.9252319335938,0.9465212821960449,223.70230102539062,742.2680053710938,0.026897579431533813,379.2258605957031,588.906982421875,0.042638540267944336,304.6457824707031,517.7640991210938,0.9234915971755981,468.8790588378906,418.7863464355469,0.22428658604621887,469.3921203613281,420.3381652832031,0.8003481030464172,482.26129150390625,537.3892822265625,0.06648364663124084,497.1811828613281,514.8619995117188,0.024671435356140137,129.35488891601562,464.1374816894531,0.019455045461654663,130.65850830078125,465.7181091308594,0.015960991382598877,344.6349792480469,605.26416015625,0.012057900428771973,188.6597900390625,923.2164306640625,0.07855084538459778
392,398.2505798339844,783.962158203125,0.9566234350204468,300.4118347167969,787.927734375,0.7900227308273315,437.7279357910156,733.54833984375,0.045776426792144775,439.48321533203125,783.8082885742188,0.9509146213531494,223.5304412841797,742.0402221679688,0.026974976062774658,378.87603759765625,589.1854248046875,0.03831055760383606,304.5568542480469,518.4337768554688,0.9405171871185303,468.3320617675781,419.533203125,0.21044450998306274,468.8843994140625,421.29766845703125,0.8271202445030212,482.06915283203125,538.0909423828125,0.07263538241386414,497.6934814453125,514.7482299804688,0.021956145763397217,128.79934692382812,464.43035888671875,0.025363832712173462,130.31338500976562,465.81256103515625,0.02657794952392578,344.6636962890625,620.9181518554688,0.01174938678741455,177.02195739746094,933.461181640625,0.088917076587677
393,398.5173034667969,785.6021118164062,0.957732081413269,300.6958923339844,788.122314453125,0.7847484350204468,438.9143981933594,740.9388427734375,0.03209972381591797,440.564208984375,784.938720703125,0.9580348134040833,384.5031433105469,649.783447265625,0.020603686571121216,380.05670166015625,588.7716064453125,0.031799376010894775,305.9549865722656,518.2703247070312,0.9480265378952026,469.75225830078125,420.2406005859375,0.20670786499977112,470.3951110839844,421.80426025390625,0.8343460559844971,489.91314697265625,538.6516723632812,0.07231175899505615,498.3256530761719,514.1849365234375,0.018718481063842773,131.24603271484375,463.3958435058594,0.039743632078170776,131.8734588623047,466.7841491699219,0.03235125541687012,344.95208740234375,620.0476684570312,0.02078726887702942,188.39207458496094,924.2872314453125,0.10392558574676514
394,397.5702209472656,785.4644775390625,0.9616614580154419,300.76922607421875,788.7573852539062,0.7957426905632019,335.6334533691406,682.4334716796875,0.03644651174545288,440.2846984863281,785.1114501953125,0.956336259841919,221.8911590576172,770.5357666015625,0.020549416542053223,380.61065673828125,588.6975708007812,0.03371015191078186,304.94329833984375,519.1788940429688,0.9468840956687927,470.2119445800781,420.4107360839844,0.19352209568023682,470.66204833984375,421.5472412109375,0.827178955078125,499.63165283203125,540.5667724609375,0.06746914982795715,502.1136474609375,513.8018798828125,0.015260100364685059,130.78773498535156,463.2230224609375,0.06111907958984375,131.7376251220703,464.5743408203125,0.025705158710479736,344.75054931640625,619.9639282226562,0.013280153274536133,188.597900390625,924.2572021484375,0.09882274270057678
395,397.57598876953125,784.9937744140625,0.9560004472732544,300.6635437011719,788.9412231445312,0.802053689956665,438.7550048828125,740.8694458007812,0.03249448537826538,440.9128112792969,785.4547119140625,0.9580802917480469,222.10752868652344,770.4229125976562,0.030218839645385742,380.6097412109375,588.6141967773438,0.050459206104278564,303.8205871582031,519.0682373046875,0.9433183670043945,470.064208984375,421.20428466796875,0.17338761687278748,470.3409118652344,422.4949035644531,0.8136848211288452,489.66485595703125,540.3003540039062,0.0667215883731842,502.051513671875,513.3894653320312,0.017505496740341187,128.9347686767578,469.2182312011719,0.04924306273460388,130.331787109375,475.9787292480469,0.025081753730773926,344.1695556640625,605.2824096679688,0.01200816035270691,188.22988891601562,924.8995971679688,0.08724305033683777
396,398.1112365722656,785.7713623046875,0.9571558833122253,300.6390686035156,789.1903686523438,0.802788496017456,441.8525695800781,740.2380981445312,0.03321719169616699,441.02203369140625,785.4334716796875,0.9567670822143555,222.20953369140625,770.4231567382812,0.028512537479400635,380.56658935546875,588.6145629882812,0.03717702627182007,304.40948486328125,518.9666748046875,0.9440394639968872,469.8413391113281,421.1614990234375,0.1829182505607605,470.14544677734375,422.39599609375,0.8074854612350464,490.1528015136719,540.3621826171875,0.07738387584686279,502.18768310546875,513.956787109375,0.018216192722320557,128.9760284423828,469.328857421875,0.04687950015068054,130.41519165039062,469.6253662109375,0.022946476936340332,344.4393310546875,605.5335083007812,0.021574825048446655,178.26425170898438,936.5310668945312,0.07340562343597412
397,397.13787841796875,786.107421875,0.9517462253570557,300.741455078125,790.2335205078125,0.8303909301757812,334.7337341308594,683.1395263671875,0.049398213624954224,440.0337829589844,786.3920288085938,0.9571416974067688,221.60244750976562,770.7100830078125,0.03523439168930054,276.7491149902344,519.5205078125,0.022925913333892822,303.8685607910156,519.3934936523438,0.9344915151596069,469.6546325683594,421.49951171875,0.1606990396976471,469.8204345703125,422.9383544921875,0.809326171875,482.72857666015625,538.1365966796875,0.06782722473144531,501.50677490234375,513.32666015625,0.019038468599319458,130.12228393554688,463.250244140625,0.07242292165756226,130.6722412109375,466.3381042480469,0.02303105592727661,346.1786804199219,598.8682861328125,0.021640807390213013,187.75828552246094,925.3285522460938,0.1291559636592865
398,396.3802185058594,787.0221557617188,0.943525493144989,300.5008850097656,791.1141967773438,0.843697726726532,335.27850341796875,685.7786254882812,0.10243010520935059,439.9129333496094,785.827880859375,0.9677904844284058,222.05467224121094,770.9692993164062,0.024951159954071045,276.9474182128906,520.1981201171875,0.027383238077163696,303.63165283203125,520.0081787109375,0.9398626089096069,467.1736145019531,424.0544128417969,0.19280153512954712,467.3386535644531,425.7446594238281,0.7912249565124512,483.2967224121094,537.5027465820312,0.0794963538646698,500.7706298828125,512.8583984375,0.022934675216674805,129.9571075439453,463.0951232910156,0.07840049266815186,130.7064208984375,466.52020263671875,0.04082512855529785,343.6064147949219,612.4127197265625,0.014131814241409302,187.83615112304688,925.3157348632812,0.1306665539741516
399,395.63995361328125,785.8895874023438,0.9534044861793518,300.24945068359375,790.389404296875,0.8549017906188965,335.17523193359375,685.0023803710938,0.07070764899253845,439.321533203125,786.1009521484375,0.962774395942688,222.5060272216797,770.94677734375,0.016853034496307373,276.8705749511719,519.3243408203125,0.021309316158294678,303.6302490234375,519.215087890625,0.9333126544952393,469.0299987792969,421.0690612792969,0.16522571444511414,468.94720458984375,422.6520690917969,0.7780032157897949,488.9524841308594,539.269287109375,0.06830158829689026,497.54632568359375,513.605224609375,0.01793605089187622,130.39013671875,463.3428039550781,0.08281752467155457,130.6058349609375,467.0345458984375,0.04262217879295349,344.534912109375,605.09375,0.01544371247291565,187.9678497314453,924.4647216796875,0.14462131261825562
400,395.0099792480469,786.3513793945312,0.9476176500320435,299.6586608886719,790.6520385742188,0.8376489877700806,334.38385009765625,684.7525634765625,0.12453228235244751,438.43280029296875,785.3087768554688,0.964526355266571,221.17616271972656,778.3126831054688,0.02368474006652832,278.811279296875,516.598876953125,0.025351732969284058,302.5230712890625,518.6806640625,0.9384554624557495,467.8995666503906,420.46160888671875,0.1337200403213501,467.8325500488281,422.5816345214844,0.800690770149231,482.3210754394531,537.7073974609375,0.0942152738571167,496.8727111816406,514.5194091796875,0.016859620809555054,128.17669677734375,468.25958251953125,0.047318220138549805,129.9567108154297,466.1653137207031,0.050347208976745605,342.9013977050781,620.3548583984375,0.030235767364501953,186.84701538085938,924.8153686523438,0.11265358328819275
401,394.9312744140625,786.5267944335938,0.9377996921539307,299.73419189453125,790.15576171875,0.8326261043548584,334.439697265625,684.2203369140625,0.12464538216590881,438.754150390625,785.0572509765625,0.959750235080719,243.82106018066406,3.4711406230926514,0.021414190530776978,279.23236083984375,516.7865600585938,0.021832197904586792,302.89990234375,518.8080444335938,0.9425458908081055,467.71112060546875,419.5068664550781,0.14358288049697876,467.75030517578125,421.86383056640625,0.8197370767593384,481.7303771972656,537.5648193359375,0.1045975387096405,496.73956298828125,514.858642578125,0.01987212896347046,128.56884765625,464.2796630859375,0.02844199538230896,130.0320281982422,465.8067321777344,0.031400859355926514,342.8744812011719,620.3878784179688,0.032797276973724365,187.25083923339844,924.5589599609375,0.09060344099998474
402,395.05963134765625,786.4362182617188,0.9425028562545776,299.6205749511719,790.0465698242188,0.8570618033409119,333.97296142578125,684.3328857421875,0.12437474727630615,438.7615966796875,784.36572265625,0.9591533541679382,243.78562927246094,3.374368190765381,0.0232829749584198,279.22039794921875,516.6636962890625,0.023607611656188965,302.7953186035156,518.7095336914062,0.9400359392166138,467.74798583984375,419.3695983886719,0.15705308318138123,467.7915954589844,421.5762634277344,0.8116490840911865,481.7917175292969,537.3320922851562,0.12601891160011292,496.83013916015625,515.143798828125,0.01785755157470703,128.4690399169922,464.4918518066406,0.03110349178314209,129.9598846435547,465.9296875,0.03161308169364929,342.87451171875,620.2133178710938,0.03964686393737793,187.21397399902344,924.6049194335938,0.10308480262756348
403,394.6119079589844,786.1853637695312,0.9507689476013184,299.8055419921875,790.4949340820312,0.8518370389938354,333.7981262207031,684.5203247070312,0.1461838185787201,438.44091796875,785.1150512695312,0.9635615348815918,221.10983276367188,778.0484619140625,0.02329811453819275,279.1770324707031,516.8479614257812,0.024776041507720947,302.7179870605469,519.0011596679688,0.9431396722793579,467.46453857421875,420.4611511230469,0.16103658080101013,467.14642333984375,422.7671813964844,0.799105167388916,482.4969787597656,537.9127807617188,0.10290712118148804,496.8851623535156,514.5568237304688,0.015324294567108154,129.9046630859375,462.0528564453125,0.05173975229263306,130.13796997070312,465.90423583984375,0.06499889492988586,342.7129211425781,620.7927856445312,0.019515961408615112,186.57882690429688,924.9603271484375,0.11461859941482544
404,395.8918762207031,784.5833129882812,0.9594275951385498,300.1300354003906,790.2944946289062,0.8352072834968567,334.6359558105469,684.5568237304688,0.09336215257644653,439.2072448730469,785.1348266601562,0.9613962173461914,243.78890991210938,3.83646297454834,0.019210457801818848,276.8828125,519.5151977539062,0.02474963665008545,303.7226257324219,519.5018310546875,0.9371607303619385,468.6483154296875,421.0948486328125,0.15174680948257446,468.6061096191406,422.849609375,0.8111276626586914,482.9389343261719,537.8719482421875,0.0955093502998352,500.9464416503906,513.3181762695312,0.02158898115158081,130.39378356933594,463.300537109375,0.05198201537132263,130.99240112304688,466.9281005859375,0.041348010301589966,344.16973876953125,605.1004638671875,0.016903609037399292,187.50860595703125,924.360595703125,0.1316574513912201
405,396.4232482910156,784.5947265625,0.9546847343444824,299.9007568359375,790.4010009765625,0.8584699034690857,334.6158447265625,684.5650634765625,0.0625009834766388,439.49249267578125,784.6259765625,0.9634610414505005,222.05955505371094,770.6946411132812,0.022058874368667603,276.9468688964844,519.57177734375,0.025996804237365723,303.6862487792969,519.4993286132812,0.9340720772743225,468.7717590332031,421.25543212890625,0.17237251996994019,468.65740966796875,422.9156799316406,0.790939211845398,482.97930908203125,537.909423828125,0.08990347385406494,500.9789733886719,513.3053588867188,0.022719502449035645,130.34158325195312,462.9976806640625,0.040550559759140015,130.702880859375,466.6122131347656,0.03972926735877991,343.11968994140625,620.39892578125,0.019322961568832397,187.57383728027344,924.3822021484375,0.10060301423072815
406,397.711181640625,784.3677368164062,0.9538212418556213,300.6340026855469,789.1443481445312,0.8197095394134521,335.5400695800781,683.445556640625,0.03692832589149475,440.00958251953125,784.2897338867188,0.9556745290756226,223.6005401611328,748.4969482421875,0.025715678930282593,277.2920227050781,519.6998901367188,0.02591794729232788,304.4599609375,519.2279663085938,0.9494166374206543,469.1214904785156,421.27294921875,0.22089695930480957,469.0530090332031,422.9501647949219,0.8190294504165649,499.1261291503906,540.7062377929688,0.079539954662323,502.0721435546875,513.904541015625,0.017816007137298584,131.20547485351562,463.1152648925781,0.03828543424606323,131.27056884765625,466.2979431152344,0.029256165027618408,344.7214050292969,605.1906127929688,0.017683684825897217,188.30520629882812,924.0181884765625,0.15308985114097595
407,397.6714782714844,785.2960205078125,0.9565722346305847,300.32818603515625,788.1663208007812,0.8214340209960938,438.75262451171875,739.4097900390625,0.03582894802093506,440.68084716796875,783.9570922851562,0.9514645934104919,223.41009521484375,747.5991821289062,0.020534157752990723,277.12213134765625,518.9992065429688,0.034418582916259766,304.823974609375,518.4640502929688,0.9486751556396484,469.4284362792969,420.8309326171875,0.2961156964302063,469.9284973144531,422.2701721191406,0.8228670954704285,483.71734619140625,537.0999755859375,0.12213972210884094,501.94818115234375,514.7488403320312,0.023983091115951538,131.3748321533203,463.4074401855469,0.027843087911605835,131.26397705078125,466.3970947265625,0.019985318183898926,345.04803466796875,620.744384765625,0.012235134840011597,177.16746520996094,933.0230102539062,0.10308605432510376
408,397.9887390136719,784.0283203125,0.9565466046333313,300.0474853515625,788.5690307617188,0.8381497859954834,438.07781982421875,733.1449584960938,0.04109382629394531,440.2104797363281,783.5774536132812,0.9507737159729004,223.40145874023438,742.252197265625,0.020374298095703125,277.18212890625,519.2705078125,0.029356569051742554,305.2220458984375,518.9679565429688,0.9498059749603271,469.76434326171875,420.90606689453125,0.2628921866416931,469.980712890625,422.4595947265625,0.8223309516906738,490.771240234375,539.6776123046875,0.11408844590187073,501.9029235839844,514.8668212890625,0.022541671991348267,131.26744079589844,462.8143005371094,0.03472164273262024,131.45523071289062,465.99383544921875,0.022551506757736206,344.89129638671875,605.2398681640625,0.014223694801330566,177.2003631591797,932.7449951171875,0.10422751307487488
409,397.3885192871094,784.0343017578125,0.9604754447937012,300.47894287109375,788.6577758789062,0.8216874599456787,438.2963562011719,739.9659423828125,0.041331321001052856,439.6661071777344,784.3373413085938,0.954612135887146,223.2679443359375,742.4915771484375,0.025694429874420166,276.90496826171875,519.6141357421875,0.0329054594039917,304.6900329589844,519.1498413085938,0.9416839480400085,469.215087890625,421.6524963378906,0.22273686528205872,469.1850891113281,423.0997314453125,0.8262583017349243,499.357421875,540.5007934570312,0.13859981298446655,501.9577941894531,514.754150390625,0.01925879716873169,131.2335662841797,462.4436950683594,0.03631451725959778,131.39231872558594,465.8188171386719,0.022942930459976196,344.4660339355469,605.4942626953125,0.01218259334564209,188.53466796875,923.7554931640625,0.11714944243431091
410,397.64825439453125,785.6429443359375,0.9507943391799927,300.55169677734375,787.6781616210938,0.7832915782928467,438.1557922363281,739.3197631835938,0.03780001401901245,440.75408935546875,783.2750854492188,0.9397618770599365,223.63421630859375,741.688720703125,0.026160776615142822,276.5624694824219,519.5315551757812,0.027198582887649536,304.59832763671875,517.9082641601562,0.9347590208053589,469.24249267578125,421.0439758300781,0.26475897431373596,469.6358337402344,422.33721923828125,0.8124934434890747,483.74969482421875,537.3828125,0.18545857071876526,501.16082763671875,515.244140625,0.028521090745925903,131.31251525878906,463.0052185058594,0.028277307748794556,131.3715362548828,468.4782409667969,0.01810315251350403,345.8179016113281,604.7545166015625,0.019845157861709595,140.30422973632812,574.9571533203125,0.07115235924720764
411,397.4071960449219,785.51708984375,0.9489881992340088,299.98455810546875,787.8590698242188,0.8102554082870483,438.409423828125,739.6321411132812,0.03437620401382446,440.3104553222656,783.8316650390625,0.9457836151123047,223.94107055664062,741.8672485351562,0.02381882071495056,276.8927917480469,520.0171508789062,0.02850225567817688,304.6470642089844,518.7919311523438,0.9380334615707397,469.99932861328125,421.0556945800781,0.19153454899787903,469.9354248046875,422.53387451171875,0.8298382759094238,499.58917236328125,540.5224609375,0.09877267479896545,502.3656005859375,515.0599975585938,0.024898886680603027,131.39767456054688,463.3548889160156,0.0383722186088562,131.09530639648438,468.79315185546875,0.027903258800506592,344.5263671875,604.8056640625,0.014997214078903198,177.36676025390625,932.689697265625,0.10153725743293762
412,396.94952392578125,786.0691528320312,0.9488949179649353,300.2940673828125,788.4805908203125,0.7881897687911987,438.00006103515625,740.56494140625,0.04192766547203064,439.9851379394531,784.279541015625,0.9544335603713989,223.5379180908203,741.9354858398438,0.021582216024398804,277.05340576171875,519.9208984375,0.025279879570007324,304.9384765625,518.8335571289062,0.9471781253814697,469.8232727050781,421.63568115234375,0.21976032853126526,470.13861083984375,423.1200256347656,0.821325421333313,499.845703125,540.85986328125,0.10224652290344238,502.23394775390625,514.5015869140625,0.02150455117225647,131.79885864257812,463.7245178222656,0.041218191385269165,131.6181182861328,468.98907470703125,0.03074529767036438,344.78662109375,605.0797119140625,0.012997567653656006,187.82012939453125,923.593994140625,0.11076033115386963
413,396.5645751953125,786.2745361328125,0.950526773929596,300.1796875,789.1039428710938,0.804449200630188,437.9186096191406,740.7648315429688,0.040382832288742065,440.3139953613281,784.4076538085938,0.957308828830719,223.6331329345703,741.7718505859375,0.020256459712982178,277.6262512207031,520.2199096679688,0.02917984127998352,305.32513427734375,519.0443115234375,0.9540115594863892,469.7964782714844,421.59722900390625,0.20683586597442627,469.9895324707031,423.1304931640625,0.8236254453659058,500.0035095214844,541.0872192382812,0.08055612444877625,502.1961669921875,514.15283203125,0.02012273669242859,131.18482971191406,462.80328369140625,0.026040464639663696,131.4073944091797,468.5194396972656,0.0200728178024292,344.808349609375,605.2152099609375,0.014065921306610107,187.9048309326172,923.7759399414062,0.13214781880378723
414,397.48681640625,785.8231201171875,0.9527629613876343,300.3789978027344,788.0883178710938,0.801803708076477,437.9140930175781,740.5753784179688,0.0371117889881134,440.20391845703125,783.8422241210938,0.9503617286682129,223.9079132080078,742.09033203125,0.02494436502456665,277.37078857421875,520.2381591796875,0.025032490491867065,305.5894470214844,518.5640869140625,0.9466867446899414,469.9924011230469,421.32269287109375,0.23166215419769287,470.2388000488281,422.8200378417969,0.8162966966629028,499.4999694824219,540.860107421875,0.08929949998855591,502.09637451171875,514.7233276367188,0.021814674139022827,131.98324584960938,463.58331298828125,0.019733428955078125,131.96751403808594,469.0544738769531,0.016489148139953613,345.5142517089844,619.8982543945312,0.016208738088607788,187.81768798828125,923.6340942382812,0.101287841796875
415,398.92572021484375,786.1900634765625,0.9434801340103149,301.0295715332031,788.0107421875,0.7607778310775757,438.39764404296875,740.6133422851562,0.03358939290046692,441.2899475097656,784.5767211914062,0.9532127380371094,243.96519470214844,10.447463989257812,0.023134201765060425,276.9394836425781,520.5498657226562,0.027582138776779175,305.2157897949219,518.7744140625,0.9505763053894043,469.6490478515625,421.65045166015625,0.18876588344573975,470.01153564453125,423.2561340332031,0.8240350484848022,500.28839111328125,540.7755126953125,0.1290399432182312,502.3922424316406,514.6695556640625,0.028425872325897217,131.4964599609375,463.0723876953125,0.012371301651000977,131.74896240234375,468.9237060546875,0.008419901132583618,346.0746154785156,611.7786865234375,0.02114352583885193,188.09364318847656,923.8716430664062,0.12217438220977783
416,398.5852966308594,786.3075561523438,0.9478238821029663,301.16156005859375,788.4115600585938,0.7871358394622803,438.7951965332031,740.5924072265625,0.032390981912612915,441.94744873046875,784.4064331054688,0.9592387676239014,224.7425079345703,742.08642578125,0.025019407272338867,276.55255126953125,520.2590942382812,0.035426169633865356,305.1035461425781,518.8152465820312,0.9493056535720825,469.9799499511719,421.769775390625,0.1716102659702301,470.1039123535156,423.2940673828125,0.8126959204673767,500.4710998535156,540.389404296875,0.12098568677902222,502.4487609863281,514.6217041015625,0.026989102363586426,131.304931640625,463.36395263671875,0.01386326551437378,130.85145568847656,466.25946044921875,0.010771840810775757,345.8287353515625,619.0726318359375,0.030168205499649048,188.36215209960938,923.7013549804688,0.1135023832321167
417,400.1438293457031,784.9345092773438,0.9630715847015381,301.9853210449219,787.2718505859375,0.7449840307235718,340.75445556640625,688.5719604492188,0.027605950832366943,443.443359375,783.4031372070312,0.9455208778381348,225.21218872070312,741.4937133789062,0.02548980712890625,277.6174011230469,520.1900024414062,0.022919893264770508,306.6605529785156,517.6715698242188,0.9503250122070312,472.13568115234375,420.69140625,0.17263081669807434,470.87200927734375,422.6597595214844,0.7977300882339478,500.34674072265625,539.5342407226562,0.130217045545578,502.8551330566406,513.996826171875,0.043283820152282715,474.8298034667969,542.5872192382812,0.008114278316497803,484.0230407714844,415.2195739746094,0.007367610931396484,347.47186279296875,604.6726684570312,0.05963289737701416,188.69683837890625,922.7545166015625,0.057109981775283813
418,399.8675231933594,785.1903076171875,0.9617159366607666,301.21002197265625,788.5374145507812,0.764181911945343,341.14727783203125,688.5114135742188,0.03243747353553772,443.382080078125,783.725830078125,0.9528504610061646,225.11734008789062,741.6241455078125,0.030429482460021973,277.48553466796875,520.4818725585938,0.027987271547317505,306.4316711425781,518.8108520507812,0.9438318610191345,471.9457092285156,421.438720703125,0.18447113037109375,470.5588073730469,423.41107177734375,0.7533888220787048,500.44677734375,539.938232421875,0.11849218606948853,503.01995849609375,514.1995849609375,0.0413115918636322,132.62901306152344,464.2138977050781,0.018984466791152954,133.6522216796875,465.1156311035156,0.008830159902572632,346.3079528808594,611.3429565429688,0.04755920171737671,188.65444946289062,923.5697021484375,0.08513721823692322
419,398.4866027832031,786.4560546875,0.953953742980957,301.1802062988281,789.3611450195312,0.805899977684021,338.9406433105469,684.1478881835938,0.02221781015396118,443.2352600097656,785.2464599609375,0.9558415412902832,222.5459442138672,777.6551513671875,0.033978432416915894,277.88134765625,520.9666748046875,0.0358409583568573,306.9432067871094,519.8203735351562,0.9463675022125244,468.2062072753906,425.10552978515625,0.18526196479797363,468.4261169433594,426.71917724609375,0.7570550441741943,499.7187194824219,540.825439453125,0.09429281949996948,501.96142578125,514.733642578125,0.04338306188583374,131.37265014648438,464.2566223144531,0.0324195921421051,132.31463623046875,464.8605041503906,0.022240489721298218,345.82470703125,612.7215576171875,0.024341613054275513,188.16200256347656,923.9738159179688,0.14086812734603882
420,399.10638427734375,785.2070922851562,0.9639397859573364,301.9210205078125,788.6522827148438,0.7944239377975464,340.2279052734375,688.7859497070312,0.026383161544799805,443.1192321777344,783.8756103515625,0.9574368596076965,224.94244384765625,741.7026977539062,0.02798667550086975,277.9603271484375,520.1467895507812,0.02386978268623352,306.64471435546875,518.6122436523438,0.9489250779151917,470.2703857421875,422.44940185546875,0.185907781124115,470.4931335449219,423.482666015625,0.7545297741889954,500.3874206542969,540.2880859375,0.099337637424469,502.1603088378906,514.2221069335938,0.04158741235733032,132.2997589111328,464.0203552246094,0.02331984043121338,133.1873321533203,464.8368225097656,0.012809574604034424,346.152099609375,606.1585083007812,0.03381192684173584,188.23545837402344,923.587646484375,0.08912059664726257
421,398.57269287109375,784.526123046875,0.9518820643424988,301.1295166015625,788.1693725585938,0.7803292274475098,438.9850769042969,740.6109619140625,0.03616651892662048,441.7786865234375,784.0966186523438,0.9570481777191162,224.6555633544922,742.2421264648438,0.027068525552749634,277.3731994628906,519.7725830078125,0.019566327333450317,306.0326232910156,518.5988159179688,0.956884503364563,470.043212890625,421.2758483886719,0.20195913314819336,470.3520812988281,422.34197998046875,0.7967948317527771,500.0220642089844,540.5292358398438,0.09478577971458435,502.1728210449219,514.2518310546875,0.03923258185386658,131.19525146484375,463.5569763183594,0.01378333568572998,131.9981231689453,464.3177795410156,0.010061889886856079,346.50689697265625,604.8078002929688,0.04664236307144165,188.37449645996094,923.864501953125,0.08819830417633057
422,397.84600830078125,785.9520874023438,0.9591544270515442,301.4153137207031,788.4692993164062,0.8325464725494385,438.6474304199219,740.7869873046875,0.03985100984573364,441.38018798828125,784.08837890625,0.9613296985626221,222.08872985839844,770.2045288085938,0.028668642044067383,277.149169921875,519.785400390625,0.025755196809768677,305.24273681640625,518.9607543945312,0.9530999064445496,469.90606689453125,421.4482727050781,0.19521108269691467,469.8916931152344,422.93658447265625,0.7876768112182617,499.5858459472656,540.516357421875,0.09262573719024658,501.4270935058594,514.6129150390625,0.033084481954574585,131.43942260742188,463.5390319824219,0.02712121605873108,131.21664428710938,468.5491027832031,0.019791215658187866,345.47467041015625,619.88818359375,0.023587286472320557,187.83665466308594,923.9218139648438,0.0995970368385315
423,398.2801818847656,786.1882934570312,0.9541397094726562,301.2607421875,787.8933715820312,0.7783768177032471,438.260498046875,740.1229248046875,0.0460660457611084,440.4023742675781,783.3928833007812,0.9476840496063232,223.68991088867188,742.4342651367188,0.03961914777755737,381.1102600097656,588.8128662109375,0.01644951105117798,304.63018798828125,518.00439453125,0.9405423402786255,471.07366943359375,420.1227111816406,0.19158828258514404,470.1267395019531,422.1366882324219,0.811038613319397,499.4276123046875,540.5722045898438,0.07061699032783508,502.7308349609375,514.880859375,0.021156907081604004,129.94554138183594,465.0584716796875,0.029846221208572388,131.40916442871094,466.5352478027344,0.026601076126098633,345.7104797363281,605.4971923828125,0.03484278917312622,187.67845153808594,923.272216796875,0.07236254215240479
424,399.230712890625,786.1097412109375,0.9513617753982544,301.4996643066406,787.6798095703125,0.7715042233467102,438.4522399902344,740.2284545898438,0.0387687087059021,441.3293151855469,781.9741821289062,0.9359683990478516,223.52146911621094,742.2164306640625,0.031347066164016724,381.0044250488281,588.8041381835938,0.016958177089691162,305.8284606933594,517.301025390625,0.9451233148574829,470.251220703125,419.82574462890625,0.22145304083824158,470.8025207519531,420.8330383300781,0.7808177471160889,483.48614501953125,536.8749389648438,0.10488513112068176,501.79754638671875,514.8084716796875,0.027668744325637817,130.0322723388672,464.91375732421875,0.020848184823989868,131.28318786621094,466.0303955078125,0.01820632815361023,345.2965087890625,605.996826171875,0.031149059534072876,188.42808532714844,922.7744750976562,0.05469629168510437
425,398.1092224121094,786.08203125,0.9574854373931885,301.4366455078125,787.5331420898438,0.8025363087654114,438.5345153808594,739.8832397460938,0.04493987560272217,440.94775390625,782.8801879882812,0.9404021501541138,223.8837432861328,741.817626953125,0.027927011251449585,277.0255126953125,519.1636352539062,0.0209028422832489,305.1948547363281,517.5615844726562,0.9438103437423706,469.47430419921875,420.1432800292969,0.26750802993774414,469.8354797363281,421.47503662109375,0.8137261867523193,482.77227783203125,537.130126953125,0.07182654738426208,497.86578369140625,514.8226318359375,0.031982213258743286,131.71908569335938,463.4155578613281,0.025576770305633545,131.4851837158203,466.3529052734375,0.023627519607543945,345.9449157714844,605.2780151367188,0.028691232204437256,177.18704223632812,933.1986083984375,0.08506238460540771
426,399.07080078125,786.3153076171875,0.9490891098976135,301.53619384765625,788.6111450195312,0.7951027750968933,438.1943664550781,740.7354736328125,0.04333096742630005,440.89678955078125,783.6415405273438,0.9495550990104675,222.1855926513672,770.0045776367188,0.02769795060157776,285.257568359375,515.3113403320312,0.01430821418762207,305.2240295410156,517.9486083984375,0.9467889070510864,469.6056823730469,420.5762634277344,0.19698724150657654,469.8221435546875,421.9396057128906,0.7918256521224976,500.14630126953125,540.2030639648438,0.07595151662826538,498.0722351074219,514.4937744140625,0.02529636025428772,131.34677124023438,463.590576171875,0.01437312364578247,130.8076629638672,466.3628845214844,0.011894404888153076,345.3200988769531,605.5253295898438,0.06392425298690796,187.27330017089844,923.4952392578125,0.07441437244415283
427,398.5809631347656,785.9099731445312,0.955046534538269,301.1486511230469,788.9685668945312,0.7817713022232056,438.67742919921875,740.593017578125,0.04741370677947998,440.5748596191406,783.8272705078125,0.9509230852127075,223.72256469726562,741.915771484375,0.028637319803237915,279.5250549316406,516.5464477539062,0.016665339469909668,305.4630126953125,517.9694213867188,0.9451115131378174,470.1227111816406,420.6903076171875,0.1717541515827179,470.26556396484375,422.1427307128906,0.799020528793335,500.48394775390625,540.2164916992188,0.08351615071296692,498.31689453125,514.0769653320312,0.021319180727005005,131.70408630371094,463.7437744140625,0.017212659120559692,132.8068389892578,464.92236328125,0.01392105221748352,345.63714599609375,605.3283081054688,0.05877023935317993,187.50039672851562,923.6198120117188,0.08052602410316467
428,398.89349365234375,784.3289794921875,0.956190824508667,302.49169921875,787.8063354492188,0.754613995552063,438.959716796875,739.889404296875,0.04334619641304016,442.179443359375,780.9434814453125,0.9520344734191895,225.08120727539062,741.3058471679688,0.022895514965057373,285.3501281738281,515.2137451171875,0.0175512433052063,305.6730651855469,516.7456665039062,0.9325579404830933,469.9376525878906,420.5714416503906,0.15033042430877686,470.4349060058594,421.9197998046875,0.8044262528419495,500.044189453125,539.3714599609375,0.10716789960861206,497.70965576171875,514.90966796875,0.031121820211410522,468.0951843261719,541.4010009765625,0.011845767498016357,131.05218505859375,466.0508728027344,0.00929287075996399,346.00360107421875,605.6207275390625,0.03492751717567444,187.89352416992188,922.903076171875,0.0648091733455658
429,399.4543762207031,784.2904052734375,0.9537842869758606,303.32781982421875,786.6788940429688,0.7234383225440979,442.3963317871094,739.3440551757812,0.04176849126815796,442.37774658203125,779.7581176757812,0.9607909917831421,223.67062377929688,769.5016479492188,0.02713903784751892,231.53237915039062,755.9550170898438,0.020361512899398804,307.1491394042969,516.3555908203125,0.9310307502746582,470.4681091308594,420.61151123046875,0.1735287308692932,471.1524353027344,421.6656188964844,0.7734698057174683,500.36370849609375,538.9363403320312,0.1249723732471466,497.8400573730469,515.3446044921875,0.02802678942680359,468.081787109375,541.5654907226562,0.00917893648147583,341.4656677246094,619.4972534179688,0.010221630334854126,346.5693664550781,606.0344848632812,0.03281274437904358,188.2527618408203,922.2329711914062,0.0788118839263916
430,399.956298828125,783.8968505859375,0.9487558603286743,306.30810546875,785.84228515625,0.7220174074172974,442.7052917480469,739.9265747070312,0.041115760803222656,443.1604919433594,779.8292846679688,0.9556198120117188,252.04107666015625,3.3305630683898926,0.02411264181137085,231.52679443359375,755.5657348632812,0.028035759925842285,307.65118408203125,515.9315185546875,0.9260207414627075,472.3384704589844,418.9355163574219,0.16161173582077026,472.3946228027344,419.570068359375,0.7926409244537354,500.3128662109375,538.7815551757812,0.1700931191444397,504.6358947753906,538.7785034179688,0.02124398946762085,467.5829772949219,541.9891967773438,0.013650715351104736,480.1930236816406,415.1130065917969,0.008350968360900879,346.81341552734375,612.0634765625,0.02822059392929077,188.55593872070312,921.8037719726562,0.04838156700134277
431,399.79925537109375,783.5081176757812,0.942960262298584,303.88983154296875,784.9044189453125,0.7389364242553711,439.383056640625,740.5518188476562,0.04530829191207886,443.90350341796875,777.3624267578125,0.955032229423523,251.88592529296875,3.2743096351623535,0.02524128556251526,232.01773071289062,755.3450317382812,0.023177921772003174,307.626953125,515.8115844726562,0.9431244134902954,471.9209289550781,418.74688720703125,0.155990868806839,470.9789733886719,420.6078186035156,0.7834657430648804,500.6377258300781,538.1577758789062,0.16939428448677063,504.64251708984375,538.2789306640625,0.021167486906051636,467.9480285644531,542.2380981445312,0.010371625423431396,479.6243896484375,415.4930419921875,0.009144127368927002,346.58837890625,606.82470703125,0.023399293422698975,189.2301483154297,921.0042114257812,0.06264278292655945
432,400.20941162109375,783.6939086914062,0.9427924156188965,306.5507507324219,784.7820434570312,0.7193371057510376,439.6248474121094,741.2857055664062,0.056559085845947266,443.81768798828125,777.2100219726562,0.9492895603179932,251.896484375,3.5276360511779785,0.025406628847122192,285.891357421875,514.8810424804688,0.021774649620056152,307.95513916015625,515.9238891601562,0.9308659434318542,472.0821533203125,419.1940002441406,0.14797568321228027,471.0118408203125,421.4522705078125,0.7948981523513794,500.6537170410156,537.9472045898438,0.21714195609092712,504.6658935546875,538.069091796875,0.02908584475517273,467.7790222167969,541.87841796875,0.010586917400360107,479.7596740722656,416.2275390625,0.006837993860244751,346.1164245605469,612.6707153320312,0.019470661878585815,188.20843505859375,917.0374145507812,0.07691535353660583
433,400.0351867675781,783.8071899414062,0.9464157819747925,303.60467529296875,785.0300903320312,0.6925190687179565,439.3621520996094,740.6809692382812,0.04778873920440674,443.5124816894531,778.2222290039062,0.9640740752220154,251.90025329589844,3.113750457763672,0.023105323314666748,231.83187866210938,755.439697265625,0.01740896701812744,308.2999572753906,516.068603515625,0.9252213835716248,472.1752014160156,419.3853454589844,0.15372097492218018,470.927734375,421.6853332519531,0.7777731418609619,500.4676208496094,538.2254028320312,0.19349399209022522,504.7525329589844,538.3895263671875,0.023224681615829468,467.61541748046875,541.5774536132812,0.012658238410949707,480.5731201171875,415.6426696777344,0.0064255595207214355,346.87322998046875,612.57763671875,0.03315821290016174,187.53639221191406,917.31298828125,0.055615752935409546
434,399.89923095703125,783.8588256835938,0.9426857829093933,306.8470458984375,784.62744140625,0.7043917179107666,439.197509765625,741.2889404296875,0.04684510827064514,443.58935546875,777.9494018554688,0.9592823386192322,251.75709533691406,3.2039337158203125,0.022681891918182373,292.0547790527344,508.4395446777344,0.01805439591407776,308.28076171875,516.0111694335938,0.9341566562652588,471.8722229003906,419.63995361328125,0.1758786141872406,470.5657653808594,422.0179748535156,0.7927142381668091,501.04736328125,538.2405395507812,0.22887226939201355,504.7980651855469,538.4771118164062,0.02897578477859497,467.7413330078125,542.3738403320312,0.010375142097473145,479.81317138671875,416.2629699707031,0.005662709474563599,346.74066162109375,612.5473022460938,0.027960985898971558,189.31222534179688,917.0763549804688,0.06128212809562683
435,400.040283203125,783.5324096679688,0.9395565986633301,306.7420959472656,784.8696899414062,0.7136216759681702,439.2414245605469,741.1532592773438,0.05455589294433594,443.71453857421875,777.30712890625,0.9570130109786987,251.85678100585938,3.238436460494995,0.022746920585632324,291.9927673339844,508.22271728515625,0.019382089376449585,308.3236083984375,515.930908203125,0.93161541223526,471.8352966308594,419.622314453125,0.17046624422073364,470.5888671875,421.8779296875,0.8008511066436768,500.8887939453125,538.2091674804688,0.21436259150505066,504.5397644042969,538.5307006835938,0.028837203979492188,467.797607421875,542.38525390625,0.010333776473999023,479.62567138671875,416.1532287597656,0.005598872900009155,346.7048645019531,612.4447631835938,0.030717462301254272,189.0454864501953,917.3455810546875,0.04138535261154175
436,399.8497009277344,783.2777709960938,0.9402647018432617,307.150390625,784.9473876953125,0.7271205186843872,439.5522766113281,740.6754760742188,0.05193549394607544,444.0100402832031,777.109619140625,0.949195921421051,244.06536865234375,2.8036177158355713,0.023021787405014038,286.2920837402344,514.9680786132812,0.020150721073150635,309.0655212402344,515.9479370117188,0.9297780394554138,471.7746887207031,419.7082214355469,0.1791888177394867,470.5520324707031,422.01251220703125,0.7896867990493774,500.5675048828125,538.4408569335938,0.2625783681869507,504.8511657714844,538.81591796875,0.032181620597839355,467.4800109863281,542.659423828125,0.009600549936294556,479.6766357421875,416.3135070800781,0.0046701133251190186,346.9426574707031,612.3975830078125,0.020743876695632935,192.2978973388672,916.7747192382812,0.042283475399017334
437,399.8122253417969,783.0208129882812,0.9423592686653137,307.0812072753906,784.913818359375,0.7350185513496399,439.2359924316406,740.8452758789062,0.05699688196182251,443.8243103027344,777.260498046875,0.9542344808578491,252.12387084960938,3.305786609649658,0.025146692991256714,277.39910888671875,519.8760375976562,0.017423301935195923,309.3287658691406,515.8601684570312,0.9341400265693665,471.6473388671875,419.6827697753906,0.15063941478729248,470.5758056640625,421.94024658203125,0.8027366399765015,500.8003234863281,538.8956909179688,0.25070104002952576,505.0566101074219,539.40966796875,0.029290080070495605,467.3351745605469,542.6843872070312,0.008819252252578735,479.3161926269531,416.23785400390625,0.006056159734725952,346.92620849609375,612.77587890625,0.022121340036392212,189.49807739257812,916.9844360351562,0.0517614483833313
438,400.2896423339844,783.0631713867188,0.9451529383659363,307.44512939453125,784.7015380859375,0.7095921039581299,439.444580078125,741.5204467773438,0.045581161975860596,443.9602355957031,777.6499633789062,0.9508645534515381,252.1988067626953,3.0439114570617676,0.025093436241149902,277.4097900390625,519.953125,0.022332370281219482,309.77777099609375,515.81787109375,0.9330726265907288,472.62310791015625,419.35015869140625,0.18878749012947083,472.8865966796875,420.1290283203125,0.8131204843521118,500.8949279785156,538.6544799804688,0.2958570122718811,504.7579040527344,539.1285400390625,0.031864672899246216,467.7852478027344,542.4893188476562,0.010789185762405396,480.1298522949219,416.25067138671875,0.005636781454086304,347.2174987792969,612.8399047851562,0.019685834646224976,192.17726135253906,917.0323486328125,0.046703040599823
439,400.3650207519531,784.2443237304688,0.9492983818054199,306.5053405761719,785.9817504882812,0.6832777857780457,439.5446472167969,741.0189819335938,0.051547080278396606,443.62158203125,778.5360107421875,0.9596729278564453,252.18606567382812,3.555424213409424,0.02411028742790222,421.185791015625,681.8765869140625,0.017875105142593384,309.7265930175781,516.3184814453125,0.9232933521270752,472.78729248046875,420.1595458984375,0.18909421563148499,473.02532958984375,421.01361083984375,0.7992449402809143,500.6357421875,538.8232421875,0.2507602572441101,504.811767578125,539.42431640625,0.019215643405914307,474.824462890625,542.9462890625,0.0096760094165802,480.35565185546875,416.5094299316406,0.005120754241943359,346.9671630859375,612.106689453125,0.03538277745246887,189.3877410888672,921.4228515625,0.05525177717208862
440,400.51922607421875,783.8546752929688,0.950324296951294,303.6697692871094,785.8592529296875,0.7148547172546387,439.6620178222656,741.0863647460938,0.046002089977264404,444.0755920410156,778.6277465820312,0.949212908744812,244.00424194335938,3.1305012702941895,0.02333223819732666,277.1349792480469,520.7487182617188,0.021307051181793213,309.74371337890625,516.3167114257812,0.934665322303772,472.8277893066406,420.2697448730469,0.22302678227424622,473.1228332519531,421.0093994140625,0.7915689945220947,501.04718017578125,539.21142578125,0.20470383763313293,505.054443359375,539.8031616210938,0.02136734127998352,474.8043212890625,543.0275268554688,0.007835626602172852,343.61444091796875,613.517578125,0.005986958742141724,347.61199951171875,611.6056518554688,0.058898597955703735,189.19500732421875,921.2673950195312,0.04744845628738403
441,401.4837951660156,784.1168823242188,0.9563689231872559,307.0124816894531,786.896484375,0.7569981813430786,439.9364929199219,741.900390625,0.050497740507125854,444.8656005859375,779.9253540039062,0.9481748342514038,244.10548400878906,2.7746031284332275,0.017950832843780518,277.782470703125,520.7891845703125,0.02568221092224121,309.53265380859375,517.15087890625,0.9418283700942993,473.29010009765625,420.407958984375,0.21823707222938538,473.4793395996094,421.2659912109375,0.7793715000152588,500.8746032714844,538.7750244140625,0.24357935786247253,504.14117431640625,534.4478759765625,0.027653098106384277,140.55947875976562,463.1116027832031,0.013938069343566895,140.8391876220703,464.86737060546875,0.007961481809616089,347.7745361328125,613.09814453125,0.06780442595481873,188.14129638671875,921.9923095703125,0.032625943422317505
442,400.4581604003906,785.6323852539062,0.9570371508598328,303.4166259765625,788.540283203125,0.7206932306289673,439.61224365234375,742.12451171875,0.05112531781196594,443.5466003417969,781.2464599609375,0.9486058950424194,251.92506408691406,3.067689895629883,0.02651798725128174,426.6923522949219,684.5254516601562,0.01946312189102173,308.9921569824219,517.6578979492188,0.9487018585205078,472.5566101074219,423.9287109375,0.17191952466964722,470.20068359375,425.58563232421875,0.7589431405067444,501.501708984375,538.9388427734375,0.2054901421070099,504.4642028808594,539.1904296875,0.035001784563064575,139.69076538085938,463.4504089355469,0.025037437677383423,139.87599182128906,465.247314453125,0.00882527232170105,347.29107666015625,612.2908935546875,0.07851922512054443,143.02059936523438,574.4852905273438,0.03281897306442261
443,401.44207763671875,785.8235473632812,0.9576482772827148,302.919921875,788.2919311523438,0.7263027429580688,439.2237243652344,742.5896606445312,0.03806811571121216,444.21630859375,783.10791015625,0.942931056022644,252.2306365966797,3.6849188804626465,0.02331724762916565,426.81304931640625,684.2015380859375,0.021634280681610107,308.3938903808594,518.0764770507812,0.9369302988052368,472.2624816894531,424.27130126953125,0.15757563710212708,469.68499755859375,426.2063903808594,0.7556261420249939,501.4961242675781,539.2330322265625,0.14068278670310974,504.6069030761719,539.5752563476562,0.0344415009021759,139.455322265625,463.04180908203125,0.036873459815979004,139.5493927001953,464.8140563964844,0.013030260801315308,347.0288391113281,612.4954223632812,0.07326197624206543,189.38270568847656,922.825439453125,0.034606873989105225
444,400.2533874511719,785.3778686523438,0.9585843086242676,303.26580810546875,788.0696411132812,0.7282127141952515,439.5184326171875,741.7114868164062,0.048933982849121094,443.65936279296875,780.7166748046875,0.9502846598625183,252.1551971435547,3.9099154472351074,0.02412116527557373,285.583251953125,516.0723876953125,0.01567816734313965,308.24615478515625,517.8084106445312,0.9342142343521118,472.8715515136719,421.08349609375,0.1726548671722412,473.0933837890625,422.04345703125,0.7688941955566406,501.12908935546875,539.27392578125,0.2110925018787384,504.4931945800781,539.573974609375,0.025301039218902588,474.5981140136719,542.2854614257812,0.009742319583892822,342.5576477050781,613.7968139648438,0.00951889157295227,347.3243408203125,611.9782104492188,0.10705322027206421,142.974853515625,574.6784057617188,0.048083364963531494
445,400.0426025390625,784.6778564453125,0.9564669132232666,302.5373229980469,787.4451293945312,0.7123494744300842,438.8343200683594,740.9217529296875,0.0591663122177124,443.0855712890625,779.4918212890625,0.9572162628173828,252.28652954101562,3.2278807163238525,0.022309094667434692,285.54815673828125,515.8817749023438,0.020668476819992065,307.9161682128906,517.580810546875,0.9306939244270325,472.31890869140625,420.3000793457031,0.17419937252998352,472.59033203125,420.9705810546875,0.8064403533935547,501.04351806640625,538.8831176757812,0.19752666354179382,504.88018798828125,539.1690673828125,0.014572709798812866,474.71728515625,542.2392578125,0.00811910629272461,343.6415710449219,613.3914794921875,0.008298218250274658,347.3193359375,611.3780517578125,0.11059367656707764,142.78543090820312,574.3440551757812,0.04743844270706177
446,398.4952697753906,783.90283203125,0.9514983892440796,302.7454528808594,787.600830078125,0.7664242386817932,438.6798400878906,740.452392578125,0.03970831632614136,441.9536437988281,779.9205322265625,0.9588364362716675,252.4154815673828,3.180851697921753,0.021155625581741333,284.7855529785156,515.6407470703125,0.02200871706008911,305.4893493652344,517.40185546875,0.9373302459716797,471.9505615234375,420.3987731933594,0.1852685809135437,472.5027770996094,420.96282958984375,0.8109873533248901,501.2994079589844,538.87939453125,0.19457882642745972,504.1550598144531,514.4450073242188,0.027648568153381348,468.0739440917969,541.6525268554688,0.011074036359786987,341.3939208984375,619.556640625,0.023565441370010376,346.5427551269531,612.2398681640625,0.05044710636138916,188.85084533691406,923.3589477539062,0.0884217917919159
447,398.39117431640625,782.9459228515625,0.9464510679244995,302.4354553222656,785.5234375,0.7419899702072144,439.0329895019531,740.2789306640625,0.055205315351486206,442.30841064453125,779.2786865234375,0.9637848734855652,223.36752319335938,770.2603759765625,0.031796038150787354,231.59017944335938,755.9402465820312,0.02048349380493164,307.0289611816406,515.9046020507812,0.9180775284767151,470.0576477050781,420.1294860839844,0.1863439381122589,472.023681640625,420.139404296875,0.8105170726776123,500.3804626464844,538.76904296875,0.16080334782600403,497.9529113769531,515.0621337890625,0.018629759550094604,475.659912109375,542.7192993164062,0.00947311520576477,341.00775146484375,619.5924072265625,0.009900510311126709,346.9288024902344,605.7025146484375,0.06553754210472107,188.9801483154297,922.0433349609375,0.0704876184463501
448,398.94366455078125,783.1976318359375,0.9336220026016235,302.410400390625,785.433837890625,0.7256389856338501,439.1288757324219,740.4683227539062,0.05402463674545288,442.6112365722656,778.5602416992188,0.9649543762207031,222.90414428710938,769.9215698242188,0.037365883588790894,231.75779724121094,755.9589233398438,0.022400498390197754,307.16015625,515.837158203125,0.9085708856582642,471.8357849121094,419.2003479003906,0.1789931356906891,472.12066650390625,419.8087463378906,0.8030993938446045,500.4581298828125,538.5884399414062,0.16767245531082153,498.2265625,515.2354125976562,0.018144577741622925,475.4810485839844,542.7183227539062,0.010919272899627686,479.42962646484375,416.20428466796875,0.008803009986877441,347.0710144042969,605.9681396484375,0.0477428138256073,188.7045440673828,922.1478271484375,0.08704933524131775
449,399.3096923828125,783.1028442382812,0.9540728330612183,302.0406188964844,785.2055053710938,0.7631417512893677,438.7244873046875,739.66064453125,0.057653725147247314,441.65203857421875,779.1063232421875,0.9650719165802002,222.30496215820312,769.490234375,0.029436111450195312,231.377197265625,756.634765625,0.024203836917877197,306.83148193359375,515.9933471679688,0.9346796274185181,470.1568908691406,419.9665832519531,0.18170785903930664,471.9988708496094,420.2669982910156,0.8095170855522156,500.2710876464844,538.566162109375,0.17032697796821594,497.9893798828125,515.1505126953125,0.02094617486000061,468.0289611816406,541.9173583984375,0.011370450258255005,340.0558776855469,620.1151733398438,0.011310577392578125,346.2265625,612.3853759765625,0.055165231227874756,188.31063842773438,921.783935546875,0.08200496435165405
450,398.8164978027344,782.8255004882812,0.9332714080810547,302.60565185546875,784.9723510742188,0.7493284344673157,438.91473388671875,740.5181884765625,0.054724156856536865,442.7956848144531,777.6300659179688,0.9626991748809814,223.29843139648438,769.5169677734375,0.03449806571006775,231.80323791503906,755.8131713867188,0.02434062957763672,308.2495422363281,515.7753295898438,0.9286636114120483,471.9233093261719,418.29071044921875,0.1671537160873413,471.9222412109375,419.2490539550781,0.8143556714057922,500.4041748046875,539.1627197265625,0.1166616678237915,498.17510986328125,520.8251953125,0.018175214529037476,475.20703125,542.8076782226562,0.009694218635559082,479.37213134765625,415.766357421875,0.007928967475891113,346.35760498046875,611.1041259765625,0.054453134536743164,187.49447631835938,917.317626953125,0.08532363176345825
451,399.3294677734375,783.6015625,0.9424475431442261,302.7584533691406,785.7101440429688,0.6920974254608154,439.03125,740.9291381835938,0.05550217628479004,442.6366882324219,778.5394287109375,0.9700033664703369,223.9830780029297,769.8069458007812,0.023578524589538574,231.3770751953125,755.5210571289062,0.021933943033218384,307.5539245605469,516.5930786132812,0.9322836399078369,471.7750549316406,419.4916687011719,0.1544513702392578,470.709228515625,421.737548828125,0.7891745567321777,500.70294189453125,538.4661254882812,0.23227080702781677,504.79296875,538.8441772460938,0.016834259033203125,468.21148681640625,541.9150390625,0.010947555303573608,479.4404296875,416.3507385253906,0.008217692375183105,346.79888916015625,611.3348999023438,0.0706266462802887,188.35496520996094,922.5012817382812,0.07421109080314636
452,399.4698791503906,784.2847290039062,0.9449658989906311,302.9617004394531,786.6860961914062,0.6924859881401062,438.8182067871094,740.9618530273438,0.043100953102111816,442.7757263183594,779.5352172851562,0.9628115892410278,224.81324768066406,770.1442260742188,0.024992048740386963,231.29623413085938,755.9910278320312,0.01641067862510681,306.9511413574219,517.1103515625,0.9405752420425415,472.4640197753906,420.3404846191406,0.18953588604927063,472.7486877441406,420.9425354003906,0.795878529548645,500.50115966796875,539.0760498046875,0.16068914532661438,503.9500427246094,514.2512817382812,0.01876804232597351,467.1698913574219,541.9050903320312,0.009329169988632202,340.2967529296875,619.2288818359375,0.01629355549812317,346.6946105957031,611.49755859375,0.09340283274650574,189.1210174560547,922.4984741210938,0.08679753541946411
453,399.5183410644531,783.9036254882812,0.9463268518447876,306.46966552734375,785.496337890625,0.6837324500083923,439.35247802734375,741.7040405273438,0.06472328305244446,443.0308837890625,778.3928833007812,0.9679960012435913,252.10581970214844,3.779665231704712,0.021942079067230225,277.16741943359375,520.5472412109375,0.019180119037628174,308.5014343261719,516.0096435546875,0.9308739304542542,472.112060546875,420.1482238769531,0.1930498480796814,472.139404296875,421.0094299316406,0.801103949546814,500.8226623535156,538.7281494140625,0.20483943819999695,504.0061950683594,534.4231567382812,0.019490987062454224,467.9002380371094,542.6539306640625,0.00917479395866394,347.1512145996094,611.5167846679688,0.010180473327636719,347.53955078125,610.6661376953125,0.07189679145812988,188.76895141601562,917.1001586914062,0.048997730016708374
454,400.4415283203125,782.659423828125,0.9390772581100464,307.522705078125,783.39208984375,0.6986182928085327,439.8884582519531,740.2314453125,0.05396723747253418,445.00347900390625,776.6748046875,0.9666808843612671,379.9464111328125,651.7766723632812,0.02666911482810974,278.0313720703125,519.3980712890625,0.017991214990615845,309.3354187011719,514.4701538085938,0.9246981143951416,473.1790771484375,418.4830322265625,0.20171687006950378,473.4599304199219,419.1684265136719,0.8269580602645874,500.591796875,538.0997924804688,0.26441437005996704,505.58306884765625,539.1292114257812,0.029828906059265137,468.2467041015625,542.5777587890625,0.008861184120178223,139.762939453125,461.637451171875,0.007980436086654663,348.5126037597656,605.0693969726562,0.06980818510055542,187.31689453125,911.7930297851562,0.06986826658248901
455,399.6304626464844,780.3494262695312,0.9401889443397522,307.3459167480469,780.5552978515625,0.7192819118499756,440.6950988769531,738.795654296875,0.06234291195869446,445.3039855957031,775.7545166015625,0.9705438613891602,226.24130249023438,769.682373046875,0.03732958436012268,277.52093505859375,518.7515258789062,0.02097591757774353,309.0643005371094,513.3668212890625,0.9302318096160889,472.7152099609375,417.6914367675781,0.17275774478912354,472.6546325683594,418.7498474121094,0.8562051653862,499.9983825683594,537.91259765625,0.2571825087070465,505.0246276855469,538.7405395507812,0.032467782497406006,468.3027038574219,542.8095703125,0.00986778736114502,134.69822692871094,456.4674072265625,0.005760163068771362,347.9851989746094,604.3552856445312,0.04047834873199463,186.8749542236328,911.2014770507812,0.09904876351356506
456,401.010009765625,778.94970703125,0.9274831414222717,307.7198486328125,779.78076171875,0.7265611290931702,440.9206237792969,737.8211669921875,0.05459153652191162,445.6535949707031,774.4318237304688,0.9745482206344604,226.26589965820312,769.6221923828125,0.03079858422279358,278.05841064453125,517.9164428710938,0.04071938991546631,311.5034484863281,506.8262634277344,0.8606239557266235,473.462646484375,416.38458251953125,0.1903139054775238,473.3871765136719,417.3803405761719,0.8564785122871399,500.7777099609375,537.552978515625,0.23401093482971191,505.3782653808594,533.3237915039062,0.0383048951625824,139.1096649169922,447.9857177734375,0.01734110713005066,139.51480102539062,448.3306884765625,0.008196622133255005,348.5440673828125,604.6953735351562,0.03221812844276428,187.66143798828125,910.2689819335938,0.11333426833152771
457,400.9744873046875,779.411865234375,0.9260411262512207,303.82513427734375,778.951904296875,0.7198473215103149,440.9198303222656,738.4260864257812,0.045833438634872437,445.7061462402344,774.8558349609375,0.9703096151351929,226.19134521484375,770.0997924804688,0.029854238033294678,278.5621643066406,518.9622802734375,0.03924998641014099,309.4625244140625,512.48974609375,0.8882415294647217,473.60888671875,416.8293762207031,0.19746288657188416,473.6160583496094,417.92596435546875,0.8479946851730347,500.49774169921875,536.8466186523438,0.2379474639892578,505.44476318359375,532.622314453125,0.035023391246795654,139.1319122314453,448.19036865234375,0.012879669666290283,139.71371459960938,448.6917724609375,0.008384019136428833,348.6722412109375,605.1986694335938,0.03724914789199829,187.37937927246094,910.0794067382812,0.14321249723434448
458,400.6907958984375,779.589599609375,0.9129986763000488,307.3701171875,779.994873046875,0.7535814642906189,343.9180908203125,676.1201782226562,0.03815352916717529,446.0758972167969,775.4154663085938,0.9715772867202759,226.0350799560547,770.337890625,0.03741872310638428,278.3548278808594,519.2291259765625,0.028395533561706543,309.0284118652344,512.9846801757812,0.8917676210403442,473.0081787109375,418.0086364746094,0.17131385207176208,473.266845703125,419.1371765136719,0.8596360683441162,500.4993591308594,538.5505981445312,0.17769181728363037,506.1271667480469,539.8504638671875,0.024968385696411133,139.9412078857422,453.4747314453125,0.011588513851165771,140.13775634765625,449.1202087402344,0.006895303726196289,348.64007568359375,605.6329956054688,0.02314990758895874,187.36984252929688,910.3032836914062,0.135130375623703
459,401.4309387207031,776.0242309570312,0.9167330265045166,304.8378601074219,777.215576171875,0.7453377842903137,441.6560974121094,736.8938598632812,0.03535225987434387,446.10498046875,773.8233032226562,0.9637730121612549,225.68728637695312,769.4878540039062,0.031095266342163086,278.6686706542969,518.0882568359375,0.030665099620819092,313.9840393066406,504.881103515625,0.8958278894424438,473.416748046875,416.7600402832031,0.184799462556839,473.4596252441406,417.9796447753906,0.8641583323478699,500.57318115234375,532.6700439453125,0.1925039291381836,505.52294921875,533.2425537109375,0.035387516021728516,139.28025817871094,448.3392333984375,0.022951602935791016,139.81698608398438,448.6558532714844,0.01164257526397705,349.8382568359375,598.7279663085938,0.04053598642349243,188.86865234375,908.6754150390625,0.13153505325317383
460,401.3810119628906,775.2308959960938,0.9201543927192688,304.31494140625,776.7930908203125,0.7116547226905823,441.8458251953125,736.740478515625,0.031271010637283325,446.1521911621094,773.6616821289062,0.9563291668891907,225.57752990722656,769.7163696289062,0.025510519742965698,277.5874328613281,518.024658203125,0.027002304792404175,313.5675354003906,504.72003173828125,0.8927978277206421,474.0716247558594,415.8890380859375,0.19610318541526794,476.8727722167969,415.6664733886719,0.8383239507675171,500.49359130859375,537.9288940429688,0.14550262689590454,506.2227478027344,533.4016723632812,0.022552400827407837,139.55374145507812,448.1410827636719,0.01509973406791687,480.6299743652344,414.9857177734375,0.006834626197814941,349.619384765625,598.8021240234375,0.03374511003494263,189.08834838867188,908.787109375,0.1823810636997223
461,401.34405517578125,776.0771484375,0.9241595268249512,304.40557861328125,777.990234375,0.7568643093109131,343.8623962402344,674.1560668945312,0.04311069846153259,446.04132080078125,773.8334350585938,0.96185302734375,225.9205322265625,769.5242919921875,0.028766751289367676,278.460693359375,518.2933959960938,0.03379666805267334,313.6709289550781,505.2331848144531,0.879432737827301,473.3894348144531,416.89306640625,0.18353793025016785,473.6021728515625,418.06707763671875,0.8362364768981934,500.30523681640625,537.44873046875,0.17843741178512573,504.481201171875,527.08349609375,0.03177535533905029,139.4344024658203,448.4395751953125,0.023335814476013184,140.00027465820312,448.8830871582031,0.009941905736923218,349.32025146484375,598.596923828125,0.018553555011749268,188.13697814941406,909.2776489257812,0.1801544427871704
462,400.8305969238281,775.8234252929688,0.9239275455474854,303.7991027832031,777.5128173828125,0.7536697387695312,344.31658935546875,675.2755126953125,0.033302873373031616,445.6236267089844,773.7537841796875,0.9573507905006409,225.09263610839844,769.2774047851562,0.02871847152709961,277.7967834472656,517.8710327148438,0.030538856983184814,313.93890380859375,504.78912353515625,0.8938019275665283,473.4293212890625,416.6806335449219,0.18753531575202942,473.56298828125,417.7232666015625,0.8476343154907227,500.3511657714844,537.6744995117188,0.18823334574699402,505.2661437988281,533.13427734375,0.032234519720077515,138.90003967285156,447.7717590332031,0.01724293828010559,139.46595764160156,448.0460205078125,0.007284581661224365,349.2601013183594,598.722900390625,0.03137972950935364,188.65501403808594,909.186767578125,0.2035934329032898
463,400.93121337890625,776.1862182617188,0.9128525257110596,304.06939697265625,777.2237548828125,0.7518651485443115,441.5378112792969,737.3572998046875,0.032837241888046265,445.5057678222656,773.7307739257812,0.9521706104278564,225.41775512695312,769.595947265625,0.02688777446746826,278.18023681640625,518.2861328125,0.032175034284591675,314.7798767089844,504.910400390625,0.9047355651855469,473.28594970703125,416.3076477050781,0.1963925063610077,473.3734130859375,417.361572265625,0.8491339683532715,500.5789794921875,532.6090698242188,0.17403730750083923,505.56756591796875,532.9493408203125,0.03387635946273804,138.8157196044922,448.04168701171875,0.0190487802028656,139.30230712890625,448.2505187988281,0.008114874362945557,349.28521728515625,598.306640625,0.02491992712020874,188.32057189941406,909.446533203125,0.16833850741386414
464,400.8774719238281,776.2282104492188,0.9108579158782959,303.682373046875,777.1367797851562,0.7730538845062256,343.9764404296875,675.4022216796875,0.03525727987289429,445.5955810546875,773.84375,0.9557360410690308,225.55093383789062,769.38330078125,0.02349892258644104,278.1381530761719,517.73828125,0.0292242169380188,314.34027099609375,504.99176025390625,0.9097755551338196,473.27557373046875,415.94537353515625,0.16461965441703796,473.3302001953125,417.1596374511719,0.8552339673042297,500.2540588378906,532.5904541015625,0.1541861891746521,505.5876770019531,532.8917846679688,0.023977726697921753,138.5957794189453,447.3573303222656,0.015061140060424805,479.77374267578125,415.0920104980469,0.00525665283203125,349.44207763671875,598.0422973632812,0.030055582523345947,188.04310607910156,909.6114501953125,0.18804478645324707
465,400.0218200683594,777.0028686523438,0.9262659549713135,303.9974365234375,778.8452758789062,0.7669719457626343,441.5901794433594,737.1983642578125,0.04100346565246582,445.42755126953125,774.636962890625,0.9562337398529053,225.0580596923828,769.3488159179688,0.03371870517730713,277.7823486328125,517.4429931640625,0.026984691619873047,311.7456359863281,506.95428466796875,0.900888979434967,472.8504333496094,416.1431884765625,0.1749388873577118,472.9267578125,417.20709228515625,0.8446595072746277,500.06488037109375,537.8197021484375,0.20619025826454163,504.95782470703125,533.01220703125,0.025491684675216675,138.1461944580078,447.893310546875,0.017805397510528564,479.76873779296875,415.10406494140625,0.006305903196334839,347.88531494140625,604.1405639648438,0.03591609001159668,186.85992431640625,910.4269409179688,0.1941431760787964
466,400.4581604003906,778.4815063476562,0.9304982423782349,306.95782470703125,779.8550415039062,0.751953125,441.5591125488281,737.7078247070312,0.04422447085380554,445.9321594238281,774.6548461914062,0.9656124114990234,225.31686401367188,769.62353515625,0.031046956777572632,277.6343994140625,517.6497192382812,0.032378584146499634,311.77783203125,506.9073791503906,0.8989648818969727,470.28497314453125,417.53594970703125,0.2091791033744812,471.1024475097656,419.13751220703125,0.8245623707771301,500.49554443359375,538.0963134765625,0.18041202425956726,504.6625061035156,533.2604370117188,0.023814499378204346,138.27304077148438,447.93377685546875,0.019661247730255127,134.46414184570312,450.051513671875,0.0065625011920928955,349.18060302734375,598.6030883789062,0.021234452724456787,187.62091064453125,910.055419921875,0.21908676624298096
467,400.5043029785156,779.5469970703125,0.9361547231674194,307.21356201171875,780.3259887695312,0.7620840072631836,344.0538635253906,676.1328125,0.042336881160736084,445.8293762207031,775.4168701171875,0.9644834995269775,225.04965209960938,769.52197265625,0.04286545515060425,278.0830993652344,517.8563842773438,0.028305023908615112,312.6022033691406,507.2984619140625,0.8830783367156982,469.3589782714844,418.8087463378906,0.12001815438270569,471.5893249511719,419.3728332519531,0.8319005370140076,500.5007019042969,537.4252319335938,0.18844354152679443,499.2790222167969,527.7646484375,0.025362014770507812,138.37258911132812,448.206787109375,0.009031623601913452,480.0365905761719,415.5717468261719,0.008389651775360107,347.67791748046875,610.5894775390625,0.01722857356071472,187.22010803222656,910.8563842773438,0.19586536288261414
468,399.5630798339844,780.2494506835938,0.9340460300445557,307.1021423339844,780.6367797851562,0.7298970818519592,440.7527770996094,738.3617553710938,0.04265812039375305,445.3277893066406,775.3345336914062,0.9624330997467041,224.06727600097656,770.1068115234375,0.03862184286117554,277.72674560546875,518.4918212890625,0.019891470670700073,308.89373779296875,512.07763671875,0.9021822810173035,469.0677795410156,419.73626708984375,0.11674058437347412,470.3211975097656,421.5646057128906,0.8196240663528442,499.9285583496094,537.6080322265625,0.24281993508338928,498.48004150390625,527.9935302734375,0.029263198375701904,138.2333984375,448.615966796875,0.012151151895523071,483.4156188964844,414.8692932128906,0.01261243224143982,347.5004577636719,604.4100952148438,0.03493231534957886,186.4235076904297,911.28564453125,0.13601979613304138
469,399.8844909667969,780.1589965820312,0.9438315629959106,307.2428283691406,780.5153198242188,0.7315959334373474,443.8163757324219,738.0098876953125,0.04355207085609436,445.9788513183594,775.562744140625,0.9623753428459167,224.0469207763672,769.4696044921875,0.031159698963165283,277.72998046875,518.009033203125,0.02545982599258423,308.7025451660156,511.3426208496094,0.8966456055641174,469.5512390136719,419.22186279296875,0.11783453822135925,472.1941223144531,419.3502197265625,0.8240364193916321,500.3760070800781,538.2163696289062,0.23566323518753052,499.1371154785156,528.0848999023438,0.030193418264389038,468.94793701171875,541.9921875,0.011415570974349976,480.88714599609375,415.38323974609375,0.012979328632354736,347.58319091796875,604.6196899414062,0.037702977657318115,186.9835968017578,910.9385375976562,0.16754326224327087
470,398.617431640625,780.7060546875,0.9223788976669312,305.60491943359375,780.1748046875,0.7453848719596863,438.93768310546875,740.2250366210938,0.04694974422454834,444.4495849609375,775.5379638671875,0.9599445462226868,222.9345703125,769.6116333007812,0.04274466633796692,277.32635498046875,517.6615600585938,0.02407887578010559,308.0199890136719,511.5907287597656,0.8925859928131104,468.03045654296875,419.60150146484375,0.14678362011909485,468.5982666015625,422.2172546386719,0.8575108051300049,499.6144104003906,538.1683349609375,0.1016727089881897,504.14984130859375,533.3748779296875,0.02219003438949585,475.380859375,527.341064453125,0.012534886598587036,479.0032653808594,415.8500671386719,0.00835445523262024,347.8348388671875,604.427001953125,0.04620286822319031,185.673828125,911.0382080078125,0.1123470664024353
471,400.0567626953125,779.8467407226562,0.934975266456604,305.11273193359375,780.1770629882812,0.7653434872627258,443.5812683105469,738.0904541015625,0.046917498111724854,445.5770263671875,775.0133056640625,0.9630279541015625,222.71762084960938,769.4055786132812,0.0520571768283844,277.77947998046875,517.160888671875,0.03664976358413696,307.8948059082031,511.4888916015625,0.8775604963302612,463.15155029296875,422.22491455078125,0.059491127729415894,467.8404235839844,423.32427978515625,0.8359346985816956,499.853271484375,538.9328002929688,0.0841970145702362,498.91204833984375,527.1199340820312,0.011854201555252075,474.3933410644531,526.5780639648438,0.01404261589050293,474.7911682128906,525.56396484375,0.008855700492858887,347.30474853515625,610.0582275390625,0.03244534134864807,186.99496459960938,910.4992065429688,0.14854469895362854
472,397.1028137207031,780.4169921875,0.9373291730880737,304.0498962402344,780.6373291015625,0.8310394287109375,439.5322570800781,737.1131591796875,0.05376821756362915,442.90960693359375,774.6805419921875,0.9598541855812073,222.01255798339844,762.629638671875,0.04397165775299072,279.4781799316406,507.8621826171875,0.042181938886642456,306.0548400878906,511.99169921875,0.836905300617218,463.2916259765625,422.0091857910156,0.07610100507736206,467.67120361328125,423.4771423339844,0.8295729756355286,499.27923583984375,538.8522338867188,0.10638830065727234,504.8531494140625,539.5064086914062,0.013627797365188599,467.8641357421875,542.4176025390625,0.012786120176315308,474.38934326171875,525.234619140625,0.012753725051879883,347.08026123046875,617.51904296875,0.015942633152008057,185.4341278076172,910.9619750976562,0.09026375412940979
473,395.2218017578125,781.0936279296875,0.9386663436889648,303.9683837890625,780.0708618164062,0.83089679479599,337.7171936035156,671.47119140625,0.07216912508010864,442.6632080078125,775.7546997070312,0.9567080736160278,220.81045532226562,762.5596313476562,0.06727957725524902,279.3688659667969,508.1623229980469,0.024124562740325928,304.47918701171875,513.3226318359375,0.8413553833961487,463.50323486328125,420.74725341796875,0.09214556217193604,467.11431884765625,422.019287109375,0.8614782094955444,495.2459411621094,538.9885864257812,0.08339875936508179,248.15953063964844,546.6041870117188,0.010584235191345215,474.3384094238281,526.3152465820312,0.0159720778465271,130.69175720214844,448.4022216796875,0.012130290269851685,377.0440673828125,440.717041015625,0.007848024368286133,180.83029174804688,915.6732788085938,0.06616142392158508
474,394.1979064941406,782.9707641601562,0.9469852447509766,301.2068176269531,781.7582397460938,0.843508780002594,437.5345764160156,732.9242553710938,0.05734795331954956,442.1578674316406,776.6204223632812,0.9625499248504639,220.20982360839844,762.7319946289062,0.05991658568382263,279.2127380371094,507.6982116699219,0.023263752460479736,304.3874816894531,514.0300903320312,0.8567340970039368,467.42523193359375,420.69580078125,0.10607171058654785,467.6363220214844,422.5140380859375,0.8562400341033936,481.9928894042969,536.8071899414062,0.09570673108100891,247.89849853515625,546.9132690429688,0.014986246824264526,444.8525695800781,540.93896484375,0.017673760652542114,479.57275390625,415.5700988769531,0.00889924168586731,345.28167724609375,603.6732788085938,0.01879829168319702,179.7841033935547,916.5494995117188,0.07374298572540283
475,393.3320617675781,781.925537109375,0.9575225114822388,300.81402587890625,783.1344604492188,0.8540552854537964,437.0074462890625,738.0147705078125,0.08172830939292908,438.96331787109375,777.76318359375,0.9646912217140198,220.30308532714844,762.8538208007812,0.044940054416656494,278.88446044921875,507.9879455566406,0.013851314783096313,303.9701843261719,515.5767822265625,0.8827772736549377,467.23699951171875,421.978759765625,0.12226954102516174,467.1839294433594,424.1678466796875,0.8455709218978882,498.72039794921875,539.3692626953125,0.08675962686538696,247.70643615722656,547.3656005859375,0.021395325660705566,475.62078857421875,526.1987915039062,0.016626477241516113,340.95941162109375,606.2987060546875,0.011252820491790771,344.6426696777344,603.2020263671875,0.017895042896270752,179.16331481933594,916.63720703125,0.05530589818954468
476,394.6661376953125,781.6267700195312,0.9591606259346008,301.5757141113281,783.1315307617188,0.8629937171936035,438.1391296386719,737.2999267578125,0.06393033266067505,440.6910705566406,777.65625,0.9650880694389343,220.25985717773438,763.2560424804688,0.05868580937385559,279.8997497558594,509.0179748535156,0.022026479244232178,305.0162048339844,515.6414184570312,0.8942333459854126,467.6255798339844,421.8575134277344,0.1271948218345642,467.890869140625,424.3398742675781,0.8573980331420898,481.650146484375,537.972412109375,0.08276554942131042,248.61282348632812,548.0864868164062,0.014138102531433105,475.1281433105469,526.3006591796875,0.009331732988357544,346.19024658203125,605.990966796875,0.009983927011489868,345.59686279296875,603.710693359375,0.023025602102279663,179.1351318359375,921.8814697265625,0.07984116673469543
477,395.0451965332031,781.526123046875,0.9576833844184875,302.5458679199219,781.630615234375,0.8314499855041504,438.6798400878906,737.1336059570312,0.0668741762638092,441.826416015625,775.4869384765625,0.9606151580810547,221.7161865234375,762.1351928710938,0.06903192400932312,279.61871337890625,507.91485595703125,0.028511226177215576,307.4565124511719,511.6258544921875,0.8672620058059692,468.11590576171875,420.45428466796875,0.09479653835296631,468.6260681152344,422.5628662109375,0.8573683500289917,496.350341796875,538.813232421875,0.08855873346328735,248.51751708984375,546.3908081054688,0.018946290016174316,473.53607177734375,526.8408813476562,0.010651588439941406,473.8736877441406,525.6715087890625,0.011174589395523071,347.0730895996094,602.9927368164062,0.022358179092407227,184.52960205078125,911.7513427734375,0.07619458436965942
